23.890619219314267
24.420959724578083
15.84817482881435
23.977045822558953
18.141633985524585
24.305564579574742
24.240698286244307
24.241849998714805
23.80843239289709
10.009226799322978
23.80843239289709
10.009226799322978
24.420959724578083
23.80843239289709
23.171557985823046
23.80843239289709
23.80843239289709
23.784396249973724
22.87607713248215
24.85166962680566
23.80843239289709
23.977045822558953
11.350621364038494
24.420959724578083
23.80843239289709
24.026683068731188
24.305564579574742
23.38370461878279
23.80843239289709
10.009226799322978
23.854045787567987
24.240698286244307
18.22097823807097
23.171557985823046
23.80843239289709
23.854045787567987
24.574693906110138
23.854045787567987
18.141633985524585
24.396924246040335
24.050719543847364
23.80843239289709
24.420959724578083
21.788277229759093
23.80843239289709
24.026683068731188
24.82763414826791
23.977045822558953
13.886892868530806
23.80843239289709
20.09389126375275
18.187247380195483
15.84817482881435
23.327595592296095
24.081932380226927
19.786005002134303
23.784396249973724
23.784396249973724
17.017173616539164
23.80843239289709
22.830463737811247
24.420959724578083
20.311431046974544
24.396924246040335
10.009226799322978
23.953010344021205
9.374057537940038
23.977045822558953
22.87607713248215
23.830009644644623
22.830463737811247
13.841279473859908
23.784396249973724
19.638108444843397
24.420959724578083
24.300199665701502
23.784396249973724
22.636592692265527
24.420959724578083
24.168933677032026
23.80843239289709
24.420959724578083
18.141633985524585
24.281528104458566
24.240698286244307
24.050719543847364
23.830009644644623
23.38370461878279
24.574693906110138
24.72331564030416
21.21620799253854
23.80843239289709
23.854045787567987
21.93894161753866
14.084971800394321
24.420959724578083
23.854045787567987
23.80843239289709
24.305564579574742
14.163360998613427
11.350621364038494
24.240698286244307
13.841279473859908
24.420959724578083
18.22184193937564
10.009226799322978
23.977045822558953
22.830463737811247
23.854045787567987
22.830463737811247
23.80843239289709
14.388174143398976
24.050719543847364
23.240597617419088
23.854045787567987
24.240698286244307
23.38370461878279
23.38370461878279
10.009226799322978
12.830161298315186
24.240698286244307
23.977045822558953
23.784396249973724
23.854045787567987
23.80843239289709
23.854045787567987
13.917983790149284
19.854943314923457
24.574693906110138
23.854045787567987
13.872370395478386
18.141633985524585
20.97962359554876
22.830463737811247
2.0681945618965902
23.80843239289709
10.009226799322978
24.420959724578083
22.87607713248215
10.054839529608255
22.830463737811247
13.886892868530806
11.237472506812916
24.240698286244307
24.82763414826791
13.886892868530806
24.420959724578083
24.420959724578083
23.977045822558953
23.888640678940952
24.420959724578083
24.220134554758527
24.220134554758527
24.420959724578083
21.51135632087714
24.420959724578083
21.24791812155391
10.009226799322978
19.045616990273906
23.80843239289709
24.420959724578083
22.249939861396395
23.91273661657003
24.240698286244307
24.050719543847364
24.420959724578083
23.854045787567987
20.51014413491137
23.784396249973724
23.80843239289709
16.36746626904176
23.38370461878279
14.856470665441769
23.784396249973724
24.420959724578083
23.977045822558953
24.396924246040335
12.784548900222717
24.037489300823857
16.80811338697238
24.420959724578083
23.80843239289709
23.854045787567987
18.29708460730327
23.854045787567987
23.830009644644623
22.96260737988339
22.93476762929138
24.420959724578083
16.899154812726483
23.80843239289709
23.977045822558953
23.80843239289709
23.977045822558953
24.324236473010487
23.38370461878279
19.146449799087687
23.977045822558953
23.38370461878279
21.788277229759093
22.830463737811247
23.80843239289709
23.830009644644623
23.854045787567987
21.31271332562311
23.91273661657003
11.046226781040584
23.132260573038955
24.050719543847364
24.13639074064327
10.054839529608255
23.80843239289709
24.084752697179486
22.87607713248215
14.357084218358926
24.237560392965875
20.877115538396723
14.357084218358926
15.84817482881435
24.084752697179486
24.420959724578083
24.037489300823857
24.237560392965875
23.80843239289709
23.80843239289709
21.788277229759093
24.324236473010487
21.73045774249634
23.38370461878279
23.38370461878279
23.854045787567987
19.200789566671045
24.420959724578083
13.917983790149284
23.854045787567987
22.99907783185873
23.072750556568714
23.80843239289709
24.110228563739177
18.141633985524585
23.977045822558953
24.420959724578083
23.59672491883149
23.80843239289709
23.854045787567987
23.854045787567987
24.396924246040335
24.85166962680566
13.841279473859908
23.80843239289709
18.187247380195483
21.95689165599939
23.80843239289709
23.830009644644623
23.38370461878279
23.38370461878279
23.830009644644623
23.91273661657003
23.327595592296095
18.878759863995807
23.854045787567987
14.357084218358926
23.80843239289709
23.80843239289709
23.830009644644623
23.38370461878279
22.929950833553793
12.520065954513642
24.420959724578083
24.216663139899367
13.886892868530806
23.939846871752405
18.907894834352017
10.525029882857945
10.009226799322978
10.009226799322978
24.050719543847364
13.917983790149284
24.284204581924616
24.420959724578083
23.80843239289709
23.977045822558953
13.872370395478386
23.38370461878279
23.854045787567987
23.80843239289709
23.87173605125169
24.420959724578083
24.420959724578083
24.420959724578083
17.062787011210062
23.80843239289709
23.80843239289709
23.80843239289709
23.80843239289709
18.501302462286137
15.84817482881435
23.80843239289709
23.854045787567987
23.977045822558953
22.830463737811247
10.009226799322978
24.237560392965875
24.324236473010487
15.84817482881435
22.249939861396395
6.745366339727054
24.420959724578083
6.745366339727054
24.050719543847364
22.096998291907784
23.80843239289709
23.854045787567987
23.80843239289709
10.009226799322978
23.80843239289709
24.420959724578083
24.240698286244307
23.38370461878279
18.907894834352017
23.38370461878279
14.163360998613427
22.532285146664492
22.87607713248215
24.420959724578083
24.305564579574742
24.31644920917045
20.525046636537848
23.262729963351276
23.80843239289709
22.830463737811247
22.99907783185873
24.420959724578083
17.017173616539164
13.841279473859908
24.050719543847364
20.662281133415405
24.13639074064327
24.420959724578083
10.009226799322978
23.38370461878279
23.80843239289709
24.026683068731188
13.926392918928684
23.977045822558953
19.179550487203574
23.784396249973724
23.80843239289709
21.51135632087714
24.168933677032026
23.327595592296095
24.420959724578083
23.854045787567987
23.15842241775024
24.050719543847364
23.38370461878279
23.977045822558953
10.054839529608255
23.854045787567987
24.420959724578083
23.106784706479267
24.050719543847364
22.830463737811247
23.91273661657003
23.854045787567987
24.060717218641738
24.420959724578083
20.05950498946414
23.888640678940952
13.47465820159576
24.420959724578083
22.93476762929138
23.38370461878279
23.80843239289709
24.420959724578083
22.99907783185873
24.420959724578083
23.80843239289709
13.872370395478386
18.187247380195483
22.87607713248215
12.573477907580099
23.38370461878279
19.463925138344834
23.38370461878279
15.84817482881435
23.38370461878279
13.872370395478386
24.050719543847364
23.327595592296095
20.3018090822477
22.830463737811247
12.573477907580099
23.830009644644623
24.420959724578083
14.275489027335444
24.396924246040335
24.420959724578083
22.830463737811247
24.396924246040335
15.584496786282667
12.784548900222717
23.784396249973724
23.977045822558953
23.80843239289709
13.872370395478386
27.160333248406193
23.854045787567987
21.89258245001046
23.80843239289709
28.03250879164696
22.830463737811247
23.80843239289709
23.977045822558953
23.90107332702888
24.305564579574742
23.784396249973724
16.899154812726483
23.977045822558953
20.569204362317567
23.80843239289709
23.784396249973724
24.51773513041677
23.80843239289709
21.788277229759093
23.80843239289709
23.854045787567987
23.38370461878279
23.977045822558953
23.38370461878279
24.396924246040335
24.420959724578083
10.525029882857945
22.204326466725497
13.872370395478386
19.262213345916752
22.91235125850708
23.784396249973724
18.245938209197526
14.57925011864566
7.954552816965388
23.977045822558953
23.854045787567987
24.420959724578083
23.38370461878279
10.009226799322978
22.308630690398438
13.132410580149418
22.830463737811247
19.638108444843397
23.80843239289709
23.854045787567987
24.420959724578083
23.80843239289709
24.240698286244307
23.80843239289709
24.420959724578083
23.262729963351276
22.91067235604792
21.788277229759093
21.788277229759093
23.59672491883149
22.87607713248215
23.888640678940952
20.956267119113605
23.80843239289709
19.238351936411174
13.841279473859908
13.841279473859908
23.977045822558953
23.977045822558953
23.949688748119126
22.99907783185873
23.888640678940952
23.977045822558953
23.977045822558953
22.830463737811247
23.854045787567987
23.977045822558953
17.445547206737604
23.977045822558953
23.80843239289709
24.281528104458566
22.97058797993855
24.168933677032026
20.201293849759793
24.574693906110138
23.91273661657003
23.888700805839473
24.050719543847364
13.886892868530806
23.888700805839473
24.305564579574742
22.204326466725497
23.977045822558953
23.80843239289709
22.249939861396395
24.0521247194315
24.050719543847364
24.396924246040335
23.80843239289709
22.87607713248215
24.050719543847364
24.014456047992336
24.420959724578083
24.14489853068709
15.244330352787772
23.830009644644623
24.420959724578083
24.305564579574742
23.80843239289709
21.788277229759093
20.464530740240473
21.7175939081417
22.701458653403154
13.841279473859908
24.420959724578083
24.420959724578083
13.917983790149284
24.026683068731188
24.420959724578083
24.55065743099396
23.59672491883149
18.77010756863947
20.877115538396723
22.249939861396395
23.977045822558953
23.784396249973724
21.077058071921467
10.009226799322978
10.009226799322978
24.420959724578083
10.054839529608255
18.95852600141024
14.321102422006343
23.784396249973724
24.420959724578083
23.854045787567987
23.80843239289709
23.80843239289709
23.80843239289709
23.854045787567987
23.784396249973724
23.80843239289709
24.420959724578083
20.877115538396723
23.784396249973724
24.420959724578083
24.050719543847364
24.060717218641738
24.048697818408815
24.050719543847364
13.917983790149284
24.050719543847364
10.081525242380106
24.420959724578083
23.854045787567987
23.784396249973724
24.396924246040335
23.854045787567987
24.396924246040335
21.788277229759093
23.91273661657003
21.95689165599939
24.420959724578083
23.59672491883149
22.830463737811247
23.854045787567987
23.977045822558953
23.80843239289709
21.95689165599939
21.465742926206243
23.854045787567987
24.305564579574742
19.924778548298224
23.830009644644623
23.59672491883149
23.59672491883149
23.91273661657003
23.830009644644623
23.80843239289709
23.949688748119126
23.854045787567987
22.816854130599303
20.858954557501974
24.284204581924616
23.89577152978944
23.80843239289709
23.80843239289709
24.396924246040335
20.616667738744507
16.719247491927618
17.878832932009953
23.830009644644623
13.99956403249634
23.977045822558953
24.218566604697738
22.94499916782363
23.80843239289709
23.925652273002953
21.24791812155391
23.80843239289709
23.80843239289709
24.420959724578083
21.148238021789048
23.247564365019684
23.963883014675773
10.009226799322978
22.972266882397705
23.91273661657003
24.084752697179486
12.830161298315186
23.80843239289709
19.661608760765056
24.13639074064327
23.888640678940952
24.026683068731188
14.633677917323531
24.420959724578083
21.95689165599939
24.420959724578083
18.883751393151183
10.009226799322978
13.872370395478386
22.133037889809216
23.876655826760217
13.349922126982406
16.55221662881016
23.854045787567987
23.80843239289709
24.396924246040335
19.924778548298224
17.370124822500042
24.420959724578083
18.971640973528856
23.854045787567987
24.420959724578083
26.300684696011242
10.009226799322978
22.87607713248215
23.80843239289709
23.830009644644623
24.73534899263508
23.784396249973724
23.80843239289709
21.066963729019538
19.371979815956113
23.891544044095884
23.80843239289709
21.788277229759093
23.80843239289709
24.084752697179486
23.854045787567987
24.420959724578083
22.204326466725497
18.971640973528856
23.91273661657003
23.09781450404464
20.464530740240473
23.854045787567987
14.178219318596238
19.20470412673806
23.91131150941732
23.953010344021205
23.784396249973724
24.420959724578083
24.420959724578083
23.784396249973724
23.953010344021205
20.78528183279199
23.854045787567987
23.977045822558953
24.574693906110138
23.94265722292068
13.872370395478386
23.80843239289709
21.289644528160977
23.80843239289709
18.971640973528856
20.877115538396723
20.51014413491137
20.97962359554876
21.411889488895977
18.698139989620593
24.284204581924616
6.745366339727054
23.89577152978944
10.009226799322978
21.025236990219657
10.009226799322978
23.80843239289709
24.084752697179486
22.308630690398438
22.204326466725497
10.009226799322978
12.784548900222717
14.321102422006343
10.054839529608255
23.80843239289709
24.168933677032026
24.420959724578083
22.93476762929138
22.830463737811247
24.420959724578083
21.202304726883007
23.854045787567987
13.982535829081947
17.017173616539164
17.017173616539164
23.854045787567987
24.420959724578083
21.89258245001046
18.883751393151183
21.025236990219657
23.854045787567987
21.788277229759093
10.009226799322978
23.175224065668562
23.80843239289709
24.050719543847364
24.574693906110138
16.764860886598516
23.80843239289709
24.081932380226927
10.009226799322978
23.888700805839473
24.63338440291937
19.189626891693795
23.977045822558953
23.854045787567987
24.168933677032026
23.977045822558953
24.420959724578083
23.80843239289709
23.80843239289709
24.420959724578083
24.420959724578083
22.064598530619918
24.420959724578083
23.854045787567987
22.830463737811247
24.284204581924616
24.420959724578083
23.97173206637837
13.841279473859908
18.808217392129635
14.810857270770871
23.072750556568714
24.420959724578083
24.420959724578083
24.084752697179486
11.350621364038494
10.009226799322978
21.025236990219657
13.841279473859908
23.854045787567987
22.830463737811247
23.80843239289709
21.699436581367856
24.396924246040335
24.420959724578083
21.51135632087714
24.420959724578083
22.249939861396395
24.026683068731188
23.784396249973724
10.009226799322978
24.420959724578083
23.888700805839473
23.80843239289709
20.196150176297667
24.220134554758527
20.464530740240473
21.083927819221696
23.80843239289709
13.841279473859908
13.841279473859908
23.784396249973724
10.009226799322978
23.854045787567987
13.886892868530806
24.284204581924616
23.854045787567987
24.281528104458566
23.854045787567987
19.723064430520473
23.784396249973724
13.57694800807196
24.396924246040335
21.788277229759093
23.784396249973724
24.13639074064327
24.420959724578083
22.35499052231226
20.877115538396723
24.216663139899367
21.066963729019538
23.80843239289709
16.899154812726483
23.854045787567987
24.109410040656595
22.830463737811247
23.854045787567987
13.841279473859908
23.38370461878279
24.284204581924616
23.80843239289709
23.854045787567987
23.80843239289709
24.050719543847364
22.204326466725497
23.80843239289709
25.97371927257262
13.99956403249634
20.97962359554876
23.80843239289709
23.854045787567987
23.830009644644623
23.977045822558953
24.420959724578083
21.465742926206243
24.420959724578083
23.38370461878279
24.574693906110138
20.877115538396723
13.872370395478386
23.80843239289709
23.91273661657003
22.87607713248215
23.854045787567987
23.977045822558953
23.854045787567987
23.75738100193486
23.75738100193486
23.80843239289709
23.854045787567987
23.867508565558136
24.050719543847364
21.462006421485114
21.57546787214442
23.830009644644623
23.59672491883149
23.80843239289709
13.98113098569062
22.249939861396395
23.854045787567987
23.830009644644623
23.854045787567987
24.420959724578083
23.80843239289709
24.050719543847364
24.168933677032026
24.55065743099396
23.784396249973724
23.977045822558953
24.420959724578083
13.841279473859908
18.74375338429149
24.63338440291937
19.20470412673806
23.854045787567987
23.80843239289709
24.574693906110138
23.89826530121027
6.763174864050937
13.315614914582456
24.084752697179486
22.022861826035754
23.854045787567987
25.625682194842508
23.80843239289709
19.262213345916752
23.963883014675773
22.87607713248215
17.599218271635856
23.15842241775024
23.80843239289709
23.309559848090522
24.305564579574742
20.525046636537848
22.99907783185873
21.083927819221696
14.425738506295962
24.420959724578083
12.784548900222717
23.977045822558953
24.284204581924616
23.830009644644623
24.420959724578083
23.953010344021205
18.808217392129635
23.80843239289709
21.24791812155391
23.80843239289709
22.204326466725497
23.91273661657003
24.420959724578083
24.420959724578083
24.050719543847364
24.240698286244307
23.854045787567987
18.076198645911496
23.91273661657003
24.420959724578083
23.38370461878279
23.80843239289709
13.437712713902851
22.830463737811247
21.788277229759093
18.808217392129635
24.284204581924616
24.050719543847364
23.80843239289709
23.977045822558953
22.87607713248215
23.784396249973724
19.349541520446387
23.247564365019684
24.420959724578083
24.050719543847364
10.009226799322978
22.917803539089217
23.784396249973724
23.09781450404464
20.51014413491137
24.168933677032026
10.009226799322978
23.854045787567987
23.854045787567987
23.80843239289709
23.830009644644623
23.80843239289709
12.784548900222717
24.420959724578083
23.80843239289709
22.87607713248215
10.054839529608255
23.784396249973724
23.80843239289709
22.816854130599303
23.80843239289709
18.509235226576727
18.83144232021223
23.80843239289709
22.400805225825707
23.91273661657003
23.80843239289709
22.816854130599303
23.953010344021205
22.249939861396395
24.124692238664316
22.37293989638736
17.445547206737604
24.55065743099396
24.300199665701502
23.072750556568714
24.420959724578083
24.05789623730356
22.894247414775563
23.854045787567987
23.830009644644623
21.788277229759093
22.816854130599303
24.574693906110138
23.784396249973724
23.80843239289709
23.80843239289709
19.243144482073667
13.841279473859908
21.833890624429994
24.420959724578083
24.420959724578083
23.80843239289709
23.830009644644623
13.841279473859908
22.816854130599303
23.977045822558953
17.583092968277654
16.719247491927618
18.136327205393005
20.955375181420127
22.99907783185873
18.74375338429149
13.886892868530806
24.101382269222494
23.998538697332876
10.009226799322978
24.305564579574742
22.87607713248215
23.072750556568714
23.830009644644623
22.87607713248215
21.745884776568996
24.050719543847364
23.949688748119126
23.80843239289709
23.830009644644623
23.854045787567987
24.420959724578083
23.854045787567987
23.939846871752405
14.900148372611778
21.71841708192361
23.80843239289709
23.949688748119126
12.64576040538237
24.026683068731188
24.284204581924616
13.917983790149284
23.784396249973724
13.872370395478386
23.925652273002953
10.009226799322978
24.149526973101697
24.125418079953047
10.009226799322978
24.396924246040335
22.816854130599303
23.784396249973724
22.400805225825707
24.420959724578083
24.420959724578083
23.953010344021205
23.80843239289709
23.784396249973724
24.420959724578083
19.983469045107455
24.574693906110138
20.877115538396723
23.91273661657003
24.284204581924616
24.284204581924616
23.964543746173845
24.420959724578083
13.99956403249634
23.80843239289709
24.14489853068709
24.6790898149985
23.977045822558953
23.953010344021205
23.854045787567987
13.886892868530806
24.396924246040335
5.511665029726882
23.784396249973724
24.396924246040335
24.420959724578083
24.050719543847364
23.888640678940952
23.80843239289709
24.55065743099396
23.80843239289709
24.050719543847364
14.810857270770871
17.57783867460997
21.21620799253854
24.420959724578083
24.084752697179486
24.240698286244307
23.854045787567987
18.4192362218588
24.081932380226927
7.642055719151239
23.784396249973724
23.854045787567987
20.201293849759793
23.854045787567987
24.420959724578083
24.420959724578083
21.202304726883007
23.854045787567987
22.161193555763056
6.980685082112686
21.833890624429994
23.953010344021205
23.854045787567987
23.854045787567987
21.202304726883007
23.953010344021205
23.784396249973724
21.24791812155391
23.977045822558953
23.784396249973724
15.05472233756622
24.420959724578083
20.97962359554876
23.977045822558953
23.854045787567987
21.51135632087714
21.18460981249997
24.530920859603807
23.925652273002953
20.706816894612324
23.91273661657003
24.284204581924616
23.80843239289709
23.977045822558953
22.87607713248215
23.953010344021205
20.662281133415405
20.83237481423635
23.854045787567987
21.545951212250106
23.854045787567987
23.59672491883149
13.917983790149284
24.420959724578083
18.32566548005325
23.80843239289709
24.420959724578083
23.854045787567987
19.246402961341943
23.442991401685052
23.80843239289709
20.239666437762263
23.977045822558953
13.841279473859908
23.80843239289709
22.87607713248215
24.396924246040335
24.574693906110138
24.420959724578083
23.80843239289709
10.009226799322978
21.51136130376928
23.211856295542123
22.204326466725497
24.220134554758527
24.420959724578083
22.204326466725497
23.830009644644623
24.420959724578083
24.420959724578083
22.816854130599303
13.872370395478386
22.28540941643675
23.977045822558953
23.854045787567987
13.841279473859908
23.80843239289709
23.80843239289709
21.795383498339675
23.784396249973724
23.80843239289709
23.80843239289709
23.830009644644623
21.202304726883007
24.025413095620515
20.616667738744507
20.201293849759793
24.574693906110138
18.74375338429149
23.80843239289709
23.854045787567987
24.216663139899367
21.02904790613011
23.59672491883149
22.400805225825707
24.71131351409733
10.054839529608255
24.574693906110138
23.854045787567987
21.833890624429994
20.891065643238395
22.816854130599303
24.420959724578083
22.816854130599303
23.80843239289709
14.183006216980973
23.91273661657003
13.841279473859908
23.784396249973724
24.420959724578083
22.830463737811247
23.854045787567987
22.830463737811247
23.854045787567987
10.009226799322978
14.633677917323531
23.854045787567987
19.879165153627326
24.396924246040335
21.788277229759093
22.956328271398437
23.830009644644623
23.977045822558953
16.719247491927618
23.977045822558953
23.80843239289709
23.977045822558953
24.420959724578083
21.117331799372646
24.396924246040335
23.38370461878279
23.854045787567987
13.841279473859908
23.888700805839473
23.830009644644623
23.327595592296095
13.62319057592403
23.784396249973724
23.977045822558953
21.202304726883007
23.80843239289709
23.830009644644623
21.950661712050234
23.80843239289709
24.050719543847364
24.050719543847364
23.854045787567987
10.009226799322978
24.420959724578083
23.80843239289709
23.80843239289709
24.050719543847364
23.888700805839473
21.788277229759093
23.80843239289709
23.854045787567987
23.91273661657003
22.19998038819896
23.784396249973724
20.829233266837015
22.99907783185873
14.644774485931693
23.977045822558953
22.99907783185873
24.396924246040335
23.977045822558953
24.284204581924616
24.420959724578083
23.80843239289709
24.420959724578083
24.420959724578083
23.80843239289709
20.78676141956545
24.305564579574742
24.420959724578083
18.326090686849394
24.050719543847364
23.977045822558953
18.174071284599922
23.977045822558953
24.050719543847364
7.964111332865617
24.420959724578083
23.854045787567987
20.464530740240473
23.977045822558953
21.729920918916207
24.305564579574742
21.24791812155391
20.877115538396723
18.898596757614424
23.784396249973724
20.891065643238395
24.574693906110138
14.321102422006343
10.009226799322978
21.788277229759093
23.784396249973724
22.446613617675776
23.80843239289709
24.050719543847364
18.638765175623814
23.80843239289709
24.216663139899367
23.38370461878279
11.046226781040584
22.022861826035754
23.80843239289709
23.80843239289709
23.38370461878279
23.854045787567987
23.38370461878279
14.233133115354393
24.305564579574742
23.977045822558953
23.91273661657003
23.80843239289709
23.80843239289709
23.784396249973724
24.420959724578083
20.877115538396723
23.80843239289709
23.830009644644623
24.420959724578083
24.026683068731188
24.240698286244307
22.249939861396395
23.80843239289709
10.009226799322978
23.80843239289709
25.819775809570586
23.854045787567987
23.901301875681806
23.247564365019684
23.854045787567987
22.701458653403154
24.305564579574742
24.420959724578083
13.406003581465912
23.977045822558953
21.788277229759093
24.420959724578083
22.830463737811247
23.442991401685052
24.420959724578083
20.616667738744507
23.784396249973724
23.977045822558953
24.081932380226927
21.788277229759093
23.977045822558953
23.854045787567987
23.854045787567987
11.350621364038494
22.446613617675776
19.661608760765056
24.420959724578083
13.841279473859908
23.830009644644623
22.830463737811247
24.284204581924616
20.311431046974544
24.305564579574742
24.420959724578083
12.784548900222717
23.80843239289709
23.830009644644623
24.216663139899367
11.47521326697253
22.87607713248215
10.009226799322978
24.420959724578083
24.050719543847364
23.80843239289709
23.854045787567987
23.830009644644623
12.784548900222717
24.420959724578083
23.784396249973724
24.412354602041088
23.854045787567987
24.396924246040335
23.327595592296095
23.80843239289709
23.38370461878279
23.80843239289709
23.854045787567987
24.168933677032026
24.050719543847364
21.31827091132586
23.854045787567987
24.420959724578083
23.854045787567987
24.420959724578083
24.420959724578083
16.36746626904176
21.788277229759093
24.420959724578083
10.009226799322978
23.97173206637837
23.854045787567987
24.420959724578083
24.305564579574742
19.303900221579493
24.240698286244307
9.519277285572086
24.420959724578083
25.468621434516233
23.240597617419088
24.420959724578083
23.854045787567987
23.854045787567987
18.141633985524585
24.240698286244307
21.788277229759093
24.081932380226927
23.963883014675773
24.420959724578083
18.50213626623795
24.4892562408593
23.977045822558953
15.84817482881435
15.84817482881435
24.420959724578083
20.877115538396723
24.420959724578083
23.854045787567987
12.830161298315186
20.97962359554876
16.264045678242063
23.854045787567987
24.050719543847364
24.420959724578083
24.420959724578083
23.977045822558953
17.68616342785615
24.420959724578083
21.788277229759093
24.220134554758527
24.420959724578083
18.958107438470286
22.99907783185873
23.854045787567987
23.38370461878279
23.977045822558953
22.400805225825707
23.80843239289709
13.917983790149284
23.80843239289709
24.396924246040335
23.80843239289709
16.676810857093862
23.830009644644623
22.308630690398438
24.05789623730356
24.050719543847364
19.371979815956113
10.009226799322978
24.420959724578083
24.050719543847364
23.977045822558953
24.324236473010487
23.80843239289709
23.977045822558953
24.420959724578083
23.977045822558953
23.80843239289709
23.38370461878279
19.146449799087687
23.80843239289709
23.38370461878279
24.084752697179486
23.963883014675773
23.854045787567987
21.31271332562311
23.830009644644623
20.97962359554876
23.977045822558953
12.784548900222717
23.977045822558953
23.925652273002953
13.476735071040684
23.132260573038955
21.21620799253854
11.396234094323772
24.240698286244307
23.80843239289709
23.80843239289709
22.87607713248215
24.050719543847364
23.262729963351276
23.247564365019684
24.420959724578083
13.841279473859908
24.420959724578083
24.85166962680566
23.854045787567987
22.87607713248215
23.80843239289709
22.830463737811247
24.0291236893025
20.201293849759793
23.854045787567987
23.854045787567987
24.85166962680566
23.977045822558953
24.396924246040335
16.710933702484546
20.51014413491137
23.80843239289709
24.420959724578083
24.420959724578083
22.632274517934984
