15.170568932597655
24.420959724578083
24.340207971097897
18.10316605818579
23.854045787567987
26.169340974224344
19.463925138344834
23.854045787567987
17.393074030550764
18.81113869569628
23.80843239289709
13.841279473859908
24.050719543847364
23.80843239289709
26.169340974224344
19.744111170351253
13.917983790149284
23.888700805839473
23.80843239289709
14.04098448952587
24.420959724578083
14.708453522161015
10.294915605218574
14.622411265996913
22.371710782992256
23.80843239289709
24.081932380226927
23.963883014675773
13.841279473859908
24.396924246040335
23.560206963284394
23.784396249973724
13.841279473859908
24.75284558791085
24.420959724578083
20.97962359554876
14.995083762478705
23.830009644644623
23.80843239289709
23.784396249973724
11.396234094323772
23.80843239289709
23.784396249973724
26.169340974224344
23.830009644644623
24.420959724578083
10.325992574739056
25.191373315716934
24.477255111230903
14.093062356269419
13.886892868530806
24.050719543847364
23.80843239289709
24.420959724578083
20.662281133415405
24.420959724578083
27.241461376339533
16.776956026792003
13.872370395478386
23.784396249973724
23.80843239289709
24.050719543847364
23.854045787567987
13.841279473859908
22.249939861396395
24.420959724578083
22.96468823564203
13.841279473859908
23.830009644644623
23.80843239289709
23.854045787567987
23.80843239289709
16.43659459611794
24.420959724578083
14.708453522161015
14.388174143398976
26.14530483130098
13.841279473859908
23.563213308210265
24.396924246040335
13.841279473859908
22.93476762929138
14.995083762478705
23.888700805839473
23.80843239289709
14.754066916831917
24.420959724578083
14.275489027335444
23.830009644644623
21.465742926206243
10.009226799322978
11.624121351368332
13.886892868530806
24.420959724578083
24.25775871236122
23.80843239289709
23.784396249973724
23.91273661657003
23.80843239289709
18.97832469285577
14.04098448952587
23.80843239289709
23.784396249973724
10.054839529608255
24.420959724578083
22.308630690398438
14.484429003105195
22.830463737811247
11.707889747751487
23.854045787567987
23.80843239289709
21.788277229759093
13.872370395478386
14.425738506295962
14.54294609526787
14.04098448952587
22.87607713248215
21.465742926206243
23.80843239289709
24.51291268740142
6.9821630079221
23.80843239289709
14.995083762478705
24.050719543847364
23.784396249973724
10.054839529608255
23.97173206637837
3.143848498926307
24.828464298098822
11.396234094323772
24.420959724578083
23.80843239289709
22.91067235604792
23.891544044095884
14.995083762478705
23.80843239289709
24.220134554758527
23.09781450404464
21.45305349307658
23.38370461878279
21.788277229759093
14.856470665441769
23.80843239289709
19.045616990273906
24.420959724578083
23.80843239289709
23.80843239289709
11.350621364038494
24.050719543847364
24.396924246040335
23.80843239289709
10.009226799322978
13.841279473859908
22.249939861396395
23.80843239289709
24.420959724578083
17.463428149093954
23.830009644644623
24.420959724578083
14.995083762478705
14.754066916831917
23.784396249973724
16.80811338697238
22.204326466725497
23.80843239289709
13.886892868530806
17.520058053905927
23.854045787567987
24.284204581924616
21.102128331060776
23.80843239289709
10.009226799322978
23.876655826760217
24.284204581924616
24.284204581924616
21.795383498339675
10.009226799322978
10.054839529608255
13.886892868530806
12.962683640190148
13.886892868530806
24.420959724578083
22.249939861396395
20.97962359554876
14.708453522161015
13.886892868530806
11.829497894870695
23.80843239289709
13.841279473859908
23.80843239289709
23.80843239289709
24.026683068731188
23.80843239289709
14.958285104007592
15.84817482881435
24.420959724578083
13.841279473859908
13.841279473859908
23.80843239289709
23.80843239289709
14.157539319627135
8.98491458977098
14.379792918815575
23.91273661657003
19.41059058620299
19.81331689835204
13.872370395478386
23.80843239289709
20.706816894612324
23.91273661657003
22.249939861396395
23.80843239289709
22.830463737811247
10.009226799322978
21.795383498339675
23.854045787567987
23.854045787567987
24.420959724578083
14.754066916831917
13.841279473859908
13.886892868530806
23.072750556568714
23.80843239289709
14.803182620293255
23.854045787567987
24.420959724578083
24.284204581924616
23.91273661657003
13.872370395478386
13.872370395478386
23.888640678940952
24.03077634852971
12.845896939507858
14.545759768364242
13.917983790149284
23.155659237960915
19.615995366094158
14.812758078026768
21.025236990219657
21.814832722949625
23.830009644644623
24.565235380245564
24.050719543847364
21.444591545640474
23.80843239289709
14.04098448952587
15.129132530313269
24.420959724578083
24.284204581924616
14.643162022034435
10.009226799322978
23.80843239289709
24.420959724578083
23.784396249973724
13.841279473859908
21.24791812155391
15.287026098012932
16.914987122026716
14.380125111625063
23.80843239289709
23.80843239289709
14.444103121382927
23.80843239289709
14.362749434531946
20.75658934325802
23.91273661657003
24.340207971097897
24.109410040656595
22.87607713248215
13.841279473859908
22.830463737811247
11.40020612374683
24.420959724578083
23.80843239289709
24.420959724578083
10.273169599523824
24.050719543847364
23.80843239289709
17.218828936189638
20.616667738744507
22.400805225825707
23.80843239289709
11.624121351368332
16.929488999124946
13.841279473859908
24.284204581924616
10.009226799322978
13.872370395478386
14.812758078026768
18.17394305817546
17.491160601408502
24.420959724578083
23.80843239289709
14.812758078026768
23.38370461878279
14.812758078026768
13.886892868530806
23.80843239289709
23.854045787567987
24.420959724578083
17.887067991757178
24.574693906110138
14.00457914734119
23.830009644644623
23.784396249973724
15.170568932597655
24.420959724578083
23.784396249973724
15.238434926997776
24.420959724578083
13.872370395478386
13.872370395478386
23.784396249973724
21.788277229759093
20.616667738744507
24.420959724578083
17.359123925421013
23.854045787567987
13.886892868530806
23.80843239289709
23.91273661657003
14.799287659602
13.841279473859908
13.841279473859908
24.050719543847364
13.886892868530806
19.02393808752667
14.380125111625063
22.830463737811247
20.64535923170005
9.06382101219446
11.478248844865638
23.940507935443286
24.396924246040335
16.293462680293526
24.284204581924616
23.80843239289709
24.420959724578083
23.784396249973724
24.420959724578083
19.141876500679455
23.80843239289709
23.89826530121027
24.420959724578083
24.026683068731188
18.698139989620593
24.284204581924616
24.284204581924616
13.976674951344135
14.04098448952587
24.050719543847364
13.917983790149284
10.054839529608255
10.009226799322978
23.442991401685052
17.359123925421013
20.689264823137364
14.754066916831917
23.80843239289709
18.402362155908012
16.24570996392952
8.487522628316308
10.054839529608255
23.830009644644623
23.784396249973724
23.80843239289709
23.854045787567987
18.74121974973352
10.078921182946523
21.833890624429994
17.359123925421013
10.009226799322978
23.784396249973724
20.97962359554876
23.80843239289709
12.41365728939259
14.380125111625063
24.340207971097897
23.80843239289709
23.80843239289709
10.009226799322978
22.286079449333485
17.359123925421013
22.400805225825707
14.04098448952587
15.041750208355685
14.812758078026768
14.754066916831917
23.97173206637837
13.841279473859908
23.80843239289709
23.80843239289709
14.638630912113006
13.917983790149284
10.054839529608255
19.47919039451927
24.71767633517028
16.37415231371834
14.995083762478705
23.442991401685052
17.463428149093954
23.854045787567987
24.420959724578083
21.33652988909941
23.80843239289709
20.569204362317567
23.784396249973724
14.708453522161015
13.841279473859908
24.420959724578083
23.80843239289709
13.886892868530806
23.891544044095884
22.446613617675776
10.009226799322978
22.505304446677815
20.024371613546997
24.420959724578083
13.841279473859908
13.886892868530806
19.3939194900588
13.841279473859908
14.675021305621263
13.872370395478386
20.720971630224636
23.854045787567987
10.273169599523824
18.161209111209327
13.872370395478386
23.80843239289709
23.784396249973724
21.709434588355037
22.87607713248215
20.8834338456332
14.275489027335444
23.80843239289709
23.80843239289709
23.784396249973724
23.854045787567987
23.072750556568714
24.050719543847364
16.02758219943493
21.788277229759093
13.872370395478386
19.698497775680355
10.930400117577717
14.00457914734119
23.80843239289709
24.037479667232382
22.830463737811247
13.886892868530806
24.420959724578083
10.009226799322978
24.050719543847364
14.708453522161015
23.442991401685052
21.95689165599939
14.708453522161015
19.45036735321117
19.831618396805204
13.933920407991698
10.283574210509821
14.04098448952587
23.072750556568714
14.275489027335444
23.784396249973724
14.04098448952587
24.420959724578083
22.204326466725497
10.009226799322978
23.854045787567987
24.420959724578083
24.058263642550852
13.886892868530806
21.24791812155391
24.420959724578083
13.841279473859908
16.635941507935275
23.072750556568714
23.80843239289709
13.841279473859908
22.400805225825707
13.917983790149284
23.784396249973724
13.841279473859908
19.393507570975032
23.80843239289709
10.009226799322978
23.937810529830237
23.80843239289709
24.420959724578083
14.958285104007592
18.903586293612946
13.841279473859908
13.872370395478386
24.109410040656595
24.050719543847364
23.80843239289709
23.80843239289709
19.81331689835204
23.854045787567987
24.420959724578083
23.854045787567987
23.442991401685052
23.854045787567987
23.830009644644623
20.860359733086113
21.833890624429994
14.754066916831917
10.2933410113016
13.841279473859908
16.929488999124946
23.91273661657003
17.791389818768234
24.050719543847364
19.698497775680355
13.886892868530806
23.867508565558136
23.854045787567987
24.6790898149985
14.304636621018414
21.24791812155391
24.050719543847364
21.302257889137266
13.361771444496867
23.80843239289709
24.396924246040335
23.91273661657003
23.854045787567987
24.420959724578083
23.830009644644623
23.80843239289709
11.046226781040584
23.80843239289709
24.050719543847364
13.886892868530806
23.80843239289709
23.91273661657003
11.954546230724969
23.80843239289709
18.712899316146174
11.78288758957852
13.841279473859908
23.854045787567987
24.050719543847364
10.009226799322978
22.972266882397705
23.784396249973724
23.830009644644623
19.661608760765056
12.301435914491105
18.68607474677996
24.026683068731188
20.620483305354295
22.37293989638736
18.77010756863947
24.050719543847364
23.830009644644623
10.009226799322978
13.872370395478386
19.246402961341943
21.795383498339675
7.077135935576503
16.55221662881016
24.31644920917045
24.420959724578083
23.784396249973724
22.371710782992256
24.284204581924616
23.977045822558953
22.816854130599303
14.275489027335444
13.841279473859908
23.80843239289709
23.956868431310607
24.109410040656595
23.80843239289709
17.359123925421013
12.962683640190148
21.788277229759093
10.306349017335558
23.854045787567987
23.854045787567987
24.050719543847364
24.010272743942444
16.929488999124946
20.372531270423806
23.80843239289709
23.91273661657003
24.420959724578083
10.009226799322978
23.80843239289709
24.218566604697738
23.80843239289709
13.872370395478386
15.090124125273435
16.635941507935275
21.21620799253854
23.784396249973724
13.917983790149284
24.050719543847364
21.51135632087714
19.786005002134303
17.49224155681058
23.80843239289709
21.788277229759093
23.05115569860228
10.009226799322978
13.917983790149284
23.80843239289709
24.284204581924616
14.958285104007592
20.464530740240473
20.70822207019646
20.77211935710162
21.795383498339675
20.568835296106222
23.072750556568714
10.009226799322978
15.642912891831262
23.80843239289709
20.32691787575291
19.744111170351253
19.744111170351253
21.788277229759093
13.917983790149284
24.391837377548633
23.80843239289709
16.43659459611794
17.359123925421013
13.841279473859908
21.629937527116287
22.204326466725497
22.93476762929138
23.977045822558953
23.784396249973724
23.91273661657003
24.420959724578083
24.420959724578083
21.788277229759093
23.91273661657003
14.46530831718383
14.321102422006343
23.830009644644623
14.380125111625063
24.036749507437126
19.831618396805204
23.80843239289709
19.371979815956113
24.12804738604015
13.841279473859908
10.306349017335558
13.841279473859908
23.956868431310607
24.396924246040335
23.784396249973724
24.420959724578083
24.420959724578083
14.275489027335444
24.420959724578083
23.80843239289709
23.80843239289709
18.104013149849987
24.026683068731188
24.420959724578083
23.80843239289709
24.420959724578083
24.216663139899367
14.26126984631809
23.854045787567987
20.662281133415405
13.841279473859908
17.359123925421013
10.273169599523824
22.830463737811247
22.249939861396395
24.353664105231854
24.25775871236122
8.268858372434392
21.21620799253854
24.050719543847364
14.04098448952587
13.872370395478386
23.867508565558136
21.21620799253854
13.886892868530806
23.80843239289709
22.93476762929138
24.220134554758527
24.050719543847364
24.058743661160566
10.009226799322978
21.788277229759093
23.91273661657003
22.030564380709368
24.396924246040335
18.97832469285577
14.708453522161015
24.396924246040335
22.249939861396395
24.396924246040335
13.886892868530806
13.886892868530806
23.854045787567987
24.420959724578083
24.420959724578083
14.958285104007592
17.359123925421013
14.04098448952587
15.192821532326878
24.026683068731188
22.031969556293507
24.050719543847364
23.854045787567987
22.371710782992256
24.284204581924616
23.830009644644623
13.841279473859908
22.117187974290083
10.239063031580805
18.98972687884866
23.91273661657003
8.63525375358809
22.87607713248215
24.420959724578083
14.04098448952587
23.38370461878279
24.420959724578083
21.89258245001046
12.094816305495636
14.958285104007592
23.854045787567987
13.841279473859908
23.854045787567987
13.841279473859908
23.80843239289709
23.854045787567987
21.025236990219657
18.057555985442985
13.841279473859908
24.240698286244307
24.396924246040335
23.072750556568714
24.240698286244307
23.854045787567987
20.662281133415405
13.841279473859908
11.395821178661578
24.396924246040335
23.80843239289709
19.279303005000898
23.80843239289709
24.574693906110138
14.04098448952587
10.009226799322978
23.072750556568714
23.80843239289709
10.763092205657145
23.80843239289709
23.784396249973724
23.80843239289709
18.768814009839318
22.98591535616836
23.854045787567987
19.698497775680355
13.841279473859908
19.02393808752667
13.886892868530806
15.99640922619251
24.420959724578083
23.854045787567987
7.801584672052013
23.784396249973724
21.788277229759093
24.396924246040335
19.661608760765056
15.227875514162557
24.420959724578083
21.160022561705663
24.050719543847364
20.398532001622492
13.976674951344135
21.229195070425504
20.787318839099775
24.284204581924616
15.39780774927809
23.80843239289709
24.050719543847364
10.009226799322978
23.80843239289709
21.950661712050234
24.420959724578083
6.808801546434213
23.784396249973724
23.90107332702888
23.80843239289709
25.60164605191914
24.420959724578083
24.420959724578083
14.275489027335444
13.872370395478386
15.170568932597655
24.420959724578083
18.808217392129635
14.025260142888722
21.898865877001942
23.80843239289709
24.340207971097897
13.872370395478386
23.854045787567987
21.106376744901326
16.929488999124946
23.80843239289709
10.009226799322978
23.784396249973724
23.854045787567987
24.420959724578083
13.945583697532847
10.009226799322978
13.872370395478386
23.80843239289709
23.80843239289709
23.80843239289709
24.281794190898967
24.211253047804036
24.420959724578083
14.275489027335444
13.841279473859908
24.276845514616014
24.026683068731188
21.229195070425504
23.072750556568714
21.465742926206243
23.80843239289709
24.420959724578083
22.87607713248215
10.009226799322978
24.420959724578083
22.93476762929138
23.830009644644623
23.854045787567987
22.87607713248215
23.888700805839473
24.396924246040335
24.050719543847364
14.638630912113006
10.054839529608255
24.420959724578083
23.80843239289709
13.841279473859908
14.656881585066321
13.841279473859908
21.02904790613011
24.420959724578083
24.420959724578083
23.80843239289709
23.80843239289709
13.872370395478386
24.420959724578083
24.216663139899367
18.95896781784686
21.61417996119819
24.216663139899367
10.054839529608255
14.275489027335444
22.27869779291384
21.583696288035455
13.841279473859908
23.072750556568714
13.841279473859908
23.80843239289709
15.041750208355685
22.030564380709368
23.80843239289709
23.80843239289709
23.80843239289709
21.814832722949625
24.55065743099396
13.886892868530806
10.350320715141963
24.0521247194315
23.830009644644623
12.347048644776384
17.870370652381034
10.306349017335558
23.80843239289709
24.026683068731188
23.977045822558953
18.537637711788012
23.80843239289709
23.854045787567987
24.420959724578083
13.886892868530806
21.444591545640474
20.620483305354295
22.400805225825707
24.420959724578083
14.754066916831917
21.833890624429994
24.050719543847364
24.396924246040335
23.80843239289709
23.784396249973724
23.80843239289709
24.058263642550852
24.284204581924616
24.284204581924616
16.929488999124946
12.86347226447948
10.482588597324854
23.854045787567987
23.91273661657003
23.854045787567987
23.854045787567987
23.59092151044972
23.854045787567987
24.420959724578083
13.886892868530806
18.84235917251046
23.854045787567987
23.854045787567987
23.784396249973724
23.80843239289709
23.784396249973724
15.99640922619251
14.197941937888395
10.009226799322978
13.841279473859908
19.081241347163477
24.420959724578083
21.21620799253854
17.092877035893554
13.872370395478386
24.050719543847364
14.365850786601332
23.928455980315036
11.350621364038494
23.854045787567987
21.221910082113414
19.744111170351253
23.38370461878279
24.420959724578083
23.80843239289709
20.858954557501974
21.795383498339675
24.0521247194315
23.91273661657003
13.886892868530806
24.54809290250471
23.830009644644623
23.80843239289709
21.202304726883007
23.80843239289709
19.42910701340389
22.87607713248215
24.050719543847364
23.80843239289709
13.886892868530806
23.830009644644623
23.80843239289709
21.18460981249997
14.04098448952587
13.872370395478386
23.80843239289709
13.872370395478386
22.830463737811247
13.917983790149284
24.050719543847364
23.80843239289709
23.138349667236884
23.854045787567987
22.031969556293507
23.80843239289709
13.886892868530806
24.420959724578083
24.420959724578083
23.784396249973724
24.420959724578083
15.192821532326878
19.81331689835204
23.854045787567987
23.072750556568714
23.96374150053893
21.120879950770796
13.886892868530806
23.80843239289709
17.870370652381034
23.784396249973724
23.38370461878279
19.187489895350353
23.854045787567987
23.854045787567987
23.854045787567987
23.854045787567987
23.854045787567987
23.80843239289709
23.80843239289709
23.888700805839473
24.420959724578083
24.420959724578083
20.955375181420127
21.465742926206243
22.14877951047246
24.026683068731188
24.050719543847364
23.91273661657003
24.420959724578083
22.93476762929138
17.359123925421013
23.80843239289709
19.786005002134303
23.854045787567987
10.120659216301926
23.888700805839473
23.80843239289709
13.841279473859908
23.80843239289709
14.275489027335444
23.854045787567987
23.80843239289709
23.830009644644623
24.026683068731188
23.854045787567987
23.830009644644623
23.854045787567987
13.841279473859908
21.795383498339675
17.602815587569808
23.854045787567987
22.816854130599303
23.80843239289709
19.252483418526825
14.708453522161015
24.574693906110138
23.854045787567987
24.420959724578083
23.80843239289709
22.830463737811247
19.786005002134303
23.80843239289709
14.04098448952587
14.425738506295962
21.814832722949625
23.854045787567987
21.740090337393088
14.952145516502622
24.026683068731188
24.008584207891815
17.61549040421585
13.841279473859908
24.420959724578083
23.854045787567987
23.830009644644623
14.37913285170312
23.784396249973724
14.275489027335444
22.030564380709368
23.80843239289709
10.306349017335558
9.374057537940038
22.87607713248215
23.784396249973724
18.74121974973352
23.854045787567987
24.420959724578083
10.174820928539397
15.658529275805327
10.054839529608255
10.009226799322978
24.420959724578083
13.872370395478386
23.854045787567987
13.872370395478386
20.491692153115512
22.031969556293507
22.830463737811247
23.80843239289709
23.91273661657003
23.830009644644623
24.396924246040335
13.841279473859908
21.27196323368313
24.050719543847364
15.108253547851284
15.192821532326878
24.420959724578083
24.284204581924616
13.872370395478386
21.31271332562311
24.420959724578083
24.081932380226927
23.854045787567987
20.542095768099237
23.80843239289709
21.833890624429994
23.80843239289709
14.084971800394321
10.310205111468104
22.830463737811247
13.886892868530806
24.420959724578083
13.886892868530806
24.109410040656595
22.977576320071766
20.616667738744507
18.983506900683793
16.43659459611794
22.371710782992256
14.958285104007592
23.80843239289709
23.784396249973724
23.854045787567987
13.872370395478386
15.041750208355685
19.07372880677689
20.83080952171804
22.830463737811247
26.169340974224344
14.708453522161015
23.80843239289709
24.420959724578083
14.003687541840524
23.784396249973724
14.995083762478705
24.050719543847364
24.420959724578083
13.886892868530806
13.841279473859908
23.784396249973724
13.872370395478386
24.574693906110138
24.420959724578083
12.696464654858683
14.958285104007592
18.97832469285577
23.38370461878279
23.854045787567987
23.784396249973724
16.095050559042097
9.67023101328872
10.054839529608255
23.963883014675773
17.601410411985672
23.80843239289709
23.80843239289709
13.841279473859908
24.149186475471968
24.420959724578083
13.406003581465912
13.406003581465912
23.784396249973724
24.420959724578083
13.886892868530806
24.284204581924616
23.442991401685052
23.830009644644623
23.80843239289709
23.80843239289709
7.3022623381814
23.937810529830237
23.80843239289709
23.80843239289709
23.854045787567987
18.32566548005325
17.359123925421013
23.854045787567987
23.80843239289709
24.420959724578083
14.754066916831917
23.80843239289709
13.841279473859908
13.841279473859908
23.977045822558953
23.854045787567987
14.812758078026768
23.830009644644623
17.36123833265341
21.788277229759093
23.784396249973724
23.977045822558953
13.917983790149284
24.420959724578083
23.91273661657003
23.80843239289709
16.43659459611794
14.168827231293562
21.017217855798595
19.698497775680355
24.026683068731188
23.80843239289709
13.872370395478386
23.932833284965668
16.929488999124946
23.854045787567987
24.420959724578083
23.830009644644623
24.420959724578083
13.841279473859908
14.275489027335444
24.420959724578083
14.708453522161015
17.791389818768234
23.80843239289709
24.420959724578083
23.784396249973724
26.169340974224344
18.261949570422072
24.420959724578083
15.192821532326878
21.95689165599939
24.420959724578083
23.80843239289709
14.321102422006343
23.854045787567987
24.050719543847364
10.054839529608255
11.350621364038494
24.420959724578083
22.204326466725497
23.80843239289709
15.170568932597655
13.841279473859908
23.38370461878279
23.38370461878279
14.708453522161015
24.058263642550852
23.888700805839473
23.854045787567987
14.708453522161015
23.80843239289709
22.87607713248215
23.303825535813125
16.929488999124946
24.420959724578083
23.80843239289709
14.870097878872617
23.80843239289709
18.97832469285577
23.09781450404464
23.80843239289709
14.425738506295962
24.026683068731188
21.008636318951076
24.396924246040335
18.537637711788012
24.109410040656595
24.420959724578083
10.009226799322978
14.488186435973322
13.966687906719669
23.80843239289709
18.74375338429149
23.953010344021205
23.442991401685052
14.275489027335444
23.784396249973724
10.009226799322978
23.888700805839473
10.009226799322978
23.38370461878279
16.730056049369953
23.91273661657003
23.80843239289709
24.420959724578083
24.184181991373176
23.38370461878279
13.564019063926658
24.420959724578083
17.40473732009191
23.830009644644623
23.854045787567987
14.04098448952587
23.854045787567987
23.80843239289709
23.80843239289709
15.192821532326878
21.629937527116287
23.830009644644623
24.050719543847364
14.708453522161015
16.447674555085626
13.886892868530806
23.876655826760217
18.537637711788012
13.917983790149284
14.706286628464722
24.420959724578083
15.192821532326878
13.886892868530806
22.830463737811247
24.420959724578083
22.87607713248215
26.14530483130098
24.050719543847364
20.372531270423806
19.698497775680355
23.80843239289709
24.420959724578083
23.854045787567987
23.977045822558953
23.80843239289709
10.054839529608255
23.80843239289709
23.80843239289709
23.854045787567987
