23.784396249973724
24.420959724578083
24.340207971097897
10.009226799322978
24.324236473010487
24.305564579574742
19.463925138344834
13.841279473859908
17.393074030550764
20.738030395377503
23.80843239289709
13.841279473859908
14.157539319627135
23.80843239289709
14.5302387237265
17.062787011210062
23.80843239289709
23.784396249973724
10.009226799322978
14.032996913421712
24.420959724578083
12.527864845102009
23.901301875681806
13.841279473859908
23.784396249973724
23.91273661657003
24.081932380226927
23.963883014675773
21.788277229759093
16.076384645076924
23.51128825015908
23.784396249973724
23.784396249973724
22.87607713248215
6.240101408687496
24.420959724578083
20.97962359554876
14.995083762478705
23.830009644644623
10.054839529608255
24.050719543847364
23.784396249973724
11.396234094323772
23.80843239289709
24.050719543847364
13.841279473859908
23.919847535849943
24.420959724578083
15.661170208640764
23.327595592296095
23.977045822558953
23.80843239289709
23.80843239289709
12.784548900222717
24.420959724578083
10.009226799322978
24.420959724578083
20.97962359554876
13.872370395478386
17.66110379888675
23.80843239289709
3.4270262593749803
23.830009644644623
23.854045787567987
17.40473732009191
21.31271332562311
23.94265722292068
13.841279473859908
24.300199665701502
23.854045787567987
23.854045787567987
23.80843239289709
13.98113098569062
24.420959724578083
12.527864845102009
14.388174143398976
24.281528104458566
23.80843239289709
24.3723884851315
20.620483305354295
22.93476762929138
22.93476762929138
14.995083762478705
19.305093790343985
23.80843239289709
23.854045787567987
24.420959724578083
14.275489027335444
23.830009644644623
23.80843239289709
10.009226799322978
11.350621364038494
12.784548900222717
16.929488999124946
23.80843239289709
23.346268150117456
23.854045787567987
23.80843239289709
20.662281133415405
23.80843239289709
13.917983790149284
22.830463737811247
15.656007932381305
24.050719543847364
23.784396249973724
10.054839529608255
24.420959724578083
22.308630690398438
14.484429003105195
14.643162022034435
24.305564579574742
19.02393808752667
23.854045787567987
19.537956631289063
21.788277229759093
13.872370395478386
23.830009644644623
23.80843239289709
13.872370395478386
10.009226799322978
23.830009644644623
25.923403356490596
18.187247380195483
23.854045787567987
3.0032975883544992
18.141633985524585
14.995083762478705
23.80843239289709
23.854045787567987
21.195080529855055
13.917983790149284
14.772620881820291
24.081932380226927
12.784548900222717
11.396234094323772
24.420959724578083
23.80843239289709
18.22184193937564
14.995083762478705
23.80843239289709
24.220134554758527
23.09781450404464
23.38370461878279
21.788277229759093
22.249939861396395
23.80843239289709
19.045616990273906
24.420959724578083
23.80843239289709
23.784396249973724
11.350621364038494
24.050719543847364
24.396924246040335
23.80843239289709
10.009226799322978
20.51014413491137
22.249939861396395
22.830463737811247
22.91067235604792
17.463428149093954
23.784396249973724
24.420959724578083
10.009226799322978
4.998340436743508
23.977045822558953
23.784396249973724
16.80811338697238
22.204326466725497
22.830463737811247
24.324236473010487
20.97962359554876
17.520058053905927
23.830009644644623
12.573477907580099
24.305564579574742
17.017173616539164
10.009226799322978
10.009226799322978
24.284204581924616
19.890310222385676
24.184181991373176
21.795383498339675
23.91273661657003
10.054839529608255
13.886892868530806
12.527864845102009
23.854045787567987
10.009226799322978
23.91273661657003
20.97962359554876
12.527864845102009
13.886892868530806
23.80843239289709
12.094816305495636
18.62097060339793
24.084752697179486
24.084752697179486
23.80843239289709
13.841279473859908
11.350621364038494
12.777696426948584
24.420959724578083
23.53494370012277
24.420959724578083
24.305564579574742
24.037489300823857
12.784548900222717
23.80843239289709
23.80843239289709
17.062787011210062
24.324236473010487
4.998340436743508
14.379792918815575
23.91273661657003
23.854045787567987
20.126123932057443
13.872370395478386
23.977045822558953
12.784548900222717
10.054839529608255
22.249939861396395
23.80843239289709
14.444103121382927
24.324236473010487
21.795383498339675
23.854045787567987
22.87607713248215
10.009226799322978
24.420959724578083
12.573477907580099
13.841279473859908
13.886892868530806
13.841279473859908
23.80843239289709
14.115626552853943
23.80843239289709
24.420959724578083
21.083927819221696
23.91273661657003
13.917983790149284
13.872370395478386
16.708560849246368
6.745366339727054
11.350621364038494
14.357084218358926
10.009226799322978
11.47521326697253
23.80843239289709
12.632169733160568
21.025236990219657
24.420959724578083
23.854045787567987
23.830009644644623
23.80843239289709
13.841279473859908
24.324236473010487
10.525029882857945
10.009226799322978
14.388174143398976
15.129132530313269
18.22097823807097
24.284204581924616
14.643162022034435
23.80843239289709
24.420959724578083
23.91273661657003
12.784548900222717
13.841279473859908
24.396924246040335
16.914987122026716
14.380125111625063
13.872370395478386
23.80843239289709
20.97962359554876
13.872370395478386
13.841279473859908
14.362749434531946
20.75658934325802
24.51291268740142
24.340207971097897
10.009226799322978
23.80843239289709
20.74085170890849
23.784396249973724
24.237560392965875
24.420959724578083
22.204326466725497
24.420959724578083
13.886892868530806
23.80843239289709
22.096998291907784
20.616667738744507
20.32691787575291
23.80843239289709
23.80843239289709
16.929488999124946
24.305564579574742
24.284204581924616
22.308630690398438
13.872370395478386
12.632169733160568
26.66431291106189
17.491160601408502
13.886892868530806
23.80843239289709
12.632169733160568
23.38370461878279
12.632169733160568
12.830161298315186
23.854045787567987
13.886892868530806
22.249939861396395
17.887067991757178
23.854045787567987
13.841279473859908
13.841279473859908
23.854045787567987
13.315614914582456
24.420959724578083
10.009226799322978
10.009226799322978
22.87607713248215
10.009226799322978
14.275489027335444
13.872370395478386
23.80843239289709
21.833890624429994
23.80843239289709
22.87607713248215
17.359123925421013
23.854045787567987
11.467750887700175
23.80843239289709
23.91273661657003
22.031969556293507
23.937810529830237
14.5302387237265
23.854045787567987
24.026683068731188
14.321102422006343
14.380125111625063
13.132410580149418
20.64535923170005
10.009226799322978
24.033695658939493
23.784396249973724
24.396924246040335
16.293462680293526
24.284204581924616
10.009226799322978
24.284204581924616
23.854045787567987
12.830161298315186
19.141876500679455
10.054839529608255
23.80843239289709
10.525029882857945
13.917983790149284
24.420959724578083
23.91273661657003
18.22097823807097
23.91273661657003
15.84817482881435
13.976674951344135
11.350621364038494
13.886892868530806
13.917983790149284
20.3018090822477
23.80843239289709
12.573477907580099
24.420959724578083
17.359123925421013
24.420959724578083
12.573477907580099
13.872370395478386
24.85166962680566
23.854045787567987
15.584496786282667
12.784548900222717
19.50748126294657
23.854045787567987
23.784396249973724
25.89936721356723
23.854045787567987
19.537956631289063
23.029167856542223
17.359123925421013
10.009226799322978
22.204326466725497
20.97962359554876
19.924778548298224
12.41365728939259
14.380125111625063
24.340207971097897
10.009226799322978
23.784396249973724
23.80843239289709
10.009226799322978
22.448018793259912
17.359123925421013
10.009226799322978
14.379792918815575
11.396234094323772
23.888700805839473
4.998340436743508
23.977045822558953
10.525029882857945
13.361228309253354
23.784396249973724
22.830463737811247
23.59672491883149
13.917983790149284
10.525029882857945
14.126314192113622
10.832675636882321
12.784548900222717
14.995083762478705
22.830463737811247
17.463428149093954
23.854045787567987
22.87607713248215
24.081932380226927
24.420959724578083
21.33652988909941
23.80843239289709
20.569204362317567
23.80843239289709
23.80843239289709
12.784548900222717
13.841279473859908
23.80843239289709
12.830161298315186
12.830161298315186
10.054839529608255
13.917983790149284
20.339260167396652
24.420959724578083
13.841279473859908
19.238351936411174
23.80843239289709
13.841279473859908
13.841279473859908
10.009226799322978
13.872370395478386
20.662281133415405
23.888640678940952
23.977045822558953
20.51014413491137
10.009226799322978
13.841279473859908
14.275489027335444
23.784396249973724
24.010272743942444
22.87607713248215
13.917983790149284
23.80843239289709
23.80843239289709
23.784396249973724
23.784396249973724
23.830009644644623
18.141633985524585
24.050719543847364
23.854045787567987
13.872370395478386
14.900148372611778
13.917983790149284
23.784396249973724
11.411438891406881
13.841279473859908
23.80843239289709
23.784396249973724
14.380125111625063
23.854045787567987
24.420959724578083
23.80843239289709
24.050719543847364
19.08527317129224
23.442991401685052
21.95689165599939
12.527864845102009
17.30743140233647
16.764860886598516
14.5302387237265
10.283574210509821
13.872370395478386
23.072750556568714
14.275489027335444
23.80843239289709
13.917983790149284
24.420959724578083
22.204326466725497
24.55065743099396
23.854045787567987
28.00113982464694
24.058263642550852
20.706816894612324
13.886892868530806
24.420959724578083
24.282874481915428
13.917983790149284
16.635941507935275
12.347048644776384
13.004029021644735
24.574693906110138
24.420959724578083
23.80843239289709
23.854045787567987
24.037489300823857
23.80843239289709
23.80843239289709
10.009226799322978
23.977045822558953
24.420959724578083
24.420959724578083
12.777696426948584
12.830161298315186
23.80843239289709
23.784396249973724
23.80843239289709
23.80843239289709
21.202304726883007
23.830009644644623
22.830463737811247
21.795383498339675
23.854045787567987
24.420959724578083
23.854045787567987
23.442991401685052
23.854045787567987
23.854045787567987
20.860359733086113
13.132410580149418
13.886892868530806
23.854045787567987
12.784548900222717
16.929488999124946
21.24791812155391
21.465742926206243
13.841279473859908
17.017173616539164
23.922968155102282
24.081932380226927
23.854045787567987
24.6790898149985
13.872370395478386
21.24791812155391
12.784548900222717
23.784396249973724
13.872370395478386
17.017173616539164
24.396924246040335
23.91273661657003
23.784396249973724
23.80843239289709
16.635941507935275
24.73534899263508
18.924373258666705
23.80843239289709
17.878832932009953
23.854045787567987
13.841279473859908
22.446613617675776
23.830009644644623
23.854045787567987
11.895854405144497
24.574693906110138
24.420959724578083
24.081932380226927
13.57694800807196
23.854045787567987
23.80843239289709
23.784396249973724
22.972266882397705
6.745366339727054
23.784396249973724
23.830009644644623
10.009226799322978
6.240101408687496
14.5302387237265
23.80843239289709
13.841279473859908
20.620483305354295
23.784396249973724
24.420959724578083
24.050719543847364
24.001376952697147
10.009226799322978
13.872370395478386
19.246402961341943
21.795383498339675
7.077135935576503
16.55221662881016
24.31644920917045
24.420959724578083
22.204326466725497
22.371710782992256
17.370124822500042
23.80843239289709
24.025413095620515
22.816854130599303
14.275489027335444
23.80843239289709
24.13639074064327
13.872370395478386
22.830463737811247
23.784396249973724
23.80843239289709
21.788277229759093
10.173483852481207
21.788277229759093
24.574693906110138
13.886892868530806
23.80843239289709
24.010272743942444
16.929488999124946
20.372531270423806
23.80843239289709
11.396234094323772
21.950661712050234
10.009226799322978
23.80843239289709
20.78676141956545
13.99956403249634
10.054839529608255
23.854045787567987
10.054839529608255
24.420959724578083
14.321102422006343
13.917983790149284
17.900322484855778
13.917983790149284
16.719247491927618
24.149526973101697
13.841279473859908
21.788277229759093
14.425738506295962
23.80843239289709
13.917983790149284
24.240698286244307
24.396924246040335
12.777696426948584
20.464530740240473
17.463428149093954
24.420959724578083
20.568835296106222
24.240698286244307
19.661608760765056
8.517383772154059
23.784396249973724
23.784396249973724
17.062787011210062
17.062787011210062
21.833890624429994
21.634357020253724
24.415873520472005
23.80843239289709
13.98113098569062
17.359123925421013
13.841279473859908
21.629937527116287
22.204326466725497
22.93476762929138
23.977045822558953
20.97962359554876
17.017173616539164
24.420959724578083
24.420959724578083
13.917983790149284
14.643162022034435
12.925804591059135
14.321102422006343
23.830009644644623
14.380125111625063
14.66232688959946
16.764860886598516
12.784548900222717
22.204326466725497
23.80843239289709
22.35499052231226
12.784548900222717
24.062474186411123
21.13507421732744
23.854045787567987
23.80843239289709
24.396924246040335
23.784396249973724
22.830463737811247
24.420959724578083
24.420959724578083
23.80843239289709
24.420959724578083
13.841279473859908
22.830463737811247
24.284204581924616
22.204326466725497
24.420959724578083
14.380125111625063
12.573477907580099
19.313337819297068
22.87607713248215
23.854045787567987
12.830161298315186
23.80843239289709
23.854045787567987
22.249939861396395
14.426610844613679
24.396924246040335
8.268858372434392
21.21620799253854
22.830463737811247
14.444103121382927
14.275489027335444
23.80843239289709
21.21620799253854
23.854045787567987
23.80843239289709
14.915161494443813
24.220134554758527
24.050719543847364
24.058743661160566
10.009226799322978
23.80843239289709
13.841279473859908
23.854045787567987
14.601798369975324
10.009226799322978
24.396924246040335
18.057555985442985
21.465742926206243
24.396924246040335
24.319297430319008
23.784396249973724
24.396924246040335
13.886892868530806
10.054839529608255
23.854045787567987
24.420959724578083
19.723064430520473
12.777696426948584
23.784396249973724
21.066963729019538
13.132410580149418
15.18898005467795
21.788277229759093
14.70890630096035
23.854045787567987
22.371710782992256
23.38370461878279
23.830009644644623
13.841279473859908
22.87607713248215
22.117187974290083
10.239063031580805
13.841279473859908
20.97962359554876
8.63525375358809
23.784396249973724
11.350621364038494
22.204326466725497
23.854045787567987
24.420959724578083
23.91273661657003
12.094816305495636
12.777696426948584
23.854045787567987
14.380125111625063
24.050719543847364
24.050719543847364
23.854045787567987
10.054839529608255
10.054839529608255
18.057555985442985
23.854045787567987
23.867508565558136
10.009226799322978
24.396924246040335
23.368251009285373
23.80843239289709
23.80843239289709
20.662281133415405
24.050719543847364
23.80843239289709
23.80843239289709
24.305564579574742
11.467750887700175
14.380125111625063
13.917983790149284
23.90107332702888
10.009226799322978
23.80843239289709
13.841279473859908
21.112747538601703
10.763092205657145
23.784396249973724
10.009226799322978
14.116061725434372
24.574693906110138
23.89826530121027
23.854045787567987
10.429217503973966
17.017173616539164
13.886892868530806
16.36746626904176
23.830009644644623
25.61006581086844
22.941934356963287
15.99640922619251
24.420959724578083
23.854045787567987
12.573477907580099
23.784396249973724
12.830161298315186
24.396924246040335
23.87173605125169
12.830161298315186
24.420959724578083
12.784548900222717
17.870370652381034
13.976674951344135
21.229195070425504
23.830009644644623
24.284204581924616
13.337396797100633
23.80843239289709
24.050719543847364
10.009226799322978
23.80843239289709
21.950661712050234
24.420959724578083
6.808801546434213
17.359123925421013
20.569204362317567
23.80843239289709
20.449533563663294
10.009226799322978
24.420959724578083
12.784548900222717
13.872370395478386
27.075408156660398
24.420959724578083
18.808217392129635
14.165111322526622
23.80843239289709
23.80843239289709
24.340207971097897
20.616667738744507
23.854045787567987
20.891065643238395
22.87607713248215
23.80843239289709
13.872370395478386
23.784396249973724
23.854045787567987
24.420959724578083
13.945583697532847
10.009226799322978
22.204326466725497
23.80843239289709
23.784396249973724
23.80843239289709
23.854045787567987
23.80843239289709
24.420959724578083
14.275489027335444
23.784396249973724
22.87607713248215
13.841279473859908
21.229195070425504
23.072750556568714
21.709434588355037
21.31827091132586
21.445996721224613
10.009226799322978
18.32566548005325
22.87607713248215
23.854045787567987
23.784396249973724
15.243490901558193
22.87607713248215
24.300199665701502
24.396924246040335
10.054839529608255
24.050719543847364
22.030564380709368
10.054839529608255
24.420959724578083
23.80843239289709
23.784396249973724
14.656881585066321
13.99956403249634
21.02904790613011
24.396924246040335
24.420959724578083
23.80843239289709
23.97173206637837
13.917983790149284
24.420959724578083
23.854045787567987
23.854045787567987
24.171046423300375
24.116317657937106
10.139536737086742
12.830161298315186
24.001376952697147
22.736103041504734
12.830161298315186
20.706816894612324
10.009226799322978
23.80843239289709
13.841279473859908
23.854045787567987
14.633677917323531
13.841279473859908
13.872370395478386
18.326090686849394
23.830009644644623
21.814832722949625
21.24791812155391
13.917983790149284
11.467750887700175
13.841279473859908
23.925652273002953
23.977045822558953
23.784396249973724
23.986237597597505
17.870370652381034
10.009226799322978
23.977045822558953
13.917983790149284
21.788277229759093
13.917983790149284
20.896796633587694
10.009226799322978
13.872370395478386
24.420959724578083
13.886892868530806
21.444591545640474
20.620483305354295
22.400805225825707
24.420959724578083
12.956993841749224
21.833890624429994
12.784548900222717
24.420959724578083
20.97962359554876
23.830009644644623
23.80843239289709
24.058263642550852
24.284204581924616
24.284204581924616
23.80843239289709
13.132410580149418
23.190966018524612
12.784548900222717
24.18982428624234
23.854045787567987
13.872370395478386
22.249939861396395
23.80843239289709
15.55362411534002
13.886892868530806
24.72331564030416
23.854045787567987
23.854045787567987
23.80843239289709
23.80843239289709
16.41307966371266
15.99640922619251
22.249939861396395
23.80843239289709
23.80843239289709
22.371710782992256
21.21620799253854
23.784396249973724
21.76672123835137
14.365850786601332
20.569204362317567
23.80843239289709
13.886892868530806
17.062787011210062
14.26126984631809
23.38370461878279
24.420959724578083
23.80843239289709
13.841279473859908
22.161193555763056
21.795383498339675
24.0521247194315
23.854045787567987
23.80843239289709
17.017173616539164
14.85074598675585
10.009226799322978
21.343560749912236
23.80843239289709
8.130175182714655
14.995083762478705
24.050719543847364
24.050719543847364
13.841279473859908
17.359123925421013
21.18460981249997
23.977045822558953
13.917983790149284
23.80843239289709
24.284204581924616
22.830463737811247
21.95689165599939
22.204326466725497
23.80843239289709
22.87607713248215
23.854045787567987
11.93614441004334
23.80843239289709
24.028088244315327
23.80843239289709
13.886892868530806
24.420959724578083
24.420959724578083
17.820920762953353
24.420959724578083
13.092434497455544
10.009226799322978
14.995083762478705
23.854045787567987
13.841279473859908
18.74375338429149
20.97962359554876
24.216663139899367
23.80843239289709
17.870370652381034
23.854045787567987
23.38370461878279
23.80843239289709
23.854045787567987
21.51136130376928
23.854045787567987
23.854045787567987
23.09781450404464
23.80843239289709
10.009226799322978
23.830009644644623
24.420959724578083
24.420959724578083
20.955375181420127
21.709434588355037
24.028088244315327
21.202304726883007
13.841279473859908
23.91273661657003
24.420959724578083
22.93476762929138
17.359123925421013
23.80843239289709
16.719247491927618
23.854045787567987
23.854045787567987
23.91273661657003
23.830009644644623
20.201293849759793
23.854045787567987
24.281794190898967
23.854045787567987
20.892988707412524
24.026683068731188
23.854045787567987
23.830009644644623
23.80843239289709
13.841279473859908
21.795383498339675
24.0521247194315
23.854045787567987
22.816854130599303
23.80843239289709
12.784548900222717
12.527864845102009
23.59672491883149
10.009226799322978
24.396924246040335
23.80843239289709
22.830463737811247
23.80843239289709
23.854045787567987
20.97962359554876
23.09781450404464
23.854045787567987
21.51135632087714
12.771556839443612
24.026683068731188
24.008584207891815
23.80843239289709
23.784396249973724
24.284204581924616
23.854045787567987
13.917983790149284
23.888700805839473
23.784396249973724
14.275489027335444
23.854045787567987
23.977045822558953
23.854045787567987
12.527864845102009
22.87607713248215
23.854045787567987
23.80843239289709
23.80843239289709
24.420959724578083
21.63133805200109
23.80843239289709
13.872370395478386
13.872370395478386
10.009226799322978
24.420959724578083
13.872370395478386
24.050719543847364
13.872370395478386
21.843636164881964
24.028088244315327
22.830463737811247
23.80843239289709
23.91273661657003
21.833890624429994
23.09781450404464
14.68554882794677
22.87607713248215
24.037489300823857
12.830161298315186
21.530263074629193
24.420959724578083
24.284204581924616
13.872370395478386
21.31271332562311
24.420959724578083
24.081932380226927
13.917983790149284
20.542095768099237
23.80843239289709
21.988559596527946
23.80843239289709
10.009226799322978
18.174071284599922
21.788277229759093
23.854045787567987
24.420959724578083
13.886892868530806
24.050719543847364
21.20466097048071
23.80843239289709
13.977696776426123
24.305564579574742
21.343560749912236
12.777696426948584
19.262213345916752
23.784396249973724
23.854045787567987
24.574693906110138
24.050719543847364
22.249939861396395
23.854045787567987
17.017173616539164
24.305564579574742
12.527864845102009
23.80843239289709
14.856470665441769
10.009226799322978
23.854045787567987
22.022861826035754
14.995083762478705
13.841279473859908
11.350621364038494
14.323663960760308
13.841279473859908
23.784396249973724
13.872370395478386
14.5302387237265
24.574693906110138
24.420959724578083
11.93233083659041
12.777696426948584
23.784396249973724
13.917983790149284
14.425738506295962
23.830009644644623
17.359123925421013
13.91445955663342
23.977045822558953
10.41224311579471
23.963883014675773
23.854045787567987
12.301435914491105
23.784396249973724
13.841279473859908
19.200789566671045
24.420959724578083
23.80843239289709
13.406003581465912
23.784396249973724
24.420959724578083
12.830161298315186
24.284204581924616
23.442991401685052
21.833890624429994
23.830009644644623
23.80843239289709
23.80843239289709
10.054839529608255
12.784548900222717
23.80843239289709
13.841279473859908
13.872370395478386
23.854045787567987
18.32566548005325
17.359123925421013
24.050719543847364
25.075406466888463
24.420959724578083
12.573477907580099
20.311431046974544
13.841279473859908
21.699436581367856
20.896796633587694
11.350621364038494
23.784396249973724
23.854045787567987
3.8384739615443486
13.841279473859908
17.36123833265341
21.788277229759093
24.050719543847364
23.80843239289709
23.854045787567987
24.420959724578083
12.844126019640475
20.51014413491137
22.575542962123304
13.98113098569062
14.70890630096035
13.178022978241888
21.21620799253854
13.841279473859908
23.80843239289709
13.872370395478386
24.13639074064327
23.80843239289709
23.91273661657003
24.420959724578083
23.830009644644623
13.841279473859908
20.97962359554876
14.275489027335444
24.420959724578083
20.97962359554876
24.216663139899367
18.537637711788012
14.995083762478705
23.784396249973724
24.305564579574742
23.80843239289709
17.359123925421013
24.420959724578083
13.132410580149418
22.478673545719534
24.420959724578083
23.80843239289709
24.55065743099396
23.80843239289709
24.050719543847364
10.054839529608255
11.350621364038494
24.420959724578083
22.204326466725497
14.380125111625063
13.315614914582456
23.80843239289709
15.84817482881435
15.84817482881435
22.830463737811247
24.058263642550852
12.527864845102009
23.80843239289709
18.187247380195483
22.830463737811247
16.929488999124946
24.420959724578083
10.009226799322978
24.420959724578083
23.80843239289709
10.054839529608255
23.09781450404464
23.80843239289709
14.72444960251633
10.054839529608255
21.008636318951076
17.017173616539164
10.009226799322978
10.009226799322978
24.050719543847364
24.420959724578083
23.830009644644623
14.488186435973322
20.212590398439268
13.872370395478386
23.854045787567987
13.886892868530806
24.050719543847364
11.350621364038494
23.442991401685052
14.275489027335444
24.050719543847364
10.009226799322978
23.888700805839473
10.009226799322978
10.009226799322978
16.730056049369953
23.91273661657003
23.80843239289709
23.91273661657003
24.184181991373176
23.38370461878279
16.899154812726483
14.380125111625063
13.564019063926658
10.009226799322978
23.91273661657003
23.830009644644623
23.854045787567987
23.977045822558953
23.784396249973724
13.872370395478386
23.854045787567987
18.76061449472271
21.629937527116287
13.841279473859908
12.527864845102009
23.864605200403204
13.886892868530806
10.054839529608255
23.854045787567987
10.354883383380292
24.420959724578083
13.132410580149418
13.841279473859908
23.854045787567987
12.990746956542946
23.854045787567987
12.573477907580099
23.80843239289709
13.872370395478386
17.017173616539164
23.854045787567987
24.420959724578083
23.854045787567987
23.977045822558953
24.391837377548633
23.80843239289709
23.80843239289709
23.80843239289709
24.084752697179486
