23.890619219314267
24.420959724578083
24.284204581924616
14.04098448952587
22.830463737811247
26.169340974224344
24.85515665472686
24.241849998714805
15.192821532326878
14.275489027335444
23.80843239289709
4.7557765691829275
10.009226799322978
19.698497775680355
19.02393808752667
23.80843239289709
23.854045787567987
23.80843239289709
23.977045822558953
23.888700805839473
23.80843239289709
13.47465820159576
24.081932380226927
24.420959724578083
23.80843239289709
24.168933677032026
26.14530483130098
24.284204581924616
23.80843239289709
23.963883014675773
23.80843239289709
24.396924246040335
24.420959724578083
18.97832469285577
23.80843239289709
23.830009644644623
14.275489027335444
23.80843239289709
13.872370395478386
24.396924246040335
24.050719543847364
23.80843239289709
24.420959724578083
24.149526973101697
23.80843239289709
23.854045787567987
24.82763414826791
24.420959724578083
23.80843239289709
23.80843239289709
24.216663139899367
23.784396249973724
24.420959724578083
25.191373315716934
24.477255111230903
24.050719543847364
24.026683068731188
22.204326466725497
13.872370395478386
13.99956403249634
23.80843239289709
24.420959724578083
23.80843239289709
20.956267119113605
16.776956026792003
13.872370395478386
9.374057537940038
24.420959724578083
23.830009644644623
12.094816305495636
23.80843239289709
23.80843239289709
24.002527004203596
19.638108444843397
24.420959724578083
23.830009644644623
23.854045787567987
22.204326466725497
24.420959724578083
23.80843239289709
23.80843239289709
24.420959724578083
18.141633985524585
26.14530483130098
23.784396249973724
10.580128378818177
23.953010344021205
18.754160985012774
23.80843239289709
24.72331564030416
21.21620799253854
23.80843239289709
23.854045787567987
22.01659500868475
24.050719543847364
24.420959724578083
23.854045787567987
21.465742926206243
26.169340974224344
14.163360998613427
11.624121351368332
14.273545367207126
13.841279473859908
24.420959724578083
23.303825535813125
23.784396249973724
24.050719543847364
23.38370461878279
24.050719543847364
22.830463737811247
23.80843239289709
13.917983790149284
23.80843239289709
23.240597617419088
23.854045787567987
20.616667738744507
23.38370461878279
23.38370461878279
23.830009644644623
23.80843239289709
11.707889747751487
23.80843239289709
14.04098448952587
23.80843239289709
23.80843239289709
24.420959724578083
14.04098448952587
20.41007370859537
23.80843239289709
23.784396249973724
24.420959724578083
11.396234094323772
23.80843239289709
24.51291268740142
14.47285341246575
23.80843239289709
11.64733099858169
17.986377032153836
13.886892868530806
10.054839529608255
22.830463737811247
20.464530740240473
9.167067533961987
24.240698286244307
24.82763414826791
23.876655826760217
24.420959724578083
23.442991401685052
22.830463737811247
23.80843239289709
24.420959724578083
24.220134554758527
24.220134554758527
24.284204581924616
15.238434926997776
24.420959724578083
14.740627392338428
24.420959724578083
19.045616990273906
23.80843239289709
24.420959724578083
12.301435914491105
23.91273661657003
22.830463737811247
23.80843239289709
24.420959724578083
23.80843239289709
13.841279473859908
22.249939861396395
23.80843239289709
13.841279473859908
23.38370461878279
14.856470665441769
23.830009644644623
20.620483305354295
23.830009644644623
24.396924246040335
23.854045787567987
24.109410040656595
16.80811338697238
24.420959724578083
23.80843239289709
23.97173206637837
23.80843239289709
23.80843239289709
24.028088244315327
22.96260737988339
26.14530483130098
24.420959724578083
16.24570996392952
23.80843239289709
23.80843239289709
23.80843239289709
10.306349017335558
23.80843239289709
24.284204581924616
24.420959724578083
23.80843239289709
24.420959724578083
21.788277229759093
22.87607713248215
26.169340974224344
22.87607713248215
24.420959724578083
24.420959724578083
24.420959724578083
11.10433029315545
23.132260573038955
24.420959724578083
23.80843239289709
13.872370395478386
14.04098448952587
23.80843239289709
13.886892868530806
24.050719543847364
24.237560392965875
20.877115538396723
24.050719543847364
24.284204581924616
23.830009644644623
24.420959724578083
24.050719543847364
24.050719543847364
23.80843239289709
23.80843239289709
24.050719543847364
23.97173206637837
16.899154812726483
23.38370461878279
23.38370461878279
23.80843239289709
14.04098448952587
24.420959724578083
23.80843239289709
20.32691787575291
23.38370461878279
23.072750556568714
4.72360602093361
14.321102422006343
18.97832469285577
23.977045822558953
24.420959724578083
10.054839529608255
16.447674555085626
19.02393808752667
23.854045787567987
24.396924246040335
24.85166962680566
20.4195588098847
13.841279473859908
23.854045787567987
20.581218115272726
23.80843239289709
17.791389818768234
24.284204581924616
23.38370461878279
20.955375181420127
23.91273661657003
21.017217855798595
23.854045787567987
11.350621364038494
23.854045787567987
23.80843239289709
23.80843239289709
13.917983790149284
23.38370461878279
22.929950833553793
18.46797355771013
24.420959724578083
23.784396249973724
23.80843239289709
23.830009644644623
23.80843239289709
18.58325110645891
14.04098448952587
14.04098448952587
13.841279473859908
13.917983790149284
24.284204581924616
24.420959724578083
23.784396249973724
23.80843239289709
23.854045787567987
24.284204581924616
24.420959724578083
23.80843239289709
15.192821532326878
24.420959724578083
24.420959724578083
23.442991401685052
24.396924246040335
23.80843239289709
13.872370395478386
23.80843239289709
23.80843239289709
18.501302462286137
23.38370461878279
23.80843239289709
23.939846871752405
14.04098448952587
23.80843239289709
23.80843239289709
11.40020612374683
23.80843239289709
23.38370461878279
13.917983790149284
18.97832469285577
24.420959724578083
23.80843239289709
24.050719543847364
9.335502576085156
23.80843239289709
23.854045787567987
23.80843239289709
11.624121351368332
16.36746626904176
24.420959724578083
23.830009644644623
24.420959724578083
14.04098448952587
23.38370461878279
18.17394305817546
22.352763501717444
23.80843239289709
24.420959724578083
26.14530483130098
24.340484687708198
20.525046636537848
23.072750556568714
23.80843239289709
18.537637711788012
22.204326466725497
24.420959724578083
22.37293989638736
18.605862142229572
23.830009644644623
22.87607713248215
23.956868431310607
24.420959724578083
24.420959724578083
23.38370461878279
17.359123925421013
21.833890624429994
19.02393808752667
8.64678051188454
20.64789353064364
23.80843239289709
26.169340974224344
21.51135632087714
23.80843239289709
23.346268150117456
24.420959724578083
23.854045787567987
15.216182327268553
24.050719543847364
23.38370461878279
14.04098448952587
23.80843239289709
23.80843239289709
24.420959724578083
23.80843239289709
13.841279473859908
22.830463737811247
23.854045787567987
24.109410040656595
13.841279473859908
24.420959724578083
23.80843239289709
18.98972687884866
11.350621364038494
24.420959724578083
22.93476762929138
23.38370461878279
23.303825535813125
24.420959724578083
23.80843239289709
24.420959724578083
23.97173206637837
21.202304726883007
10.380443294720783
14.04098448952587
14.708453522161015
24.284204581924616
23.91273661657003
24.284204581924616
24.284204581924616
23.38370461878279
23.80843239289709
13.841279473859908
25.191373315716934
17.828194456709916
22.87607713248215
26.169340974224344
22.249939861396395
24.420959724578083
23.830009644644623
24.396924246040335
24.420959724578083
23.977045822558953
23.784396249973724
16.957845973921334
8.487522628316308
10.054839529608255
18.81189277337382
23.854045787567987
18.96990460171366
27.160333248406193
23.784396249973724
21.89258245001046
23.80843239289709
28.03250879164696
23.830009644644623
23.80843239289709
24.420959724578083
20.4195588098847
26.169340974224344
23.80843239289709
16.957845973921334
24.050719543847364
20.569204362317567
23.80843239289709
23.80843239289709
24.51773513041677
23.80843239289709
23.80843239289709
24.420959724578083
10.17252647280426
24.284204581924616
24.081932380226927
23.38370461878279
24.396924246040335
18.537637711788012
10.009226799322978
24.396924246040335
23.80843239289709
23.87221573766859
17.93659661088071
23.784396249973724
22.93476762929138
10.009226799322978
7.954552816965388
23.80843239289709
23.953010344021205
23.442991401685052
23.38370461878279
16.447674555085626
23.91273661657003
15.287026098012932
10.054839529608255
19.638108444843397
24.420959724578083
23.80843239289709
24.420959724578083
23.80843239289709
23.854045787567987
23.80843239289709
24.420959724578083
23.80843239289709
23.80843239289709
23.784396249973724
10.009226799322978
14.04098448952587
23.80843239289709
23.80843239289709
20.956267119113605
24.050719543847364
13.841279473859908
23.80843239289709
19.3939194900588
24.050719543847364
14.04098448952587
23.80843239289709
23.38370461878279
23.784396249973724
24.420959724578083
18.83144232021223
23.80843239289709
20.464530740240473
14.04098448952587
20.569204362317567
23.977045822558953
23.80843239289709
26.14530483130098
13.47465820159576
23.80843239289709
13.841279473859908
23.98366742183049
23.91273661657003
23.854045787567987
13.841279473859908
13.886892868530806
23.975451297073405
26.169340974224344
19.200789566671045
14.04098448952587
23.80843239289709
17.50410416203742
23.80843239289709
24.109410040656595
24.396924246040335
9.374057537940038
14.740627392338428
23.072750556568714
15.192821532326878
24.420959724578083
22.204326466725497
15.491198110388089
23.830009644644623
24.420959724578083
26.169340974224344
23.80843239289709
21.788277229759093
10.009226799322978
21.7175939081417
19.246402961341943
13.886892868530806
24.420959724578083
24.396924246040335
14.04098448952587
22.446613617675776
24.420959724578083
10.009226799322978
23.830009644644623
24.050719543847364
20.877115538396723
20.372531270423806
21.444591545640474
24.050719543847364
24.420959724578083
23.80843239289709
21.202304726883007
24.420959724578083
23.830009644644623
24.050719543847364
24.574693906110138
24.026683068731188
24.420959724578083
23.784396249973724
24.050719543847364
24.420959724578083
23.80843239289709
23.854045787567987
23.937810529830237
24.050719543847364
24.420959724578083
20.877115538396723
18.97832469285577
24.420959724578083
21.95689165599939
13.886892868530806
23.80843239289709
21.202304726883007
20.395141309616037
24.050719543847364
20.030452402924684
24.396924246040335
23.80843239289709
23.977045822558953
24.396924246040335
23.854045787567987
24.396924246040335
21.788277229759093
22.830463737811247
22.400805225825707
24.396924246040335
15.414261259132068
13.886892868530806
23.830009644644623
24.050719543847364
24.050719543847364
20.581218115272726
17.791389818768234
24.050719543847364
23.80843239289709
23.830009644644623
23.830009644644623
22.830463737811247
23.80843239289709
23.91273661657003
24.396924246040335
13.886892868530806
23.949688748119126
23.078689167423946
22.816854130599303
23.854045787567987
24.284204581924616
23.89577152978944
10.009226799322978
23.59672491883149
24.420959724578083
23.830009644644623
23.80843239289709
11.046226781040584
23.830009644644623
10.009226799322978
23.977045822558953
16.293462680293526
20.32691787575291
13.841279473859908
24.284204581924616
20.956267119113605
23.80843239289709
23.854045787567987
24.420959724578083
17.601410411985672
23.247564365019684
23.963883014675773
23.854045787567987
22.972266882397705
24.75347841521293
24.050719543847364
23.977045822558953
24.420959724578083
24.396924246040335
24.53817595056304
23.80843239289709
23.854045787567987
23.830009644644623
24.420959724578083
15.238434926997776
24.420959724578083
23.830009644644623
10.009226799322978
13.872370395478386
22.133037889809216
24.240698286244307
13.349922126982406
23.830009644644623
23.830009644644623
23.80843239289709
24.420959724578083
23.784396249973724
24.284204581924616
24.420959724578083
23.854045787567987
23.80843239289709
24.420959724578083
26.300684696011242
24.050719543847364
24.218566604697738
13.47465820159576
21.465742926206243
13.917983790149284
17.791389818768234
23.80843239289709
14.995083762478705
10.173483852481207
23.80843239289709
10.009226799322978
13.841279473859908
23.80843239289709
17.76156887026043
13.872370395478386
24.420959724578083
23.80843239289709
23.80843239289709
14.319697578615013
23.09781450404464
23.854045787567987
21.025236990219657
24.19453046177437
13.841279473859908
14.04098448952587
23.80843239289709
10.306349017335558
21.21620799253854
24.420959724578083
23.784396249973724
17.93659661088071
23.784396249973724
23.80843239289709
23.784396249973724
15.041750208355685
23.94265722292068
23.854045787567987
10.009226799322978
21.289644528160977
23.80843239289709
23.80843239289709
20.877115538396723
23.80843239289709
17.30743140233647
20.662281133415405
23.888700805839473
24.284204581924616
13.841279473859908
24.420959724578083
10.009226799322978
23.854045787567987
24.420959724578083
23.80843239289709
23.854045787567987
22.308630690398438
22.204326466725497
19.70333549956494
23.953010344021205
14.444103121382927
20.620483305354295
23.80843239289709
23.80843239289709
24.420959724578083
23.888700805839473
23.303825535813125
24.420959724578083
23.830009644644623
23.80843239289709
23.89577152978944
23.91273661657003
19.698497775680355
14.805132592084952
24.420959724578083
24.420959724578083
24.284204581924616
13.841279473859908
21.788277229759093
10.009226799322978
10.562532125699558
20.80929073590498
14.175168792026703
24.036749507437126
23.784396249973724
22.204326466725497
23.80843239289709
19.326366421285215
10.009226799322978
23.888700805839473
24.050719543847364
23.80843239289709
23.16740358254758
13.841279473859908
16.396404581254753
23.784396249973724
24.420959724578083
23.784396249973724
23.80843239289709
24.420959724578083
23.854045787567987
15.041750208355685
23.09781450404464
23.80843239289709
22.830463737811247
17.866152135893337
24.420959724578083
15.674002816871312
23.80843239289709
18.808217392129635
23.854045787567987
14.708453522161015
24.420959724578083
23.80843239289709
21.202304726883007
23.854045787567987
22.99907783185873
13.841279473859908
23.80843239289709
13.990844967825687
22.87607713248215
23.80843239289709
23.563213308210265
23.442991401685052
24.420959724578083
23.854045787567987
24.420959724578083
15.192821532326878
20.569204362317567
21.833890624429994
10.009226799322978
24.420959724578083
23.830009644644623
23.80843239289709
22.87607713248215
24.220134554758527
23.80843239289709
21.412095448437857
23.91273661657003
23.854045787567987
23.91273661657003
23.80843239289709
23.830009644644623
10.009226799322978
13.91195249750021
24.284204581924616
24.420959724578083
13.917983790149284
13.886892868530806
24.420959724578083
22.249939861396395
18.05044705931993
24.396924246040335
24.55065743099396
23.784396249973724
15.192821532326878
23.09781450404464
21.465742926206243
20.877115538396723
23.830009644644623
14.04098448952587
23.854045787567987
20.525046636537848
23.80843239289709
13.872370395478386
22.830463737811247
23.830009644644623
24.050719543847364
24.284204581924616
24.284204581924616
24.050719543847364
20.692245921409718
23.80843239289709
24.420959724578083
23.854045787567987
15.100442033936154
25.97371927257262
24.22463477074867
23.91273661657003
23.80843239289709
13.917983790149284
20.391213794029454
24.420959724578083
24.284204581924616
21.465742926206243
24.420959724578083
23.38370461878279
23.80843239289709
20.877115538396723
13.872370395478386
24.420959724578083
21.89258245001046
10.054839529608255
20.464530740240473
14.04098448952587
23.854045787567987
21.025236990219657
10.054839529608255
24.050719543847364
13.841279473859908
22.830463737811247
4.72360602093361
21.025236990219657
20.80845792853159
23.854045787567987
23.80843239289709
23.854045787567987
16.43659459611794
22.36762614020678
19.44448089662703
21.629937527116287
23.854045787567987
24.420959724578083
26.610062503344288
23.80843239289709
23.80843239289709
15.041750208355685
23.953010344021205
23.80843239289709
24.220134554758527
23.072750556568714
23.80843239289709
22.613229904166992
24.18169320284449
10.054839529608255
24.78060029714364
21.202304726883007
23.89826530121027
14.084971800394321
23.854045787567987
24.050719543847364
24.85166962680566
16.41307966371266
11.826476601268396
13.841279473859908
11.395821178661578
23.80843239289709
24.026683068731188
17.599218271635856
22.978900772803197
23.91273661657003
21.391447672171275
23.80843239289709
20.525046636537848
21.629937527116287
23.91273661657003
23.830009644644623
21.02904790613011
20.464530740240473
23.80843239289709
24.284204581924616
23.830009644644623
24.420959724578083
14.04098448952587
18.808217392129635
24.420959724578083
24.050719543847364
23.80843239289709
23.80843239289709
23.91273661657003
24.420959724578083
24.420959724578083
13.886892868530806
20.569204362317567
24.396924246040335
23.830009644644623
10.009226799322978
24.420959724578083
24.420959724578083
24.420959724578083
23.956868431310607
22.830463737811247
13.872370395478386
18.808217392129635
18.808217392129635
14.708453522161015
23.80843239289709
23.80843239289709
22.87607713248215
23.854045787567987
22.159494057349708
23.247564365019684
24.420959724578083
21.788277229759093
23.830009644644623
23.442991401685052
23.80843239289709
23.09781450404464
23.854045787567987
15.157195182280448
21.950661712050234
24.050719543847364
24.050719543847364
24.050719543847364
24.63209682358979
24.211253047804036
23.80843239289709
24.420959724578083
22.204326466725497
18.451098162988103
10.054839529608255
23.830009644644623
23.830009644644623
22.816854130599303
23.80843239289709
21.51135632087714
18.83144232021223
23.80843239289709
24.420959724578083
23.80843239289709
13.886892868530806
22.816854130599303
24.284204581924616
23.854045787567987
23.830009644644623
14.762452459921839
17.445547206737604
24.08537389773323
23.38370461878279
13.841279473859908
24.420959724578083
23.80843239289709
22.830463737811247
14.638630912113006
23.830009644644623
18.25384406587055
22.816854130599303
23.80843239289709
13.841279473859908
23.830009644644623
14.273545367207126
24.220134554758527
24.420959724578083
21.833890624429994
24.420959724578083
24.420959724578083
23.80843239289709
23.830009644644623
13.841279473859908
24.420959724578083
23.963883014675773
15.238434926997776
19.831618396805204
24.420959724578083
23.953010344021205
23.80843239289709
23.830009644644623
23.072750556568714
23.80843239289709
23.998538697332876
23.80843239289709
10.009226799322978
10.009226799322978
19.537956631289063
23.854045787567987
24.51291268740142
14.321102422006343
18.78683314440442
23.949688748119126
10.009226799322978
23.80843239289709
21.182930577848005
24.420959724578083
15.041750208355685
24.240698286244307
24.050719543847364
19.259359809683243
23.80843239289709
23.784396249973724
23.97173206637837
14.04098448952587
24.284204581924616
10.054839529608255
24.281794190898967
21.788277229759093
13.872370395478386
10.36649518303597
24.149526973101697
22.249939861396395
17.359123925421013
24.396924246040335
22.816854130599303
23.830009644644623
22.400805225825707
24.420959724578083
24.420959724578083
23.784396249973724
22.564828747438867
13.47465820159576
24.420959724578083
23.91273661657003
23.80843239289709
20.877115538396723
23.91273661657003
24.284204581924616
24.284204581924616
23.80843239289709
24.420959724578083
24.026683068731188
19.05864227033396
23.88732918172909
24.6790898149985
23.953010344021205
21.843636164881964
20.616667738744507
23.830009644644623
24.396924246040335
21.35841641235257
23.784396249973724
24.396924246040335
24.396924246040335
24.420959724578083
23.854045787567987
14.805132592084952
14.03998292820526
26.169340974224344
24.050719543847364
14.810857270770871
21.465742926206243
21.21620799253854
24.420959724578083
24.026683068731188
23.928455980315036
23.854045787567987
24.85166962680566
13.841279473859908
23.80843239289709
24.358850299373593
23.784396249973724
21.306609282748756
24.050719543847364
24.420959724578083
24.420959724578083
23.80843239289709
21.606999613621092
22.031969556293507
23.854045787567987
21.833890624429994
24.284204581924616
13.872370395478386
19.786005002134303
22.87607713248215
23.784396249973724
23.830009644644623
21.24791812155391
23.830009644644623
23.830009644644623
22.99907783185873
24.420959724578083
23.784396249973724
13.872370395478386
22.204326466725497
23.830009644644623
21.18460981249997
25.508889846882457
23.949688748119126
23.784396249973724
23.91273661657003
24.284204581924616
24.827462736778212
23.784396249973724
23.854045787567987
21.773628855631877
20.616667738744507
13.872370395478386
22.249939861396395
16.611158595576175
24.050719543847364
22.93476762929138
22.830463737811247
24.420959724578083
24.420959724578083
23.80843239289709
24.396924246040335
4.72360602093361
23.80843239289709
23.442991401685052
21.2874188363374
18.853450093840863
21.148238021789048
23.854045787567987
19.187489895350353
23.830009644644623
19.907404864361965
14.321102422006343
24.420959724578083
19.207104884172235
10.009226799322978
24.6790898149985
24.16578781112617
23.247564365019684
24.196098744027967
24.420959724578083
23.80843239289709
24.284204581924616
24.420959724578083
24.420959724578083
22.816854130599303
14.04098448952587
20.616667738744507
14.380125111625063
21.202304726883007
24.050719543847364
23.80843239289709
22.204326466725497
21.795383498339675
23.830009644644623
18.432467461460735
23.854045787567987
23.784396249973724
18.72698263030445
23.949688748119126
23.80843239289709
13.841279473859908
22.87607713248215
22.204326466725497
23.80843239289709
23.80843239289709
18.57941992678708
21.160022561705663
22.93476762929138
25.625682194842508
11.396234094323772
22.830463737811247
23.80843239289709
21.795383498339675
21.833890624429994
20.891065643238395
22.816854130599303
24.420959724578083
22.816854130599303
18.161178881663666
16.351754213538563
23.91273661657003
13.886892868530806
23.830009644644623
24.420959724578083
22.830463737811247
23.854045787567987
23.80843239289709
23.80843239289709
14.04098448952587
14.740627392338428
10.009226799322978
23.80843239289709
24.396924246040335
20.97962359554876
21.788277229759093
23.830009644644623
20.720971630224636
23.80843239289709
24.420959724578083
23.830009644644623
20.662281133415405
24.420959724578083
15.041750208355685
24.396924246040335
24.284204581924616
26.169340974224344
13.841279473859908
23.91273661657003
10.009226799322978
20.662281133415405
15.341258567318823
23.784396249973724
13.872370395478386
12.959593914869092
21.85650132800784
23.830009644644623
24.420959724578083
23.80843239289709
21.788277229759093
15.658529275805327
24.050719543847364
23.80843239289709
24.420959724578083
23.80843239289709
21.833890624429994
24.050719543847364
23.854045787567987
21.788277229759093
24.050719543847364
23.854045787567987
23.91273661657003
22.19998038819896
23.784396249973724
20.829233266837015
21.161500487515077
13.841279473859908
23.977045822558953
20.80845792853159
22.371710782992256
23.854045787567987
24.284204581924616
24.420959724578083
23.80843239289709
24.420959724578083
24.420959724578083
13.841279473859908
21.02904790613011
26.169340974224344
24.420959724578083
21.833890624429994
24.109410040656595
23.953010344021205
23.196376110619948
24.396924246040335
23.072750556568714
23.854045787567987
24.420959724578083
21.465742926206243
23.80843239289709
23.80843239289709
13.806082649116147
26.169340974224344
21.24791812155391
20.877115538396723
23.80843239289709
23.784396249973724
20.891065643238395
24.63338440291937
15.041750208355685
18.745599379733818
22.204326466725497
23.830009644644623
23.80843239289709
19.698497775680355
22.446613617675776
25.191373315716934
23.80843239289709
23.80843239289709
24.284204581924616
20.706816894612324
24.85166962680566
23.80843239289709
18.84235917251046
24.284204581924616
18.537637711788012
23.38370461878279
14.233133115354393
26.169340974224344
23.103963392948277
23.91273661657003
23.854045787567987
24.574693906110138
23.80843239289709
24.420959724578083
20.877115538396723
13.841279473859908
23.80843239289709
24.420959724578083
24.050719543847364
23.854045787567987
13.47465820159576
23.80843239289709
11.350621364038494
22.830463737811247
16.776956026792003
17.601410411985672
12.301435914491105
22.831515460246088
24.420959724578083
23.80843239289709
26.169340974224344
20.956267119113605
13.406003581465912
24.420959724578083
23.80843239289709
24.420959724578083
13.872370395478386
23.442991401685052
24.420959724578083
13.917983790149284
23.784396249973724
24.420959724578083
24.050719543847364
10.482588597324854
13.872370395478386
23.80843239289709
23.784396249973724
24.081932380226927
22.446613617675776
19.661608760765056
24.420959724578083
22.830463737811247
23.830009644644623
23.80843239289709
23.38370461878279
23.80843239289709
26.169340974224344
24.420959724578083
24.050719543847364
23.80843239289709
24.396924246040335
23.784396249973724
11.47521326697253
23.830009644644623
10.009226799322978
24.420959724578083
23.784396249973724
23.977045822558953
23.953010344021205
17.791389818768234
21.51135632087714
24.420959724578083
23.854045787567987
24.412354602041088
23.854045787567987
24.396924246040335
21.017217855798595
24.420959724578083
24.284204581924616
24.109410040656595
24.420959724578083
8.576075597734528
24.050719543847364
21.083927819221696
14.010005849076997
24.420959724578083
13.841279473859908
24.420959724578083
24.420959724578083
16.447674555085626
23.072750556568714
24.420959724578083
23.784396249973724
23.80843239289709
14.708453522161015
24.420959724578083
26.169340974224344
23.80843239289709
11.707889747751487
9.519277285572086
24.420959724578083
25.468621434516233
23.240597617419088
24.420959724578083
15.041750208355685
20.51014413491137
23.80843239289709
11.707889747751487
21.788277229759093
23.103963392948277
13.841279473859908
24.420959724578083
23.80843239289709
24.53817595056304
24.050719543847364
23.38370461878279
23.38370461878279
24.420959724578083
20.877115538396723
23.38370461878279
23.830009644644623
23.80843239289709
23.80843239289709
22.87607713248215
22.87607713248215
23.784396249973724
24.420959724578083
24.420959724578083
23.80843239289709
19.200789566671045
24.420959724578083
24.149526973101697
24.220134554758527
24.420959724578083
23.132260573038955
10.009226799322978
24.050719543847364
23.38370461878279
13.917983790149284
22.400805225825707
10.306349017335558
13.917983790149284
24.050719543847364
24.396924246040335
23.80843239289709
23.80843239289709
20.662281133415405
23.91273661657003
11.624121351368332
23.072750556568714
19.3939194900588
14.04098448952587
24.420959724578083
23.784396249973724
23.80843239289709
23.80843239289709
23.80843239289709
10.306349017335558
24.420959724578083
23.80843239289709
23.80843239289709
24.420959724578083
19.146449799087687
23.80843239289709
23.38370461878279
13.886892868530806
23.80843239289709
24.420959724578083
24.420959724578083
23.830009644644623
23.963883014675773
14.04098448952587
23.830009644644623
10.009226799322978
23.80843239289709
15.341258567318823
23.132260573038955
21.21620799253854
23.830009644644623
13.841279473859908
14.273545367207126
23.80843239289709
22.830463737811247
13.841279473859908
18.537637711788012
23.247564365019684
24.420959724578083
13.841279473859908
23.80843239289709
23.247564365019684
13.886892868530806
21.788277229759093
22.830463737811247
22.830463737811247
13.886892868530806
13.841279473859908
20.372531270423806
23.854045787567987
23.247564365019684
14.04098448952587
24.396924246040335
16.710933702484546
23.80843239289709
23.784396249973724
24.420959724578083
24.420959724578083
24.396924246040335
