5.1751757
3.9717555
3.7714994
6.250285
3.2956455
4.4064207
6.6739063
6.55797
8.248479
6.314998
3.2956455
4.2201896
3.2956455
6.9659677
4.4064207
5.744354
3.469161
3.2956455
4.6764927
3.9497473
5.196686
5.704367
5.420873
6.153658
5.360956
3.2956455
5.1751757
5.375416
3.9497473
3.469161
6.4378448
4.2201896
5.744354
4.3828855
5.744354
3.469161
3.2956455
6.242342
4.6764927
3.2956455
4.6863203
4.3828855
6.215884
4.579384
4.499386
4.6611304
3.469161
8.248479
8.248479
3.6630955
4.3828855
3.469161
3.9497473
6.242342
5.083103
5.396529
6.250285
3.469161
4.73732
4.6764927
3.2956455
5.044016
5.6076517
5.1751757
7.033427
5.1751757
3.469161
3.469161
5.1751757
4.6863203
3.7714994
5.375416
4.2201896
4.6611304
3.469161
3.469161
5.1407866
3.561916
3.2956455
6.250285
3.469161
3.469161
4.2201896
8.248479
4.6611304
3.469161
6.1904697
3.469161
5.744354
4.6290755
3.9236827
5.761658
3.537955
3.9236827
3.2956455
3.6630955
4.5970745
5.4889994
3.469161
3.469161
3.6630955
3.469161
3.2956455
4.937782
6.250285
8.248479
4.2201896
6.9456244
5.071911
3.469161
4.6604314
3.6630955
3.2956455
3.469161
3.469161
3.9497473
4.2201896
5.921918
5.06947
5.8184752
4.4064207
5.9855022
6.0487065
3.537955
3.469161
5.655355
3.469161
3.9497473
3.2956455
5.472309
5.8428755
5.031002
4.579384
4.665015
5.196686
3.9717555
4.6604314
4.3828855
4.3828855
3.469161
5.9391932
5.9887824
5.962317
4.561048
5.704367
5.6076517
4.937782
4.4064207
5.744354
3.5632582
3.2956455
4.6611304
8.248479
4.3828855
3.7714994
5.880659
3.469161
3.2956455
3.5632582
5.884841
3.537955
5.1751757
5.1751757
4.3828855
3.469161
3.469161
4.6604314
8.248479
3.469161
3.2956455
4.137306
3.469161
3.9236827
5.1751757
5.903496
3.469161
3.469161
3.9497473
5.196686
4.579384
5.072474
5.3967466
3.469161
3.469161
3.469161
4.579384
3.537955
3.561916
4.937782
3.469161
3.9497473
4.4064207
5.134548
5.6482825
4.6290755
5.313124
3.469161
6.242342
3.469161
3.2956455
5.299539
3.469161
3.469161
6.0786963
6.55797
5.1751757
3.469161
6.1733494
3.469161
4.6764927
3.9497473
3.6630955
3.6630955
5.7182713
5.1751757
5.1751757
5.196686
3.469161
3.469161
4.2201896
3.469161
5.1751757
3.848862
3.469161
4.579384
3.469161
4.2201896
3.6630955
3.469161
3.996071
3.537955
3.561916
5.3068337
3.469161
3.9063916
4.579384
3.537955
5.196686
5.744354
5.031002
4.6764927
3.469161
3.469161
3.9717555
4.6611304
3.9236827
5.655355
6.215884
5.25007
3.9497473
5.744354
3.469161
3.537955
5.196686
3.7714994
5.196686
3.537955
5.744354
6.215884
4.6604314
4.937782
3.469161
5.744354
4.4064207
4.570856
5.375416
4.137306
4.6604314
5.1783037
4.580659
5.7182713
5.744354
5.196686
3.7714994
4.6604314
5.744354
3.469161
5.196686
5.8031764
4.937782
3.469161
5.5291753
4.2201896
4.3828855
3.537955
3.537955
4.4064207
4.6925993
4.2201896
3.2956455
3.469161
3.7904503
5.89457
3.469161
4.2201896
3.6630955
5.044016
4.6707287
3.469161
3.469161
4.579384
4.6604314
5.196686
5.196686
3.469161
3.469161
3.7662525
3.469161
3.7714994
3.469161
5.907904
4.6604314
4.6925993
5.918043
8.248479
8.248479
4.6611304
5.396529
3.561916
6.55797
3.469161
5.1751757
3.469161
5.1751757
6.434769
6.0414915
4.579384
4.6604314
6.0589046
5.2896028
5.1751757
3.537955
3.469161
4.6604314
5.5031157
4.6604314
3.561916
5.1832557
3.7714994
6.1008515
5.1751757
5.734548
5.8428755
3.469161
4.6611304
4.6764927
5.134548
5.299539
4.6604314
4.6863203
4.579384
3.6630955
8.248479
4.2201896
3.848862
5.744354
5.3779106
3.2849693
3.7714994
4.6604314
3.6630955
3.469161
3.469161
5.2900224
4.9459586
4.579384
4.6611304
8.248479
4.4002748
3.848862
3.469161
5.655355
4.6611304
3.9717555
4.579384
4.6764927
4.9612117
4.4064207
5.1347985
5.214419
3.469161
3.9236827
5.0584335
6.197511
4.3828855
5.990983
5.742482
5.044016
3.469161
4.4064207
6.2010756
5.1751757
4.2201896
5.386791
3.537955
3.848862
3.537955
4.6604314
5.744354
4.9287524
3.469161
3.9236827
3.561916
6.2010756
3.469161
3.561916
3.537955
4.4064207
3.9236827
3.469161
4.579384
5.134548
3.469161
3.469161
3.9236827
5.721225
8.248479
4.9829736
3.537955
3.6630955
4.3550186
4.6604314
3.7662525
4.2201896
5.3068337
4.964801
3.469161
3.537955
4.5970745
6.6237617
5.134548
3.469161
5.727193
4.6925993
5.2833333
3.469161
8.248479
6.2010756
4.4064207
4.579384
3.537955
4.7089534
3.469161
5.126827
4.3828855
4.549797
3.6630955
5.829086
4.6604314
6.0786963
4.6611304
3.6630955
3.9236827
4.6604314
5.134548
4.6604314
4.6863203
3.469161
3.848862
5.7883983
4.137306
3.561916
3.6630955
5.655355
5.044016
4.398968
5.420873
5.1471176
4.6803675
3.6630955
3.2956455
8.154013
4.6604314
4.6604314
3.2956455
5.183279
7.7597656
6.8643036
3.6630955
6.42268
3.9497473
3.469161
4.579384
8.248479
4.4064207
3.469161
6.043696
3.469161
3.537955
4.5626063
6.043696
5.744354
3.469161
3.469161
6.4197097
3.469161
5.8428755
6.55797
3.561916
3.469161
4.579384
3.5632582
3.469161
4.2201896
3.469161
6.8643036
3.5632582
6.6739063
4.2201896
4.9459586
4.549797
3.469161
5.083103
3.469161
5.8428755
4.07037
4.579384
5.4845552
6.242342
5.3884034
3.469161
6.416759
5.134548
3.469161
6.42268
5.134548
4.575628
3.6630955
5.134548
5.1347985
4.4064207
8.248479
3.6630955
4.6764927
4.579384
5.8216195
5.655355
5.2569203
4.6290755
5.6017594
5.3979096
5.86212
5.083028
5.914329
4.6604314
3.469161
5.3068337
5.362735
3.469161
3.2956455
5.4845552
3.6630955
5.362735
5.708377
5.744354
4.0576286
3.469161
6.410918
3.469161
5.343686
4.6764927
3.469161
3.469161
3.469161
5.519938
4.6290755
5.821553
4.4064207
5.4177437
3.469161
4.7341886
3.561916
5.690342
3.469161
5.1471176
5.985651
4.366164
5.6882634
4.2201896
6.1008515
5.320046
4.2201896
3.9063916
3.469161
4.4064207
4.167387
4.694478
4.4002748
3.2956455
5.343686
8.248479
3.561916
3.469161
3.469161
3.6630955
3.469161
8.248479
5.5828204
5.1471176
6.6739063
3.9497473
4.4064207
5.1751757
6.141222
4.578654
3.537955
4.9459586
4.893265
3.469161
6.7128053
3.469161
5.304537
4.665015
6.55797
4.4064207
4.137306
4.4002748
3.469161
3.848862
4.579384
4.6611304
3.469161
5.880659
3.2956455
3.469161
4.6707287
4.579384
6.9659677
5.8428755
3.9897852
5.0079083
5.4845552
8.248479
3.469161
3.2956455
3.469161
4.937782
5.396529
5.918043
5.196686
6.314998
4.579384
3.469161
4.893265
4.4064207
5.5893335
3.469161
5.655355
3.469161
5.744354
5.744354
6.242342
4.366164
3.469161
4.3828855
5.362735
5.6409416
4.579384
5.1751757
3.469161
5.362735
4.5970745
3.2956455
5.429849
4.579384
8.248479
3.6630955
3.469161
5.205478
4.6683106
3.469161
3.469161
3.9063916
4.6604314
4.6604314
3.469161
3.469161
6.55797
4.2201896
4.4064207
4.2201896
3.2956455
5.4845552
5.083028
3.9717555
5.1751757
4.6290755
6.3035207
3.561916
3.561916
3.469161
5.134548
5.0701313
5.744354
3.469161
4.579384
4.137306
3.9236827
3.2956455
3.7714994
5.9855022
4.579384
5.1751757
6.6739063
3.469161
3.848862
3.469161
5.3068337
3.561916
5.453989
3.469161
4.6863203
5.4395394
5.313124
5.134548
3.9717555
5.183279
6.285765
5.134548
6.6739063
5.744354
3.469161
6.724591
4.9612117
3.469161
4.815803
5.4889994
8.248479
5.2569203
5.408742
3.469161
3.469161
4.4064207
5.4540324
3.469161
8.248479
5.183279
4.5970745
5.196686
4.6611304
3.469161
6.4535584
6.6739063
6.1619773
3.561916
4.6604314
3.7714994
4.936945
5.5225563
6.0206547
5.4889994
4.8963017
4.579384
5.721225
5.6194525
3.469161
5.173239
4.6803675
8.248479
3.561916
4.6611304
4.6604314
3.469161
3.9497473
3.469161
5.1751757
3.469161
4.2201896
3.848862
3.469161
4.6604314
3.469161
6.6431303
5.134548
5.880659
5.706654
5.06947
4.936945
6.290137
5.299539
5.1751757
4.6863203
4.7089534
7.556574
4.694478
4.9459586
5.4845552
4.137306
5.083103
4.6611304
4.954575
4.954575
5.869562
5.5532513
8.248479
5.568826
5.3146133
6.9765077
3.469161
5.083028
6.42268
3.6630955
3.469161
5.134548
4.2201896
3.6630955
4.3828855
6.385564
3.469161
3.848862
4.3828855
4.6604314
4.3828855
5.1751757
3.469161
4.4064207
5.344964
3.469161
5.7883983
5.134548
5.8184752
5.1347985
4.6925993
3.6630955
5.134548
3.469161
3.6630955
5.4889994
4.4064207
4.6604314
4.6863203
4.2201896
5.744354
3.469161
4.6863203
7.291581
3.6630955
3.469161
3.469161
3.469161
6.1182427
3.469161
4.665015
5.707227
4.2201896
4.6863203
3.469161
3.9497473
3.469161
3.9497473
3.469161
6.6739063
6.42268
5.462146
4.3828855
6.6739063
5.568826
3.9236827
5.4845552
5.134548
4.6290755
3.469161
7.143598
4.4064207
3.469161
4.6290755
3.9063916
6.55797
4.6604314
5.8184752
6.562059
5.134548
5.955239
5.8184752
5.7932687
3.469161
3.537955
5.134548
6.6237617
4.2201896
4.6863203
6.3747535
3.469161
5.058133
3.6630955
3.469161
5.0584335
5.313124
4.4064207
3.469161
5.821553
3.469161
4.6604314
4.4002748
3.2956455
5.9694633
5.134548
6.8101444
3.469161
6.2287817
4.4064207
4.893265
3.561916
5.942006
4.3828855
8.248479
7.338062
5.5532513
3.469161
3.469161
3.469161
5.56426
7.291581
3.537955
4.6863203
3.537955
8.248479
3.469161
4.665015
5.918043
6.153658
4.6764927
4.6611304
5.134548
3.469161
8.248479
6.6097817
3.6630955
4.4064207
3.2849693
3.9897852
4.3828855
3.469161
5.744354
4.6604314
5.918043
3.9063916
5.720122
5.990983
5.1347985
4.4064207
5.655355
5.083103
4.6611304
5.9652843
3.469161
3.469161
5.6349597
8.248479
3.469161
3.469161
5.084794
4.6611304
5.5959463
3.2956455
5.7406187
4.570856
4.137306
3.469161
4.403095
3.537955
3.2956455
4.796886
6.724591
8.248479
4.4064207
4.99058
5.1751757
6.8101444
4.6863203
3.469161
6.314998
6.314998
6.42268
3.6630955
4.579384
6.163392
4.4064207
5.744354
5.744354
3.7714994
3.2956455
3.469161
5.5263753
5.4534206
3.469161
3.2956455
6.55797
5.9391932
3.469161
4.6604314
5.863126
4.3828855
5.665663
6.153658
3.469161
3.6630955
3.469161
4.6604314
8.248479
3.469161
4.4064207
3.469161
5.624398
3.9717555
3.537955
5.1751757
5.869562
5.1751757
3.469161
6.242342
5.8428755
4.6764927
4.6604314
4.6925993
3.2956455
7.3142
4.6604314
5.1751757
8.248479
5.4395394
3.6630955
5.4534206
3.7714994
5.0701313
3.2956455
3.2956455
5.083103
6.0242124
3.469161
5.727193
5.4945908
4.579384
3.469161
5.1471176
5.196686
4.6611304
3.469161
3.2956455
4.796886
3.469161
3.469161
4.6764927
3.561916
3.9497473
3.9236827
4.579384
4.579384
4.4064207
3.2956455
6.163392
3.2956455
3.469161
3.7714994
3.2956455
3.469161
5.880659
3.537955
4.6764927
8.248479
6.215884
5.196686
5.196686
5.5291753
5.744354
5.313124
3.9236827
4.937782
5.313124
5.5828204
4.2201896
5.183279
4.4064207
4.6764927
5.744354
5.8184752
3.469161
3.537955
5.9747443
4.937782
3.469161
8.248479
6.1733494
8.248479
3.469161
4.3828855
4.6611304
5.362735
3.9236827
4.4002748
3.561916
4.3828855
6.42268
3.469161
3.469161
5.7642684
3.537955
5.083028
8.248479
3.537955
5.884841
5.1751757
5.044016
6.562059
5.6482825
5.1751757
3.2956455
6.8643036
3.9497473
4.3467946
4.6925993
3.6630955
4.579384
5.134548
4.6604314
4.6604314
3.469161
3.469161
5.2698545
5.0584335
3.469161
4.6604314
6.2645454
6.3389053
3.7714994
3.469161
3.469161
4.6604314
