0.0
0.0
0.0
14.877704620361328
9.571514129638672
19.119142532348633
17.48903465270996
0.0
3.718963861465454
5.262537002563477
2.982999086380005
7.97049617767334
11.175999641418457
0.0
13.520136833190918
6.555659294128418
8.112022399902344
0.0
4.8309125900268555
16.681705474853516
1.0855435132980347
9.807644844055176
9.464757919311523
0.0
10.113592147827148
10.126140594482422
7.702334880828857
5.656935691833496
14.68094539642334
6.516623497009277
9.807193756103516
2.475658655166626
0.0
14.247384071350098
0.0
10.511734008789062
8.265183448791504
8.168685913085938
5.339926242828369
10.448135375976562
10.638103485107422
1.3753658533096313
18.12361717224121
6.534735202789307
1.2449342012405396
13.662202835083008
17.110111236572266
7.4467549324035645
11.023168563842773
8.112011909484863
15.555497169494629
5.189098834991455
0.0
5.14458703994751
10.844879150390625
10.269571304321289
3.6498405933380127
11.619246482849121
7.5341057777404785
6.7806291580200195
16.5139217376709
13.714776992797852
16.035507202148438
0.0
15.522300720214844
18.567445755004883
17.995956420898438
8.991979598999023
9.311431884765625
11.720443725585938
5.682075500488281
15.220337867736816
11.723448753356934
0.0
0.0
11.697990417480469
13.91035270690918
12.745086669921875
13.734042167663574
5.883743762969971
0.0
0.0
5.578390598297119
15.315068244934082
9.770331382751465
9.678534507751465
8.156380653381348
0.0
10.79089069366455
17.337270736694336
13.35853385925293
6.459360122680664
9.813203811645508
0.0
7.932786464691162
15.861445426940918
8.734649658203125
6.353044509887695
18.168466567993164
0.0
13.416638374328613
14.1041841506958
15.479594230651855
12.407296180725098
7.1093058586120605
11.25480842590332
7.590384006500244
5.521275997161865
11.406890869140625
9.571514129638672
1.6482486724853516
9.571480751037598
3.269970655441284
14.273987770080566
12.514338493347168
12.762444496154785
4.698103904724121
0.0
7.729852199554443
10.47830581665039
18.070802688598633
2.8016605377197266
7.806196212768555
6.429586410522461
0.0
12.767870903015137
15.473000526428223
3.718963861465454
15.75886058807373
6.83090877532959
11.822037696838379
12.347099304199219
5.184894561767578
9.571470260620117
0.0
2.4377949237823486
9.513925552368164
0.0
2.4199748039245605
2.079575777053833
9.086682319641113
0.0
3.515050172805786
2.4756805896759033
17.110111236572266
14.060256004333496
14.507411003112793
0.0
13.843728065490723
3.2458655834198
6.667731285095215
14.944851875305176
12.554232597351074
0.0
11.426878929138184
0.0
12.077540397644043
7.59085750579834
5.614251136779785
13.266988754272461
11.376930236816406
3.718963861465454
13.142589569091797
2.4756696224212646
10.026252746582031
0.0
6.679971218109131
10.461508750915527
8.08008098602295
2.33699369430542
5.8563313484191895
0.0
11.063882827758789
7.123119354248047
0.0
6.313155651092529
0.0
13.367074966430664
17.032764434814453
4.258719444274902
0.0
9.897758483886719
9.627087593078613
3.214595079421997
2.0249595642089844
0.0
13.6350679397583
11.4525146484375
0.0
8.960752487182617
11.497587203979492
15.949511528015137
12.305633544921875
11.30047607421875
3.964219331741333
3.2850942611694336
7.7924485206604
14.217863082885742
14.30005168914795
6.534735202789307
13.103107452392578
9.286744117736816
17.1287899017334
4.231895923614502
15.390589714050293
13.903368949890137
6.321696758270264
17.58190155029297
14.378718376159668
17.152355194091797
11.664584159851074
13.622071266174316
1.88680100440979
12.832866668701172
5.746729850769043
8.677358627319336
0.0
4.121452808380127
9.522136688232422
5.789811134338379
0.0
6.574547290802002
10.241195678710938
3.718963861465454
14.684976577758789
6.556925296783447
4.7961859703063965
8.72382926940918
11.631937980651855
7.398247718811035
10.932450294494629
0.0
0.0
12.15950870513916
8.10743236541748
10.389413833618164
6.062859058380127
9.897736549377441
17.58190155029297
9.054707527160645
12.66676139831543
0.0
15.314732551574707
7.04121732711792
14.358409881591797
14.0602445602417
0.0
21.82632064819336
9.628859519958496
6.534702301025391
7.626541614532471
3.7314345836639404
7.366823196411133
7.961811542510986
0.0
0.0
7.460128307342529
14.911099433898926
12.019644737243652
5.434497833251953
9.810396194458008
10.994077682495117
12.674851417541504
16.760141372680664
4.289263725280762
11.631935119628906
5.815545082092285
4.867499828338623
15.651920318603516
5.977390289306641
16.182218551635742
5.082189083099365
5.542200088500977
10.994121551513672
3.958143472671509
5.21989631652832
2.1223373413085938
15.895888328552246
0.0
0.0
9.478120803833008
20.655595779418945
5.282547473907471
7.205197811126709
0.0
11.865240097045898
0.0
0.0
0.0
0.0
6.6904826164245605
12.8834867477417
10.32625675201416
15.861433982849121
9.007081031799316
7.003408432006836
8.732381820678711
7.331160545349121
0.20174527168273926
17.286386489868164
4.143378257751465
1.5007563829421997
5.666093349456787
1.261224389076233
10.238729476928711
14.237466812133789
19.613176345825195
0.0
16.90144157409668
14.23254680633545
0.0
13.571571350097656
12.946314811706543
14.684946060180664
4.238334655761719
3.855008840560913
0.0
13.6171293258667
4.229595184326172
3.262122869491577
0.0
19.628223419189453
0.0
10.493659973144531
0.0
0.0
1.2654510736465454
0.0
13.224623680114746
11.175471305847168
10.99405574798584
11.936960220336914
0.0
3.6674516201019287
14.760756492614746
12.41309642791748
15.420740127563477
16.56254005432129
0.0
5.09840202331543
2.5981321334838867
14.335736274719238
10.976114273071289
9.859354972839355
13.225295066833496
0.0
10.822480201721191
4.9032721519470215
5.3503499031066895
12.51776123046875
6.358581066131592
4.833774566650391
4.18951940536499
15.7253999710083
8.62734317779541
11.631937980651855
7.15311336517334
5.698629856109619
14.655068397521973
14.470097541809082
4.344892501831055
10.0173921585083
6.995670795440674
16.030929565429688
4.608364582061768
6.694048881530762
15.651901245117188
11.620473861694336
9.238720893859863
10.670475006103516
0.0
8.580486297607422
0.0
8.299811363220215
15.651923179626465
4.0760602951049805
12.158158302307129
18.14561653137207
2.208543300628662
8.796980857849121
13.795287132263184
8.917121887207031
13.525430679321289
12.252275466918945
11.908981323242188
2.6973373889923096
5.628757953643799
14.756540298461914
4.124941825866699
14.661418914794922
2.4988059997558594
11.381629943847656
9.723040580749512
9.233811378479004
16.98138427734375
9.271961212158203
0.0
10.350922584533691
6.254422664642334
10.068610191345215
2.0247392654418945
16.910137176513672
11.191023826599121
11.166731834411621
11.616616249084473
10.618390083312988
8.938937187194824
6.930685997009277
14.698027610778809
0.0
13.366596221923828
7.831060886383057
14.18277359008789
15.853960037231445
13.02985668182373
17.478147506713867
8.915580749511719
2.0898561477661133
10.387707710266113
14.531977653503418
17.067546844482422
14.967498779296875
8.696939468383789
11.831217765808105
6.230372905731201
13.360074043273926
11.176054000854492
0.0
5.532668113708496
11.481121063232422
0.0
7.534876346588135
3.856318712234497
12.074139595031738
3.495788097381592
14.287800788879395
10.598456382751465
7.947315216064453
12.49570083618164
16.608339309692383
16.42009925842285
15.861431121826172
6.107524871826172
18.578275680541992
11.631937980651855
2.854978084564209
14.325995445251465
10.40641975402832
9.481785774230957
0.0
14.47711181640625
9.915104866027832
9.739105224609375
1.0855435132980347
9.57369327545166
4.421599388122559
12.15815544128418
13.396540641784668
11.273212432861328
3.627474546432495
12.208324432373047
3.3203823566436768
19.01140785217285
7.975360870361328
0.0
2.492774248123169
12.329488754272461
11.403225898742676
4.401192665100098
14.138448715209961
18.173551559448242
9.504581451416016
2.882495164871216
7.914426803588867
14.238986015319824
15.651926040649414
7.1800360679626465
0.850480318069458
13.922394752502441
11.405218124389648
13.220452308654785
0.7518255710601807
15.342376708984375
7.623448848724365
12.0198974609375
7.349949359893799
16.923065185546875
13.734042167663574
8.343310356140137
10.598523139953613
13.756080627441406
12.483794212341309
9.122861862182617
12.2982177734375
10.183309555053711
11.795654296875
11.712772369384766
1.7276194095611572
12.34544849395752
12.81612491607666
13.652698516845703
2.4423956871032715
11.492205619812012
10.857998847961426
0.0
11.670076370239258
12.679672241210938
10.877735137939453
0.0
11.490158081054688
12.554232597351074
15.551216125488281
19.126506805419922
0.5255459547042847
13.974061012268066
11.023674964904785
12.848947525024414
0.0
15.27723217010498
12.232693672180176
14.77586841583252
7.876871109008789
10.536113739013672
12.300518035888672
0.0
15.895888328552246
6.054867744445801
9.433333396911621
0.0
13.460335731506348
8.139881134033203
0.0
2.1888411045074463
15.314017295837402
15.292686462402344
14.758609771728516
0.0
14.434764862060547
13.661971092224121
12.79719352722168
10.557104110717773
17.624727249145508
16.945877075195312
9.658215522766113
13.582809448242188
0.0
10.718091011047363
12.5471830368042
14.62365436553955
12.600049018859863
12.155601501464844
15.189837455749512
16.960416793823242
9.116257667541504
13.525395393371582
13.007974624633789
1.0306410789489746
5.23756217956543
0.0
17.62474250793457
16.000198364257812
0.0
14.721714973449707
8.729541778564453
0.0
8.978727340698242
0.0
12.205110549926758
11.229966163635254
9.887994766235352
13.023868560791016
19.357498168945312
13.448328018188477
12.291911125183105
6.646697521209717
0.0
15.404295921325684
12.646618843078613
11.867429733276367
10.255889892578125
4.815349102020264
13.163612365722656
13.599947929382324
0.0
17.71430015563965
0.0
0.0
5.964633464813232
14.25617790222168
0.0
15.95844841003418
4.7204694747924805
9.083061218261719
0.0
15.379029273986816
6.432580471038818
8.764422416687012
11.012051582336426
15.651915550231934
7.528481483459473
14.41595458984375
17.73806381225586
0.0
18.123619079589844
15.435665130615234
12.840219497680664
12.62331771850586
5.969839572906494
13.321087837219238
15.181648254394531
11.436433792114258
5.45695161819458
7.153179168701172
0.0
14.110909461975098
15.143388748168945
12.902496337890625
14.943239212036133
0.0
14.372444152832031
0.0
11.355917930603027
7.441581726074219
10.992822647094727
15.645140647888184
9.759247779846191
12.86090087890625
13.127476692199707
17.181005477905273
1.4550117254257202
0.0
12.266374588012695
8.394448280334473
0.0
10.044546127319336
9.306875228881836
0.0
14.821601867675781
7.418984889984131
8.427072525024414
5.836711406707764
15.010722160339355
8.478738784790039
10.183772087097168
15.879716873168945
10.470732688903809
10.600394248962402
16.06476402282715
3.5823023319244385
16.125835418701172
3.285369396209717
9.9569091796875
9.430526733398438
15.704571723937988
13.142049789428711
13.676456451416016
14.755263328552246
11.42867374420166
13.522599220275879
10.203606605529785
14.119714736938477
10.455543518066406
7.958377361297607
12.572762489318848
15.902159690856934
0.0
0.0
8.838202476501465
12.677790641784668
11.344900131225586
16.481847763061523
4.691697597503662
19.279590606689453
14.933531761169434
11.489299774169922
11.845526695251465
6.050938606262207
10.39665699005127
9.840093612670898
0.0
10.215108871459961
6.77206563949585
12.633190155029297
13.76076889038086
0.0
7.062295436859131
12.276214599609375
0.0
12.836267471313477
15.098601341247559
0.0
13.498926162719727
12.83938217163086
13.173876762390137
11.870027542114258
14.092924118041992
11.711627960205078
14.102907180786133
5.11656379699707
5.883743762969971
0.0
11.241281509399414
6.170022010803223
14.148935317993164
11.407628059387207
13.953829765319824
11.759639739990234
11.742270469665527
11.742270469665527
3.381547689437866
0.0
0.0
15.206138610839844
0.0
7.462924480438232
5.814488410949707
4.737948417663574
8.822013854980469
10.6986083984375
6.855057716369629
10.544952392578125
14.395283699035645
6.2245283126831055
14.056490898132324
12.689116477966309
0.0
8.98314094543457
9.996027946472168
13.295915603637695
10.767181396484375
7.592167377471924
9.73289680480957
0.0
16.20270347595215
17.37427520751953
0.0
9.702061653137207
16.205718994140625
12.132783889770508
7.696622371673584
14.085904121398926
11.73473072052002
12.908979415893555
12.093753814697266
12.841804504394531
14.741945266723633
17.281681060791016
15.169464111328125
16.707321166992188
6.662712574005127
8.26841926574707
6.606489181518555
14.284465789794922
15.891636848449707
7.8873610496521
10.695680618286133
11.047988891601562
11.825724601745605
16.114564895629883
0.0
0.0
17.35370445251465
0.0
10.478778839111328
17.44944190979004
20.771024703979492
11.509430885314941
0.0
12.372272491455078
10.24251651763916
8.168147087097168
15.651912689208984
14.020201683044434
3.736794948577881
22.060514450073242
10.84214973449707
0.0
12.662975311279297
15.78761100769043
0.0
12.940799713134766
0.0
5.966240406036377
9.078559875488281
0.0
14.287446022033691
10.644476890563965
14.115015029907227
0.0
4.81538200378418
9.57131576538086
5.384504318237305
0.0
10.103718757629395
0.0
13.29954719543457
13.370179176330566
14.152922630310059
2.3770699501037598
10.976994514465332
7.726428985595703
16.730449676513672
6.2075886726379395
14.641716957092285
0.0
16.216150283813477
14.097128868103027
16.19980812072754
13.469400405883789
8.770179748535156
7.686452388763428
10.590608596801758
12.486424446105957
15.127450942993164
15.298626899719238
15.157896041870117
3.050042152404785
5.6155171394348145
6.875651836395264
0.0
14.044394493103027
15.821941375732422
0.0
13.940214157104492
0.0
0.0
2.712427854537964
13.792282104492188
15.294689178466797
13.715806007385254
10.362259864807129
4.728460788726807
7.0213775634765625
2.2437984943389893
13.984264373779297
8.22944450378418
12.376972198486328
12.544452667236328
13.963727951049805
9.69518756866455
11.614337921142578
15.31485366821289
13.412007331848145
12.03614616394043
7.748684883117676
15.790032386779785
14.87084674835205
10.318540573120117
0.0
17.442331314086914
11.180566787719727
0.6521582007408142
8.992364883422852
13.197370529174805
14.768945693969727
0.0
13.501480102539062
11.496718406677246
18.413930892944336
12.31914234161377
7.569052696228027
15.315008163452148
14.701528549194336
14.917241096496582
14.731940269470215
9.231973648071289
15.954849243164062
13.215455055236816
13.416397094726562
15.564478874206543
6.654655456542969
8.718138694763184
3.7189857959747314
6.6931352615356445
13.803533554077148
9.740172386169434
0.0
2.946004867553711
11.068902015686035
0.0
10.31784439086914
11.742270469665527
13.80351734161377
0.0
12.665264129638672
13.261232376098633
14.917890548706055
9.5802640914917
14.673405647277832
9.839696884155273
0.0
13.360074043273926
16.000032424926758
14.51356315612793
13.709521293640137
0.0
14.09630298614502
0.0
14.407578468322754
10.333939552307129
5.455718994140625
8.814119338989258
14.289055824279785
0.0
15.86143970489502
15.013033866882324
15.005857467651367
10.44367790222168
18.169050216674805
0.0
0.0
2.9830212593078613
15.078084945678711
12.271735191345215
15.89831829071045
11.783387184143066
17.952800750732422
10.521441459655762
16.482242584228516
12.90983772277832
12.840219497680664
0.0
10.047110557556152
15.191741943359375
9.822591781616211
9.198821067810059
11.05037784576416
13.573773384094238
17.339923858642578
13.327054023742676
11.267279624938965
13.024595260620117
6.4793267250061035
15.651926040649414
12.940767288208008
8.848427772521973
14.104514122009277
9.051251411437988
13.962525367736816
0.0
12.42829704284668
12.506985664367676
14.25026798248291
21.28478240966797
0.0
13.158758163452148
12.554238319396973
0.0
9.330507278442383
1.7470355033874512
14.354866027832031
3.516998291015625
15.166425704956055
0.0
7.004421234130859
7.4238386154174805
0.0
4.033727645874023
12.564507484436035
10.59607982635498
12.039016723632812
7.6354241371154785
0.0
12.721333503723145
9.760942459106445
13.464903831481934
13.609996795654297
14.28902530670166
19.16741943359375
11.716409683227539
13.666902542114258
0.0
8.694726943969727
8.384828567504883
5.205102920532227
0.0
7.381814479827881
10.3186616897583
14.16089153289795
8.390045166015625
9.629905700683594
2.1732003688812256
8.19241714477539
1.8134400844573975
5.887420177459717
12.39626693725586
8.996712684631348
18.17011833190918
10.44100284576416
6.952083587646484
10.817461013793945
3.8888330459594727
12.250426292419434
13.765237808227539
12.258834838867188
3.39619779586792
8.248640060424805
10.673766136169434
0.0
11.767751693725586
11.36683177947998
6.304173946380615
3.7199654579162598
4.231103420257568
13.385324478149414
16.317163467407227
13.726515769958496
0.0
13.719691276550293
11.62894344329834
4.601067066192627
12.807583808898926
5.083509922027588
6.534702301025391
14.992792129516602
11.752375602722168
0.0
0.0
8.576942443847656
13.09541130065918
14.25026798248291
13.714804649353027
12.321816444396973
12.774145126342773
4.146339416503906
12.942508697509766
12.139531135559082
8.467522621154785
0.0
15.651923179626465
0.0
0.0
11.317537307739258
0.0
12.813901901245117
11.572324752807617
9.225842475891113
6.970729351043701
13.114786148071289
12.785162925720215
11.242238998413086
11.497455596923828
0.0
17.68013572692871
17.77509117126465
0.0
13.684188842773438
13.494083404541016
2.9487786293029785
5.293983459472656
9.827523231506348
3.718963861465454
14.869338989257812
10.438196182250977
13.179495811462402
0.0
15.651991844177246
17.513227462768555
10.659501075744629
14.332015991210938
12.102129936218262
8.545825958251953
14.943239212036133
9.625436782836914
19.359235763549805
12.107600212097168
10.212236404418945
0.0
0.0
9.36062240600586
15.85614013671875
11.413660049438477
10.80475902557373
0.0
17.582008361816406
16.704111099243164
11.695183753967285
3.8418335914611816
7.2936601638793945
13.438300132751465
8.944066047668457
8.46746826171875
7.742003917694092
13.610040664672852
1.4550117254257202
5.438294887542725
11.611618995666504
9.213735580444336
7.996549129486084
10.993758201599121
8.246659278869629
14.618998527526855
14.666008949279785
14.300247192382812
11.7315034866333
16.465801239013672
10.49239444732666
9.0082368850708
16.69574546813965
14.755098342895508
7.73098611831665
8.697358131408691
8.99254035949707
12.664868354797363
14.120155334472656
18.688587188720703
12.689314842224121
13.152250289916992
13.2199125289917
0.0
15.056940078735352
5.5028395652771
14.04742431640625
8.262266159057617
11.826759338378906
12.615216255187988
15.248438835144043
10.363713264465332
8.000842094421387
1.8328012228012085
8.041655540466309
11.376930236816406
10.363701820373535
15.079240798950195
10.08005428314209
13.744534492492676
8.573805809020996
15.435734748840332
9.674284934997559
5.914618015289307
15.328006744384766
0.0
0.0
0.0
5.722691059112549
12.696001052856445
19.131702423095703
5.258387565612793
7.706066608428955
9.499220848083496
15.298626899719238
0.0
16.118566513061523
11.817294120788574
3.934478759765625
19.018407821655273
0.0
12.2749605178833
10.281292915344238
7.349949359893799
14.220890045166016
7.877091407775879
18.182952880859375
6.491456031799316
13.791302680969238
5.9741435050964355
12.276126861572266
11.787888526916504
12.127115249633789
9.588905334472656
7.590681076049805
8.151008605957031
0.0
13.314868927001953
0.0
0.0
0.0
6.523409366607666
0.0
11.818933486938477
15.300468444824219
9.593109130859375
0.0
3.634970188140869
14.616888046264648
12.794166564941406
12.10086441040039
15.754645347595215
13.298490524291992
13.285117149353027
4.601991653442383
0.0
8.895426750183105
14.741978645324707
8.809061050415039
6.157584190368652
11.549705505371094
0.0
3.997922420501709
13.236412048339844
15.651984214782715
14.308439254760742
0.0
0.0
10.680370330810547
6.454803466796875
0.0
7.5340728759765625
11.631937980651855
17.25094985961914
17.69817543029785
13.220452308654785
3.399345636367798
0.0
17.9947566986084
0.0
14.778422355651855
8.015975952148438
16.178817749023438
6.043420791625977
7.755982875823975
0.0
20.140230178833008
0.0
26.568220138549805
8.343310356140137
0.0
3.757157802581787
10.436567306518555
2.714651107788086
13.057283401489258
13.101247787475586
0.0
18.110713958740234
8.612329483032227
10.22606086730957
15.85041332244873
0.0
12.198891639709473
13.227622985839844
0.0
12.297222137451172
0.0
0.0
6.695590019226074
9.255715370178223
17.338470458984375
0.0
12.156636238098145
12.432567596435547
8.648091316223145
9.529324531555176
11.69791316986084
11.492205619812012
15.394896507263184
9.929457664489746
8.108621597290039
10.55615234375
16.122533798217773
13.930957794189453
11.490158081054688
8.944066047668457
0.0
17.080392837524414
11.716362953186035
13.314868927001953
10.962080001831055
8.516757011413574
13.938189506530762
13.690622329711914
9.106659889221191
7.157340049743652
0.0
7.450871467590332
8.843881607055664
0.0
13.29954719543457
13.52542495727539
12.879249572753906
0.0
1.0855435132980347
1.7036904096603394
11.631945610046387
10.111655235290527
0.0
14.49433422088623
12.93569278717041
17.949298858642578
10.313004493713379
8.112022399902344
5.262537002563477
0.0
0.0
0.0
7.806185245513916
5.80321741104126
18.12361717224121
15.789339065551758
2.3242368698120117
1.9927313327789307
18.031200408935547
4.828623294830322
7.837873935699463
6.516623497009277
6.534702301025391
7.480240821838379
11.40022087097168
14.203907012939453
11.47299861907959
11.896245956420898
0.0
3.6587231159210205
17.577363967895508
11.809016227722168
0.0
13.724193572998047
0.0
0.0
10.281292915344238
0.0
7.4467549324035645
9.742979049682617
14.035676956176758
9.182332038879395
2.7414748668670654
3.7803492546081543
13.163799285888672
11.26589298248291
0.0
0.0
11.627997398376465
17.281564712524414
14.162466049194336
0.0
16.035507202148438
13.947996139526367
0.0
1.8746933937072754
16.925006866455078
12.858270645141602
12.554238319396973
9.251147270202637
9.311431884765625
4.984029769897461
0.0
10.230650901794434
14.148371696472168
10.693336486816406
7.961811542510986
4.391286849975586
0.0
12.167510986328125
9.18877124786377
10.096135139465332
0.0
17.841815948486328
14.289055824279785
5.033538818359375
6.459360122680664
16.55909538269043
17.069683074951172
10.394543647766113
13.95073127746582
6.884457111358643
0.0
15.479594230651855
15.861445426940918
15.861445426940918
18.654420852661133
6.192509174346924
15.861433982849121
11.25480842590332
13.452972412109375
9.677879333496094
0.0
18.414134979248047
9.186349868774414
18.070802688598633
12.230789184570312
14.888788223266602
12.819074630737305
14.273987770080566
10.313172340393066
7.983153820037842
8.819149017333984
5.087868690490723
15.868918418884277
4.819608688354492
6.318636894226074
11.779045104980469
10.402721405029297
2.5534772872924805
12.195080757141113
1.766814947128296
5.588329792022705
5.033571720123291
13.65511417388916
0.0
11.421758651733398
10.240006446838379
12.856531143188477
5.184894561767578
8.59352970123291
16.98819923400879
10.018877983093262
0.0
0.0
3.959937572479248
8.676015853881836
15.325398445129395
6.534735202789307
12.554232597351074
14.477097511291504
13.446544647216797
10.810108184814453
9.067596435546875
11.631940841674805
6.793980598449707
0.0
1.2329257726669312
5.69691276550293
3.2638068199157715
0.0
9.346291542053223
12.273276329040527
1.617110252380371
14.728863716125488
9.748615264892578
4.227581024169922
14.003515243530273
13.608280181884766
14.47711181640625
6.2634596824646
15.949511528015137
3.964219331741333
12.305633544921875
11.30047607421875
0.0
14.217863082885742
0.0
14.30005168914795
7.7923712730407715
12.532400131225586
3.908843755722046
10.508431434631348
7.194455146789551
4.231895923614502
15.390589714050293
17.1287899017334
13.903368949890137
0.016125092282891273
11.321367263793945
14.268714904785156
12.367450714111328
15.563328742980957
17.58190155029297
12.22879695892334
17.035198211669922
11.089165687561035
6.382487773895264
13.2199068069458
11.187149047851562
11.46584415435791
6.000185489654541
12.615678787231445
0.0
13.395605087280273
0.0
10.29101276397705
14.726865768432617
7.7380852699279785
0.0
10.891135215759277
10.39040470123291
7.349949359893799
18.3837947845459
18.54254722595215
11.147810935974121
14.036337852478027
0.0
0.0
3.739018440246582
13.193672180175781
17.68705940246582
0.0
15.353086471557617
