6.100998
6.527233
5.512905
5.210801
4.488641
5.750101
5.82538
5.42058
5.679813
4.276497
5.355831
3.668677
3.454723
5.015528
10.16642
4.612996
6.825455
4.537052
2.547122
5.679086
5.297529
6.251147
5.143289
5.886802
5.668503
4.854201
4.489005
5.512905
5.924223
5.26434
6.455507
5.869847
2.791026
10.16642
4.005742
5.853029
2.684045
3.890894
2.08277
5.637844
5.390434
4.955325
6.527233
3.559633
4.866854
4.384405
4.671109
3.864295
10.16642
6.825455
3.005598
6.517437
8.677697
8.976678
5.55037
5.249349
2.768356
4.39348
3.673991
2.93414
3.011078
5.688997
4.538711
3.760217
1.578519
3.264341
4.118957
3.864295
10.16642
4.121259
4.421189
3.223251
3.227555
3.119623
6.527233
3.927536
4.834916
3.934701
6.100998
4.429139
4.992622
5.415995
5.359092
4.337596
4.358755
6.138847
6.147059
5.512905
5.272995
4.937533
3.59865
3.065036
5.269963
5.578571
3.606416
4.876083
4.436532
4.404717
6.380635
2.530956
4.281219
5.903054
5.305063
3.810331
4.450145
5.326414
4.263064
4.488641
4.131502
4.488641
4.537464
1.554753
3.301296
6.2687
7.021648
5.961693
5.512905
5.512905
2.986791
10.16642
4.996511
4.659988
5.15765
3.145452
3.133021
5.075267
4.221861
5.702331
3.845299
4.683982
6.088486
5.174943
3.03625
4.488641
1.397776
4.719745
5.081351
4.088296
5.326414
3.590099
4.488641
6.358877
3.483315
5.914914
4.671109
6.088486
6.527233
4.876083
5.080124
4.181838
4.084231
7.403087
4.946085
5.512905
5.594873
5.144928
5.77
3.404197
5.538621
3.864064
5.415995
4.220435
7.301135
5.888831
6.178854
4.876083
6.094264
10.16642
3.800305
4.537464
3.420506
5.512905
3.343758
3.343758
2.62365
5.423412
5.177113
4.297133
5.495746
4.587765
6.115328
3.914751
4.206208
4.228421
5.57337
3.563777
4.772542
4.724356
3.626885
3.658574
5.909695
5.033697
7.100443
4.139124
3.830845
5.512905
4.002137
5.455238
3.733549
3.559633
5.110065
6.264979
4.206861
4.601481
3.587335
5.659501
2.467901
5.14314
4.410786
4.209426
10.16642
2.981155
3.559633
3.604453
4.496676
5.665248
4.512905
4.496676
5.512905
6.50072
5.512905
5.716825
5.678431
3.269186
10.16642
1.861383
4.638225
2.467901
3.576472
5.512905
10.16642
4.161059
4.876083
4.383199
10.16642
5.532593
5.222178
3.349567
5.14314
4.421189
4.484969
4.302052
3.81869
5.427289
4.601481
6.088486
4.843898
5.148231
5.158843
3.559633
5.385402
3.297745
2.98363
5.553582
5.512905
5.512905
1.888901
5.30969
4.472295
2.674586
6.277512
4.638225
5.313343
5.526434
6.764964
5.831292
2.506136
4.046533
6.527233
4.876666
4.011328
4.962552
5.178407
4.638225
4.662992
4.438001
5.681326
3.223251
3.959629
6.258925
6.842975
5.154819
5.876655
5.512905
5.980581
3.589139
3.534657
4.876083
4.876083
4.876083
4.199262
6.264486
2.561573
5.11659
5.823377
4.577792
5.512905
2.931971
2.284431
4.465277
5.612399
6.102458
5.020321
2.081272
5.249664
4.338129
5.913692
6.326181
5.913692
5.371221
3.863244
5.304675
6.181467
7.042348
4.638316
5.518126
5.445959
7.141381
5.512905
5.192371
4.638225
3.640095
4.772542
4.638225
6.100998
5.910038
5.067971
4.404566
4.508268
3.930708
1.518245
2.891236
5.445959
4.24185
4.206861
6.293819
5.336593
6.697114
6.482378
5.53607
5.415995
2.913393
5.46365
6.659365
5.050276
4.088296
5.638717
2.995391
5.887334
4.864025
5.845643
5.637844
5.887334
4.368162
5.481262
5.512905
5.298928
3.308426
5.980581
6.482378
4.83101
4.047126
3.576472
4.559043
5.518568
2.931971
6.527233
3.685026
5.462672
3.640472
4.876083
5.822628
5.073573
3.604091
6.527233
3.576472
6.258925
2.866686
2.255724
5.714447
3.982061
5.253285
5.512905
4.882114
5.512905
5.512905
5.512905
3.904228
2.538382
5.837269
1.554753
6.806502
6.273599
7.268284
5.637844
1.930035
4.449072
5.023885
4.23925
6.23336
3.459783
7.032408
2.031844
5.423822
3.082978
3.977373
6.185282
1.785817
4.338941
6.833385
2.335333
6.263335
4.082415
2.866686
5.80553
6.352384
4.686942
3.459783
4.03784
3.706159
7.923953
3.760455
3.897949
5.854165
3.647154
4.220335
6.088486
5.512905
5.22726
4.638225
5.177113
4.398561
4.496676
6.039266
5.043941
4.74785
3.444907
5.735576
5.938936
5.26434
3.134434
2.866686
6.181126
5.291057
5.512905
5.488832
2.963633
3.375618
5.706994
3.119623
4.220335
5.883157
5.767606
4.740093
4.165446
6.17388
6.258925
4.508268
4.023911
1.405403
3.525658
5.192371
5.133173
7.578407
6.527233
2.529841
3.53619
3.525658
3.731112
4.836417
4.751098
4.267184
3.881699
4.023911
5.068586
5.114319
5.437181
4.462133
5.183459
6.711291
4.315778
5.648571
6.91403
1.672098
4.984299
3.559633
4.964067
5.614219
3.215541
4.547481
3.616543
3.960525
3.61606
6.435623
3.952648
6.939352
5.72283
6.942991
5.034184
5.144928
5.979373
6.237377
4.881539
6.181999
5.550694
6.236118
3.552248
6.505155
3.563109
10.16642
5.894077
4.958834
4.872859
4.625486
4.618998
3.795014
6.457283
6.527233
5.455238
4.551347
4.828659
3.407544
3.334486
3.685662
4.512905
3.655953
3.197179
6.592432
5.688997
5.384851
3.989332
3.563109
6.025938
5.942708
6.833802
6.934647
3.563109
6.215405
6.274471
4.340703
4.821919
6.930725
4.826491
5.995005
2.679652
4.512905
3.837258
5.512905
3.685662
3.942154
5.060042
5.450413
3.655953
4.386018
6.137432
4.772542
5.255599
6.497606
4.772542
10.16642
4.772542
3.832696
3.774104
3.474481
4.772542
3.90725
4.228883
5.673716
4.390639
4.00363
4.488283
5.242066
6.223718
6.326893
5.79179
4.502046
4.095774
5.722567
4.501452
3.556999
3.318257
5.553385
4.638446
4.683601
2.126294
4.910845
4.968927
3.794274
6.857709
5.001022
4.782952
7.012242
3.459783
6.46239
2.913393
4.642157
5.313958
3.243527
7.253771
4.376752
5.146537
5.675975
7.234301
6.326181
3.940942
4.294359
3.459267
1.903363
6.165354
2.608369
4.586547
5.43104
6.583177
6.775237
4.769732
5.779892
2.585954
4.724356
4.583487
4.778935
3.991114
5.027526
7.253771
2.891236
2.919932
4.100225
4.404566
4.662291
6.186459
6.304888
7.042348
2.184703
5.211875
3.75513
4.086764
10.16642
7.042348
5.256328
6.730993
1.99802
3.600628
2.737488
2.366728
5.742532
6.156917
6.744349
4.366563
5.905314
2.831261
3.634527
3.136046
4.525074
7.144316
6.100998
6.521814
5.341364
6.522281
2.715695
5.685495
6.77676
5.162904
5.523874
4.974645
4.394922
3.318794
5.804013
4.919989
4.84448
4.401576
4.739743
5.546258
3.40857
5.424779
5.047544
4.814597
4.674323
2.95925
2.924527
5.341364
4.512905
10.16642
5.525162
4.688188
2.349645
3.23301
6.107941
4.968927
7.008328
5.930875
2.913393
4.282973
4.377647
4.728459
5.413785
6.798115
6.910913
2.901312
5.147136
5.173761
4.429139
5.445959
6.540022
3.493844
5.804013
6.172625
7.413614
6.730993
6.522281
6.522281
3.405262
4.938874
4.269867
4.47856
6.41356
6.41356
3.261233
2.913393
4.297107
5.787686
4.3988
5.551439
5.249036
5.728327
3.831143
7.881351
3.34985
6.595922
3.283139
1.664642
7.393037
4.039402
7.15048
6.326181
4.932557
4.778432
5.060607
5.550694
4.252982
4.836212
4.559043
4.924175
3.97076
5.445959
6.249847
6.137981
5.387967
3.570026
4.821677
5.550694
5.267843
3.348191
3.43361
6.275635
4.89036
6.41356
7.154893
3.753317
8.374655
6.416388
3.685213
6.326181
6.867701
6.326181
1.680497
2.701857
3.619533
4.07143
7.042348
3.38471
6.644884
5.932368
7.24689
4.726901
4.625486
5.512905
6.41356
6.522281
6.960788
6.559615
6.41356
3.105886
5.445959
4.601481
5.659522
3.577481
3.674056
3.330224
4.55552
5.886802
1.861383
5.497938
2.7194
7.042348
4.91984
4.512905
4.653872
6.694888
4.900131
3.459783
3.695133
6.914603
5.293946
5.133284
2.913393
5.249664
2.791026
2.913393
5.455836
4.807052
6.53379
3.072015
4.071788
6.787073
2.913393
6.522281
7.094513
7.000842
6.157804
4.901193
5.512905
4.116708
4.442867
5.512905
6.040668
4.512905
4.424253
1.827289
4.582272
1.201702
10.16642
6.568513
3.122931
3.817411
3.817411
5.509313
7.000842
6.609499
5.264395
5.999271
10.16642
2.10583
2.061789
3.740597
2.982126
2.419952
1.766036
5.252024
7.254111
5.445959
4.81931
3.525658
6.166206
3.571846
6.593941
5.327549
4.876083
4.357051
5.488703
3.205886
5.667637
4.267264
5.974068
4.036667
5.861766
3.465894
2.218398
5.334851
6.74462
4.559043
3.685662
3.634527
5.349454
6.038034
5.739829
4.813935
4.9681
4.767524
3.68823
4.577203
3.23301
4.211319
6.522281
4.036286
3.563109
2.817367
6.593941
5.100725
10.16642
3.327741
4.880446
3.266571
4.220335
6.184818
2.913393
6.812957
6.522281
7.042348
7.042348
4.484496
5.008875
6.175538
4.939817
6.472453
5.194147
4.876083
5.05502
5.755764
4.991653
4.477268
3.266571
3.266571
6.340226
4.731552
3.350423
5.140481
4.363745
5.305063
4.294359
5.886802
6.066429
2.913393
3.897037
5.204655
4.759578
5.285901
6.769166
2.567153
5.022952
5.022952
6.199104
0.1383027
3.960525
4.40308
7.042348
5.506336
3.071047
4.911763
5.352758
6.085593
3.991114
3.537532
4.957821
5.605388
5.739749
3.991114
5.513812
4.504417
3.991114
4.121373
4.336275
2.743838
3.981673
5.655212
3.964624
4.496676
4.682935
4.141838
3.552491
5.076964
4.1294
4.530268
6.066429
3.991114
4.410765
3.453533
5.440218
3.661933
4.509191
5.739749
3.746648
4.461753
5.445959
4.932808
5.108314
6.251869
3.991114
4.260996
5.319911
4.185112
6.142672
3.645361
1.373926
4.729196
5.130783
5.116127
5.480459
6.08797
3.94647
4.613794
5.61336
5.243535
4.094051
4.776312
5.794796
5.671927
2.913393
3.530878
3.578778
7.042348
3.121864
5.324547
4.96504
3.392837
3.314783
5.683458
2.304299
3.231696
5.550694
6.722824
4.264419
5.518739
5.553385
5.498588
3.559633
5.598973
5.528428
5.637844
3.991114
0.9617177
5.550694
7.042348
5.230359
4.013315
2.932171
1.333217
5.976814
4.724013
6.299532
4.512905
5.391437
5.550694
5.550694
4.457101
5.976814
2.913393
3.007144
5.856031
5.971229
4.80855
3.178562
5.628761
4.837895
5.637844
4.166722
6.421391
7.042348
6.527233
2.063365
3.726925
6.166699
4.785952
4.376154
5.23974
5.605388
4.227435
2.677585
4.141838
4.494762
4.588415
6.088022
4.862995
4.779968
3.525944
4.348742
5.170699
3.634527
6.950929
3.213507
5.177113
3.726925
4.56374
4.974582
4.41043
3.991114
2.470317
5.170699
4.435731
5.42048
5.82591
4.663702
5.478792
2.162059
6.042623
4.413593
4.008888
5.858348
6.112878
3.409625
5.37397
5.564179
3.340613
5.553385
4.531228
6.063563
5.550694
3.924148
4.769631
5.683368
3.040295
3.623505
5.598848
6.85677
3.403617
4.32744
5.431099
4.472299
6.258925
5.012303
4.740093
5.688997
6.213409
5.041033
5.336814
5.454835
4.733068
4.102811
5.391193
3.225849
4.914045
5.976814
3.173045
4.141838
3.225849
5.91029
3.805676
4.467173
3.961718
3.882291
4.455366
3.786955
4.516351
4.938874
5.611223
3.991114
1.351109
3.617099
5.233401
4.095601
3.608845
4.609099
3.510118
3.527254
4.617417
3.960525
1.592732
4.293479
3.441834
4.64506
4.695585
3.559633
4.581965
5.513984
3.823509
1.782907
4.864564
3.070822
4.912446
5.510527
8.638811
4.527647
4.727805
5.365424
3.991114
3.136307
3.991114
5.361638
3.991114
5.750447
2.293972
3.303072
5.644895
5.249633
4.141838
3.665061
3.724456
5.007592
4.162316
6.251046
2.236027
3.213737
6.076741
6.527233
4.123935
4.584168
6.876338
4.209389
6.056702
5.037021
2.793817
4.992573
4.141838
3.272323
4.353259
5.512905
4.601481
3.608845
3.406417
4.98858
6.132369
6.224116
3.928151
3.782192
3.002454
3.61781
6.142554
7.042348
4.376154
5.987764
5.871642
3.005411
3.479455
6.100998
5.228036
4.621907
6.066429
5.108074
3.991114
6.462592
6.150895
4.735093
4.227761
5.987721
4.673008
3.470431
4.875108
4.176259
3.717324
3.98786
4.528366
5.512905
6.100998
4.908605
5.230359
5.445959
6.193977
4.498831
4.576115
5.637844
3.092003
5.034184
3.196169
4.514929
4.431534
4.881539
6.227233
3.413973
4.287075
6.272628
5.052323
3.294987
5.109433
5.478792
4.512905
4.964939
2.390614
3.136307
5.440048
5.127452
5.462672
3.736986
4.417162
4.491409
5.015528
3.395068
3.281963
5.242048
4.538711
4.717025
3.890857
5.679086
5.242048
3.18133
4.717025
6.088486
4.717025
1.681049
6.416388
6.136152
6.098844
6.825455
3.482888
4.564699
5.415995
4.512905
5.506878
3.453533
4.0924
5.197378
5.869847
3.149674
5.557152
3.453533
4.335979
2.988035
1.782907
2.905676
4.789209
6.242901
6.239007
4.234934
5.144928
3.455499
6.136152
10.16642
6.100998
5.7816
4.876083
5.086936
4.581378
3.092391
3.864295
4.591915
3.652972
4.823924
1.861383
3.227555
5.29259
4.64023
6.211772
5.144928
5.222569
6.53482
6.534501
5.249664
4.538711
6.416388
10.16642
6.754584
6.59303
4.320126
4.572973
6.697114
3.900547
2.988035
4.876083
4.575308
7.275246
4.069786
5.69368
2.875746
4.141838
3.453853
4.584012
5.104862
4.728764
4.859866
5.462672
5.249664
5.614315
5.071644
5.48145
5.6266
3.014365
6.158363
5.804013
5.57337
4.876083
4.876083
2.984932
5.050814
4.876083
5.003258
6.288294
4.79545
5.001022
5.603719
4.178074
4.996511
3.890857
2.715695
5.605337
6.2687
5.249664
5.535163
4.184821
6.17726
4.996511
2.214314
4.015134
5.210648
4.876083
5.79159
4.899632
4.101469
5.249664
5.249664
5.976814
4.512905
5.001022
4.631196
4.166455
3.03625
2.427818
6.850978
5.6266
5.001022
5.336814
4.186791
3.533635
6.100998
3.559633
4.890604
4.876083
4.031903
4.288312
5.984516
5.249664
4.02017
5.211875
3.666576
1.956393
5.136436
5.592087
5.78516
4.756492
2.988035
4.988169
4.606777
4.161664
6.640615
2.485252
4.876083
4.843208
5.033697
5.52434
6.326488
4.139124
4.505727
6.499616
5.44923
3.733549
4.002137
6.632114
5.249664
5.516693
4.65209
4.601481
3.587335
4.191067
6.800843
3.094163
3.653005
5.67375
4.693419
4.240284
5.14314
5.336814
4.526051
4.36452
5.0681
5.242048
3.878581
3.343758
4.564454
4.294359
5.336814
5.050814
5.976814
5.252966
4.143856
3.733095
5.081346
4.502182
3.45393
3.559633
4.411011
6.225535
5.252966
2.586953
5.073573
5.637844
4.135501
7.126464
5.155276
5.688997
4.349049