7.344206
6.0279365
5.713362
7.191793
7.1598167
7.1807833
7.1598167
4.3110814
7.3904843
7.1807833
6.4618325
7.1807833
4.1759996
7.21781
6.558925
7.1735477
3.4306083
7.249384
7.1670523
7.1598167
7.1807833
6.558925
7.1807833
7.1670523
5.2262535
7.772527
7.206612
6.329227
7.408406
7.1807833
5.096284
7.481098
7.1670523
7.1670523
7.3514414
7.3514414
7.3514414
7.1670523
7.3514414
7.1670523
7.1670523
7.1670523
6.8726544
7.3095484
7.1670523
6.8129935
7.419752
7.1670523
7.1670523
7.3514414
7.3514414
7.1670523
7.1670523
6.8685575
7.1807833
7.1670523
7.1598167
7.3514414
7.3514414
7.1670523
7.1670523
6.3825297
5.9517984
6.71046
7.262256
7.1670523
7.1670523
7.1670523
7.1670523
7.1670523
7.1670523
7.1670523
7.3514414
7.3514414
7.1598167
7.1807833
7.1670523
5.580385
7.2162104
7.1598167
7.1735477
7.3514414
4.1759996
7.21781
7.1670523
7.3514414
3.4168775
7.249384
7.1670523
5.225617
5.7105103
5.762203
7.1875896
7.3514414
6.8726544
5.096284
5.894431
5.762203
5.9255404
6.7091875
3.4306083
7.249384
5.905003
7.220346
7.1670523
7.1670523
7.1670523
5.225617
7.2971773
6.8726544
7.302313
3.4306083
6.096537
6.7309637
6.4755635
5.805728
5.815725
7.3514414
3.4168775
7.249384
7.1670523
7.1670523
7.1670523
7.1670523
7.1598167
5.696804
7.4014387
7.3514414
7.1670523
6.2062354
6.6978993
7.1807833
6.558925
7.3514414
6.8726544
7.3095484
7.3514414
7.1670523
7.1670523
7.3514414
6.8726544
7.302313
7.1735477
7.1807833
7.1670523
7.1598167
6.3702464
7.4515395
7.1670523
6.8726544
6.132743
7.1735477
7.1807833
6.8726544
7.1807833
7.1598167
7.1807833
6.7433143
5.918734
7.3514414
7.1598167
7.1807833
7.3514414
6.119012
7.3514414
3.9106045
7.4291463
7.1807833
6.8726544
7.302313
6.572656
5.239348
7.2971773
7.1598167
7.1807833
7.1598167
7.1735477
7.1807833
7.1670523
7.1670523
7.3514414
7.1670523
7.3514414
7.1670523
6.8685575
4.1897306
7.2105746
6.1741686
7.1807833
4.1759996
7.21781
7.1670523
7.1598167
6.6978993
7.1807833
6.195564
7.5484495
6.6841683
7.1807833
6.8726544
7.302313
7.1807833
7.1670523
5.7636557
7.2801642
6.572656
7.1807833
7.3514414
6.734556
7.2580786
5.225617
7.0027795
7.1807833
6.6841683
4.439318
7.3514414
4.408031
6.216312
7.1807833
7.1670523
7.1598167
4.430604
7.1447806
7.1735477
7.1735477
6.8863854
7.3514414
7.1670523
6.8685575
7.1807833
6.315496
7.2138476
7.1670523
7.1670523
7.1670523
6.566919
7.1807833
6.2574387
7.196426
6.695786
5.476812
7.7644606
5.683073
3.9106045
7.4291463
5.594116
7.2162104
7.1670523
7.1598167
7.1807833
7.3514414
3.4168775
7.249384
7.1670523
7.1670523
7.1598167
5.239348
7.289942
5.548743
7.3965464
7.1598167
5.316522
6.195564
7.5484495
6.6841683
7.1807833
6.8726544
7.302313
7.1807833
7.1670523
7.3514414
7.1670523
7.1670523
7.1670523
7.1670523
5.683073
7.0570436
7.1807833
7.1598167
7.1807833
6.6841683
7.1735477
6.6978993
4.1897306
7.21781
7.3514414
7.1670523
7.1670523
7.1670523
7.1670523
7.1598167
7.1735477
7.1807833
7.1670523
7.1670523
7.1670523
7.1670523
5.8130903
6.605678
5.594116
5.762203
6.0669475
6.3265243
5.096284
7.481098
6.558925
6.6978993
4.1897306
6.9234123
3.4306083
6.4648614
7.1807833
7.344206
5.594116
7.2162104
5.580385
5.762203
7.1875896
6.558925
7.1807833
7.1670523
4.904821
6.996117
6.132743
5.2535048
7.2971773
4.1759996
7.21781
7.344206
7.1807833
5.225617
7.289942
4.023972
7.3514414
4.328849
7.275574
7.1598167
7.3514414
7.1670523
6.2655845
5.3520465
7.289942
6.6978993
7.1807833
6.8726544
7.1807833
6.3968234
6.775018
7.1807833
7.1598167
7.1807833
7.3514414
4.9270983
7.1911974
7.1670523
4.2973504
7.3904843
4.1897306
7.344206
7.1807833
7.1670523
5.225617
7.2971773
3.4168775
7.249384
7.3514414
7.1670523
5.096284
6.872971
7.1807833
7.1670523
7.1598167
7.1807833
7.1670523
7.1670523
7.1670523
6.6841683
5.594116
5.762203
7.1875896
6.119012
6.8863854
6.399935
7.2787995
3.4168775
5.662717
5.762203
7.1875896
6.119012
7.1807833
6.0142055
7.192674
6.3702464
7.4515395
7.1670523
6.8726544
6.132743
7.1735477
7.1807833
5.683073
4.430604
6.9562945
7.1807833
5.668829
6.9196486
7.1807833
6.8726544
5.096284
7.481098
6.558925
7.3514414
6.558925
6.3962607
7.1807833
7.1670523
6.6841683
4.1897306
7.21781
6.558925
7.0391965
7.198451
4.328849
6.8569107
6.4932313
6.0949264
7.2415667
6.558925
5.320925
7.263266
5.580385
7.2162104
5.580385
7.2162104
7.1670523
6.953135
7.290987
7.1670523
5.225617
7.2971773
3.4168775
7.2421484
4.1897306
6.9234123
4.34258
7.3514414
6.3825297
7.2138476
7.1670523
7.3514414
7.344206
6.8863854
6.8863854
7.1807833
4.1759996
7.3514414
7.1670523
5.580385
5.762203
7.1875896
6.6841683
7.1807833
7.1670523
7.1670523
6.8726544
5.726776
5.4817133
7.3514414
7.1670523
4.430604
6.9562945
7.1807833
7.3514414
7.1598167
6.572656
7.3514414
7.1670523
6.3825297
7.2138476
7.3514414
7.3514414
7.1670523
6.6841683
6.572656
7.3514414
7.1670523
7.3514414
7.1670523
7.1598167
6.1741686
7.1868486
5.984225
7.30722
7.1807833
7.344206
7.1807833
7.1670523
7.1598167
7.1807833
7.1670523
7.1670523
7.1670523
6.558925
5.320925
5.809259
7.1875896
4.2973504
7.39772
7.1670523
7.1670523
5.713045
7.269732
6.0811954
7.293482
7.1598167
7.1807833
7.0391965
7.198451
5.225617
6.512655
7.1807833
7.3514414
4.1759996
7.21781
7.1670523
7.1670523
6.558925
7.3514414
5.992529
6.782904
5.093579
7.282731
6.8129935
6.284638
6.2306743
7.213805
7.3514414
7.3514414
7.1670523
4.1759996
7.21781
7.1670523
7.3514414
7.1670523
4.1759996
6.9234123
7.1807833
7.3514414
7.1670523
7.1670523
7.1670523
7.1670523
7.1598167
7.1735477
7.1807833
7.1670523
7.1670523
7.1670523
7.1670523
5.937234
7.803722
5.713045
7.1875896
7.1670523
7.1670523
7.1670523
7.344206
7.1807833
7.1670523
5.580385
5.762203
7.1875896
5.713045
7.1875896
7.3514414
7.1670523
6.0811954
7.3514414
7.1598167
7.1735477
6.3962607
7.1735477
6.2199664
6.0279365
6.713017
6.953135
5.611784
7.2162104
4.2973504
7.39772
6.8726544
3.4306083
7.249384
7.1670523
7.1670523
6.558925
6.8863854
7.1735477
7.1735477
7.1807833
4.4585123
7.2624745
7.310274
7.198451
7.310274
7.198451
6.3825297
4.53663
7.205999
7.1670523
6.119012
7.19494
7.1670523
7.1598167
7.1735477
4.503566
7.205999
7.1598167
6.8685575
4.1897306
7.2105746
6.1741686
7.1807833
4.1759996
7.21781
7.1670523
7.1598167
6.6978993
7.1735477
5.918734
6.51126
5.2570157
5.7105103
5.762203
7.180354
7.3514414
7.1670523
5.713045
4.199249
6.5976458
5.645565
7.3223248
7.1598167
6.5610642
6.9371176
6.5610642
5.392189
6.9324703
4.1897306
6.609683
7.3514414
7.3514414
7.3514414
7.1670523
6.8726544
4.3184958
7.2105746
7.1735477
7.1807833
6.386715
5.8114123
5.8729563
5.414438
7.1844673
7.344206
5.239348
7.2971773
7.310274
6.4139285
7.1807833
6.4618325
7.2278123
7.1670523
5.320925
7.263266
6.8726544
6.6057205
7.1807833
7.1670523
7.1670523
7.1670523
7.1670523
7.3514414
7.1670523
6.119012
7.1877046
7.1735477
7.3514414
6.558925
7.446082
6.6841683
7.1807833
6.734556
7.169352
7.344206
5.1263256
8.464696
7.344206
6.8863854
6.6978993
7.1807833
5.713045
7.269732
4.1759996
6.9234123
7.1807833
6.119012
5.897434
7.1875896
7.1598167
7.1807833
7.1670523
5.225617
5.84317
7.269732
7.1598167
7.1807833
6.6841683
5.096284
7.481098
6.3825297
6.7309637
7.1807833
7.3514414
4.745114
5.7655683
7.1875896
4.1759996
7.21781
5.225617
7.0027795
7.302313
6.3702464
7.709398
7.1598167
5.910642
5.744444
7.1875896
5.580385
5.762203
7.1875896
7.1670523
5.580385
5.762203
7.1875896
7.1670523
7.1670523
7.1598167
7.1807833
7.1670523
4.1759996
7.21781
7.1670523
7.1598167
7.1807833
7.1670523
7.1670523
6.2062354
6.6978993
7.1807833
4.5921493
6.9992886
7.1807833
4.5921493
7.2936864
6.8726544
6.8863854
4.1897306
7.21781
5.320925
5.809259
5.0407577
7.4079742
6.132743
7.287341
7.1670523
7.3514414
7.1670523
7.1670523
7.344206
7.1807833
6.8726544
7.302313
6.132743
6.234123
7.1807833
6.2062354
7.1807833
6.0157766
7.433244
4.3110814
7.39772
7.3514414
7.1670523
7.1670523
7.3514414
4.1759996
6.609683
7.1807833
7.1670523
5.3340526
4.2134566
5.631143
7.2162104
5.501432
7.344206
7.1807833
6.386715
6.715567
6.8863854
6.8129935
6.996589
6.6978993
6.695786
6.0157766
7.727642
7.1670523
7.344206
5.8517585
7.1807833
5.096284
6.872971
5.726776
7.1875896
6.1604376
7.1807833
3.4168775
6.641257
7.1807833
7.1670523
7.1670523
5.713045
7.1875896
6.558925
7.240411
5.225617
5.7105103
5.762203
7.1875896
7.3514414
7.3514414
5.672442
5.993824
5.2789106
7.2971773
7.3514414
6.2062354
6.2199664
7.1807833
7.3514414
5.225617
7.2971773
7.1670523
4.2973504
5.9437127
7.1875896
4.1759996
7.21781
7.1670523
6.119012
7.3514414
6.195564
7.5484495
7.1670523
7.1670523
7.1670523
7.1598167
6.2199664
4.4722433
7.2624745
7.1670523
4.1759996
6.9234123
6.6978993
6.566919
7.1807833
5.225617
7.0027795
5.239348
6.5919576
7.3514414
7.1670523
7.1670523
7.1670523
7.1598167
7.1735477
7.1807833
7.1670523
6.020394
7.198451
7.1670523
7.1670523
7.1670523
7.1670523
7.1670523
4.1759996
7.21781
7.1670523
6.8685575
1.9840467
7.198451
6.6841683
7.1807833
6.8129935
7.198451
6.119012
7.3514414
5.713045
5.6009226
6.16817
5.594116
6.431688
7.1735477
7.1807833
6.119012
7.1807833
6.8685575
6.8863854
7.1735477
7.3514414
7.1670523
7.3514414
5.713045
5.6009226
6.16817
5.594116
6.431688
5.320925
7.2560306
7.1735477
6.4755635
7.1807833
7.1670523
6.3825297
7.206612
7.1735477
6.195564
7.5484495
7.1670523
6.2574387
7.279415
7.1670523
6.2062354
7.1735477
7.3514414
7.3514414
7.1670523
7.1598167
7.1807833
5.798504
4.6347876
7.307676
7.3514414
4.1759996
7.21781
5.7800136
4.3535395
7.235478
7.3514414
7.1670523
7.1670523
3.4168775
6.954986
7.3514414
6.6841683
5.594116
4.239819
8.026758
7.1598167
6.4755635
7.1807833
7.1598167
7.1807833
7.1670523
7.1598167
7.1807833
7.344206
5.918734
6.8989463
7.1807833
7.3514414
6.5610642
7.1809387
5.997956
6.7772975
7.2721796
5.642432
7.213805
4.1759996
6.609683
7.240411
7.1670523
7.1670523
5.580385
7.2162104
7.3514414
7.1670523
6.558925
7.1807833
5.897434
6.1395493
7.1807833
5.225617
7.2971773
7.1670523
7.1670523
5.096284
7.481098
7.1670523
7.1670523
7.3514414
5.881511
7.2633095
6.3962607
4.222795
7.21781
6.8726544
7.302313
7.1735477
7.1735477
7.1735477
7.3514414
7.3514414
6.558925
6.8863854
7.1735477
7.1807833
7.3514414
6.3825297
7.3514414
7.1670523
5.096284
7.481098
7.1598167
7.1735477
7.1807833
7.1670523
7.3514414
7.1670523
7.1598167
6.6978993
7.1807833
7.3514414
7.1670523
4.2973504
7.39772
4.1759996
4.3535395
7.235478
7.1670523
6.6841683
7.1807833
7.1670523
4.1759996
7.21781
7.3514414
7.1670523
7.1670523
7.1670523
6.2062354
6.2199664
7.1735477
4.1897306
7.2105746
7.344206
6.572656
7.1807833
7.3514414
6.8726544
3.4306083
7.249384
6.441828
5.2361846
7.4354105
7.1670523
7.1670523
6.1604376
7.1807833
6.558925
7.1735477
7.1807833
7.1670523
7.1670523
6.2062354
7.1807833
5.713045
7.3514414
7.0570436
6.3487315
4.3110814
7.103322
7.3514414
4.1759996
5.631143
5.762203
6.403067
7.1807833
5.580385
5.762203
5.7335825
5.029778
7.1911974
7.1670523
7.3514414
7.1670523
7.0391965
7.198451
7.1670523
7.1670523
6.6841683
7.1807833
7.1598167
7.3514414
7.1670523
7.1670523
6.8726544
7.310274
5.2570157
7.289942
7.1807833
7.3514414
4.1759996
5.631143
7.2162104
7.1670523
7.3514414
6.04641
6.0141735
6.3499746
6.915177
7.1807833
7.3514414
5.252989
8.530721
6.558925
7.2331753
6.4755635
7.2278123
6.8726544
7.302313
7.1735477
7.1735477
5.969912
7.233487
7.3514414
7.1598167
7.1807833
5.225617
6.3363605
7.1735477
7.1807833
7.1598167
7.3514414
7.1670523
6.8726544
5.594116
7.2162104
7.1670523
7.1670523
7.310274
4.3535395
5.648811
7.2162104
6.315496
4.506431
5.320925
7.263266
7.3514414
7.1670523
7.3514414
7.1670523
6.2062354
7.1807833
7.3514414
6.020394
4.2073984
7.2105746
7.344206
7.1807833
7.1670523
6.8726544
5.904775
7.1735477
6.132743
5.594116
7.2162104
7.3514414
5.897434
5.0407577
7.890858
7.1670523
7.1598167
7.1735477
4.48273
7.243115
4.4585123
5.6758075
5.762203
5.7335825
7.269732
7.1670523
7.1598167
7.1807833
7.1670523
7.1598167
7.1807833
3.4168775
7.249384
7.1670523
7.310274
4.328749
7.3904843
5.239348
7.2971773
4.1759996
7.21781
6.8726544
6.8266644
7.1807833
7.1670523
5.096284
7.481098
7.1670523
5.225617
7.2971773
4.1759996
6.734926
7.1735477
7.1807833
7.1670523
6.558925
6.946013
7.1807833
5.225617
5.84317
6.5645123
7.1807833
7.1598167
6.6978993
6.3002
7.307956
6.3962607
7.2138476
7.1598167
6.121686
7.257902
5.683073
7.4086742
6.138367
6.4666324
6.7309637
7.1735477
7.1807833
7.1598167
7.1807833
7.1670523
6.6841683
7.1735477
7.1735477
5.594116
5.762203
7.180354
7.1807833
7.1670523
7.1670523
7.3514414
5.628701
7.213805
7.1598167
7.1735477
7.1807833
5.769229
7.2105236
7.1670523
4.1759996
7.21781
4.2973504
7.39772
4.3535395
7.235478
4.2973504
7.39772
7.1670523
6.8726544
7.1807833
7.1670523
7.1598167
5.239348
7.2971773
7.3514414
7.1670523
6.8726544
5.769229
6.426001
7.1807833
6.315496
7.3514414
7.344206
7.1807833
7.1598167
7.1807833
6.8726544
7.302313
7.1807833
7.1670523
6.1604376
6.6978993
7.1807833
7.1670523
5.7800136
5.320925
5.809259
7.180354
7.1807833
7.1670523
4.1759996
7.21781
6.6841683
7.262256
6.119012
6.1741686
5.239348
7.2971773
4.1759996
5.5876684
7.0401855
6.067158
7.2198033
7.1670523
7.3514414
7.1670523
7.1670523
6.3242297
7.709398
7.3514414
4.2715235
6.195564
7.5484495
4.3535395
5.5296016
7.3514414
4.1759996
7.21781
6.119012
7.1877046
7.1735477
5.096284
5.894431
5.762203
7.1875896
6.119012
4.1897306
7.21781
7.1670523
6.8726544
7.1807833
5.798504
6.9062104
7.1807833
3.4168775
7.249384
7.1670523
4.2973504
7.39772
7.3514414
7.1670523
7.3514414
7.1670523
7.3514414
7.1670523
5.829041
6.4139285
6.0279365
7.2138476
4.2973504
7.3904843
7.1735477
5.594116
7.208975
7.1735477
7.1735477
7.1807833
7.1670523
5.225617
5.7105103
6.7333264
7.5819244
5.096284
7.481098
7.1670523
7.1670523
4.3535395
7.235478
5.713045
7.1875896
5.225617
7.2971773
7.3514414
6.558925
5.096284
6.872971
5.726776
7.1875896
7.3514414
6.6841683
7.1807833
7.3514414
7.0570436
7.1807833
6.119012
7.19494
7.1598167
6.2199664
6.132743
5.897434
7.1875896
6.0811954
5.659948
5.762203
7.1875896
7.1670523
5.713045
6.893192
6.195564
4.557397
5.511934
6.839441
7.1735477
7.1735477
7.3514414
7.0391965
7.198451
7.1598167
7.1735477
6.4755635
4.430604
7.1447806
6.2199664
4.407757
7.21781
6.3825297
6.0279365
7.1753783
7.1807833
5.905003
7.1861086
3.4306083
7.2421484
7.310274
7.198451
7.1670523
6.8569107
5.769229
5.7565165
7.180354
7.1807833
5.435866
5.611579
5.762203
7.344206
6.4755635
6.9653373
7.1807833
4.430604
5.733302
7.3223248
4.1759996
7.21781
4.2973504
7.39772
5.580385
5.452818
3.2278688
2.5049472
4.3535395
7.2282424
7.1735477
7.1735477
7.1807833
7.1670523
7.1670523
7.1670523
6.2062354
5.1404138
7.4016876
7.1670523
7.1670523
5.713045
7.1875896
7.1670523
7.1598167
5.1404138
5.8959165
6.0079565
7.0515013
7.2278123
6.3825297
4.1897306
6.366254
7.3446345
6.8726544
6.3962607
7.1807833
7.1670523
5.769229
7.2105236
6.3825297
6.572656
7.1807833
7.1670523
5.580385
7.2162104
4.2973504
7.39772
3.4168775
7.249384
6.1604376
6.572656
7.1807833
7.1670523
7.1670523
7.1670523
7.1670523
7.1670523
3.4168775
7.249384
5.4367056
7.298602
2.9462633
7.352886
5.8959165
7.3514414
7.1670523
7.1670523
6.4618325
7.0391965
5.385781
6.8142934
6.572656
7.446082
7.1670523
4.1759996
7.310274
6.590324
7.1807833
7.1670523
7.1670523
4.2973504
7.39772
4.190661
7.418631
7.1807833
7.1670523
7.1670523
7.3514414
7.1670523
5.435866
5.611579
7.2162104
6.119012
4.1897306
4.3481083
6.391105
6.4755635
7.259735
7.1670523
7.1670523
4.2973504
6.391105
7.3514414
6.558925
6.946013
7.1807833
5.225617
5.84317
6.5645123
7.1807833
7.1598167
6.6978993
7.1807833
6.6841683
7.1807833
7.1670523
5.225617
7.289942
7.1807833
7.1670523
7.1670523
7.1670523
6.6841683
7.1807833
6.734556
5.6868973
6.0556235
6.6978993
7.1807833
3.5775623
7.1327724
7.1807833
7.1670523
7.344206
6.572656
6.087564
7.206612
5.769229
7.2105236
6.2062354
4.3110814
7.39772
6.4618325
6.934865
4.3110814
5.9437127
6.1395493
7.1735477
5.320925
6.9688683
7.1807833
7.3514414
5.580385
5.762203
5.0407577
6.14057
7.2348633
4.1759996
6.734926
6.308465
4.2073984
5.320925
4.286875
8.026758
6.315496
6.572656
6.8863854
7.1807833
6.558925
7.240411
7.1670523
7.1670523
6.8726544
6.7014213
6.757527
6.8685575
5.812235
6.225436
7.2138476
6.8726544
7.1807833
6.315496
4.218522
7.21781
7.1670523
7.1670523
7.3514414
7.344206
7.1735477
7.1735477
3.4306083
7.249384
7.1670523
5.252989
8.530721
7.1598167
7.3514414
6.558925
7.1807833
7.1670523
5.435866
5.611579
7.2162104
7.1670523
7.1670523
4.95327
6.6163716
5.093579
6.9300413
7.1735477
6.6978993
7.3514414
6.119012
6.1741686
5.239348
5.7105103
5.762203
7.1875896
6.119012
4.1897306
7.21781
7.1670523
5.798504
6.9062104
7.1807833
3.4168775
7.249384
7.1670523
4.2973504
7.39772
7.3514414
7.3514414
7.1670523
6.558925
5.726776
6.975334
7.3095484
5.396708
6.629286
7.240411
7.1598167
7.1807833
7.1670523
4.1759996
6.3081965
5.572923
7.315089
7.1807833
6.3825297
7.3514414
7.1598167
4.1897306
5.631143
7.208975
5.594116
7.2162104
5.580385
7.2162104
5.580385
7.2162104
7.1670523
5.7140107
6.1743207
7.3514414
7.1670523
7.1670523
6.6841683
5.265364
5.096284
6.872971
5.726776
7.180354
7.1807833
5.320925
5.809259
7.180354
7.1807833
7.1598167
7.1735477
4.1897306
5.5481524
6.9367504
7.3514414
3.4168775
7.249384
6.7433143
6.4558883
6.572656
7.446082
4.1759996
6.16977
6.195564
7.162216
7.0151505
6.8863854
4.918552
5.5846386
4.331272
6.609683
5.096284
6.872971
5.726776
7.1875896
4.9474425
5.4367056
7.298602
2.9462633
7.352886
6.3906245
5.726776
7.302638
3.4306083
7.249384
7.3514414
6.8726544
4.3110814
7.3904843
7.3514414
4.1759996
5.763803
5.3282967
7.2971773
7.1670523
7.1670523
7.1670523
6.695786
7.3514414
5.683073
7.4014387
5.410439
6.629286
7.240411
6.4618325
7.259735
6.3825297
7.206612
7.1807833
6.558925
6.8685575
6.020394
7.198451
3.4168775
5.662717
5.762203
7.1875896
7.3514414
7.1598167
7.1807833
6.8726544
6.525026
7.2138476
7.1670523
7.1670523
6.8726544
4.918552
7.2832794
5.474907
7.344206
7.1807833
7.1670523
7.1598167
7.1807833
7.3514414
5.580385
6.6080832
6.0775337
7.2006083
5.897434
7.1875896
7.1598167
7.0570436
7.1807833
5.668829
6.1666603
7.3514414
6.6841683
6.8685575
6.1741686
6.902603
7.3514414
7.1670523
6.6841683
5.726776
7.269732
7.1598167
7.1807833
7.1670523
6.6841683
7.1807833
6.558925
6.837955
7.2138476
5.9298387
5.2782364
7.2834797
7.1670523
7.1670523
7.1670523
7.3514414
6.2062354
7.3514414
7.1670523
7.344206
7.1807833
6.4618325
6.6978993
6.572656
7.3514414
5.910642
5.744444
7.1875896
7.1670523
5.713045
7.1875896
7.344206
7.1807833
7.1670523
7.1598167
6.4755635
4.218522
6.609683
7.1807833
4.1759996
7.2105746
6.329227
7.1735477
7.1807833
7.3514414
4.1759996
5.5388107
5.993824
7.2131104
6.8863854
5.239348
7.2971773
4.1759996
7.21781
6.558925
7.446082
6.315496
5.769229
7.2105236
5.580385
7.2162104
4.2973504
7.39772
7.1670523
7.3514414
7.1670523
5.713045
7.269732
4.1759996
4.6414666
7.3550024
4.6044397
5.6832385
5.993824
4.350644
6.068695
7.3514414
4.1759996
7.21781
5.205871
7.3514414
7.1670523
7.1670523
7.1670523
7.1670523
6.8726544
6.572656
7.1807833
7.1670523
6.8726544
7.1807833
7.3514414
4.1787114
7.205773
7.1670523
7.344206
6.6978993
6.6978993
6.3962607
7.1735477
7.1807833
5.897434
7.1875896
7.1670523
5.225617
5.84317
7.269732
7.1670523
7.1670523
7.3514414
5.2361846
5.8487434
7.2162104
5.461176
4.331272
6.2111955
7.1807833
6.558925
7.1735477
7.1807833
7.1670523
7.1598167
7.1807833
7.1670523
6.558925
7.1807833
7.1670523
6.1604376
7.1735477
6.572656
7.310274
7.198451
7.1598167
7.1807833
3.4168775
7.249384
7.1670523
7.1598167
7.1735477
7.1735477
6.020394
5.611784
6.431688
7.1807833
3.4168775
7.249384
7.1670523
7.1670523
6.119012
6.5610642
7.1912155
7.1807833
6.1786547
7.591091
7.0151505
5.721961
5.7272334
5.762203
7.1875896
5.580385
5.762203
6.893192
3.4306083
5.662717
5.762203
7.1875896
7.3514414
7.1598167
6.8863854
7.1807833
4.904821
4.3546324
5.8025365
5.762203
5.0407577
6.9300413
6.6978993
5.969912
7.207827
7.1670523
7.1670523
7.1670523
7.1670523
7.1670523
6.558925
5.726776
5.0407577
4.8998055
7.21781
7.1598167
6.572656
7.1807833
7.3514414
7.1598167
7.1807833
7.344206
7.1735477
7.1807833
7.1670523
7.344206
7.1807833
5.4973946
5.424886
4.408172
4.5543227
7.198451
3.4168775
7.249384
6.558925
7.1807833
7.0570436
7.1807833
6.119012
7.19494
7.1598167
6.2199664
6.132743
7.310274
4.2073984
7.21781
7.3514414
7.1670523
7.1598167
7.1807833
7.1670523
7.1670523
7.1670523
7.3514414
6.6841683
7.262256
4.408031
6.517707
7.259735
7.1670523
6.3825297
4.3110814
7.39772
6.8726544
4.4398465
7.39772
5.225617
7.2971773
4.1759996
3.9106045
6.283535
7.182614
7.1670523
7.310274
6.112594
7.3514414
6.8726544
5.501784
5.993824
4.232005
7.205773
5.905003
7.3514414
5.7800136
7.3514414
5.668829
6.3906245
7.1807833
5.580385
5.762203
5.0407577
4.8998055
7.21781
7.310274
7.198451
7.3514414
6.8726544
7.1807833
7.1598167
5.594116
7.2162104
7.310274
5.611784
5.762203
7.180354
7.1807833
7.344206
4.2715235
5.897434
7.1875896
7.1670523
7.1598167
7.1807833
7.1670523
4.1759996
6.734926
7.1807833
5.897434
6.5794625
6.132743
4.1897306
7.2105746
5.594116
5.762203
6.7047057
5.0079174
7.756819
7.1670523
7.3514414
7.1670523
6.119012
5.6554003
6.104939
5.727785
7.213805
4.1759996
7.21781
4.1347704
6.639204
7.24548
7.1670523
7.1598167
7.3514414
7.1670523
7.1598167
7.1807833
7.3514414
5.225617
7.2971773
7.0391965
7.1912155
7.1735477
7.1807833
7.1670523
6.3906245
7.1735477
7.1807833
7.1670523
7.1598167
6.8863854
7.1735477
4.3110814
7.39772
6.3825297
6.4755635
4.389609
6.7926903
6.671288
5.726776
7.1875896
4.1759996
7.2105746
6.8685575
6.8863854
6.8863854
5.594116
6.6080832
7.1807833
7.1670523
4.1759996
7.21781
7.3514414
7.1670523
7.3514414
5.580385
5.762203
6.661605
5.7864037
6.661605
5.093579
7.890858
7.1670523
7.1670523
3.879952
7.3514414
7.3514414
6.4618325
7.3514414
7.1598167
7.0570436
6.8863854
7.1807833
4.2973504
4.5595164
7.275574
6.6841683
6.1741686
4.320222
7.3514414
7.1670523
7.1670523
5.320925
4.286875
8.026758
7.1670523
7.1670523
7.1670523
7.3514414
7.3514414
7.3514414
7.0391965
5.5580883
5.31466
7.2942324
3.879952
5.320925
5.809259
4.317888
6.3496795
5.41335
5.897434
7.1875896
7.1670523
7.1670523
7.1670523
7.3514414
7.3514414
7.1670523
7.1670523
7.1670523
6.558925
7.3514414
6.566919
7.1807833
4.1759996
7.21781
7.1670523
4.2973504
5.6665335
4.4941974
7.3514414
7.1670523
5.713045
5.7335825
7.3514414
7.1670523
7.1670523
5.897434
5.517932
5.424886
6.5610642
7.198451
6.558925
7.3514414
7.3514414
7.1670523
7.1670523
6.51126
7.257902
5.713045
4.3535395
4.365776
6.914836
6.6978993
6.299195
7.5484495
7.1670523
4.328849
7.275574
4.1759996
7.2105746
7.1735477
7.0570436
7.344206
4.1897306
5.631143
6.9218125
7.1807833
7.3514414
7.1598167
7.1807833
7.3514414
5.628701
5.845257
4.1952004
7.21781
5.645565
4.331272
7.21781
7.1670523
7.1598167
6.2199664
6.041491
7.196057
7.1807833
4.1759996
7.2105746
6.8863854
7.1807833
7.1670523
6.6841683
6.572656
4.1897306
7.2105746
7.3514414
7.1670523
6.6841683
5.726776
6.975334
7.1807833
5.817816
6.409439
5.594116
5.762203
6.893192
6.572656
7.1807833
7.1598167
7.1807833
5.580385
5.9306693
7.3515863
6.119012
7.3514414
7.3514414
7.1670523
7.1670523
7.1598167
7.1735477
5.2930384
4.2898817
7.21781
6.0811954
7.246615
7.1670523
7.3514414
7.1670523
6.1604376
7.1735477
5.9435697
6.8993587
7.302313
7.1807833
7.1670523
6.8726544
7.1735477
7.1735477
7.1807833
7.1598167
6.6978993
7.1807833
7.1670523
5.096284
7.481098
7.1670523
6.0811954
7.246615
7.1598167
5.239348
7.2971773
6.3825297
6.8863854
6.329227
4.4722433
6.6543474
7.240411
5.759529
6.1266365
5.251239
5.84317
7.2624965
7.1735477
6.020394
7.198451
6.8726544
6.8863854
7.3514414
7.1598167
7.1807833
7.1670523
7.1670523
6.6841683
6.3702464
7.4515395
3.4168775
7.2421484
7.3514414
7.1670523
7.1670523
6.953135
7.198451
7.1670523
5.905003
5.2459526
7.289942
7.1807833
7.1670523
7.1670523
7.1670523
7.1670523
5.897434
6.386715
2.4787939
6.904053
6.572656
7.1735477
7.1735477
6.4755635
7.220577
6.572656
4.3535395
7.2282424
7.1807833
7.1670523
7.3514414
6.558925
7.1807833
6.2655845
4.430604
5.8525114
5.762203
5.4817133
7.3223248
4.1759996
5.733831
1.9424247
7.3514414
7.1670523
4.1759996
7.21781
7.1598167
7.1807833
6.2062354
6.8685575
6.572656
6.572656
5.997956
7.202339
5.449597
5.611579
6.6080832
7.1735477
6.0949264
6.7696953
7.1735477
7.3514414
5.798504
7.3514414
7.344206
7.1807833
7.1670523
7.1670523
6.494863
6.5220227
7.262256
7.1670523
6.6841683
4.8333764
7.203874
4.1759996
7.21781
7.3514414
6.119012
6.234123
5.239348
7.2971773
4.1759996
7.21781
7.1670523
7.1670523
7.1598167
3.716832
7.1950088
7.1670523
7.1670523
7.1670523
7.3514414
4.1759996
5.8887854
5.014003
7.183962
7.1807833
7.1598167
7.1807833
7.1670523
5.461176
5.907897
4.3792033
7.21781
5.580385
1.3624244
7.242259
7.1598167
7.1807833
6.8685575
7.1735477
7.3514414
7.1598167
7.1807833
7.1670523
7.1670523
6.8726544
7.1807833
6.3825297
7.2138476
7.344206
7.3514414
5.2262535
8.55705
6.3825297
6.253031
7.1735477
7.1807833
7.0570436
4.1897306
7.21781
6.558925
7.446082
7.3514414
7.1670523
7.344206
7.1735477
4.2449007
3.2055604
7.3514414
7.1670523
7.3514414
7.3514414
7.1670523
7.1670523
7.1670523
5.252989
8.530721
4.9270983
4.2358093
7.0391965
7.198451
6.6841683
7.3514414
6.195564
7.344206
3.4306083
7.249384
5.320925
7.2560306
7.1807833
7.1670523
4.1759996
6.4332876
6.572656
7.3784876
6.3825297
7.1807833
6.8726544
6.2199664
6.8863854
6.3962607
7.1807833
7.1670523
4.1759996
5.763803
5.029778
7.1911974
6.8726544
7.1735477
7.1735477
7.3514414
7.3514414
6.8726544
5.7711973
4.2227526
7.21781
7.3514414
4.1759996
7.21781
7.1670523
6.8726544
6.953135
6.715567
4.1897306
5.763803
7.2234416
7.1670523
7.0391965
7.198451
6.8726544
6.494863
5.743265
6.431688
6.2199664
4.3110814
6.5461636
6.494863
6.7443585
7.1807833
7.1670523
4.1759996
6.734926
6.4755635
7.2733245
5.8959165
7.2107415
7.1807833
7.344206
6.6978993
7.1807833
6.0811954
6.285798
5.642432
5.27237
7.2971773
7.1670523
7.1670523
7.1598167
7.1735477
6.7433143
6.6462216
7.2278123
7.1670523
6.3825297
6.8863854
7.219612
5.320925
4.286875
7.3514414
7.1670523
7.344206
6.2199664
6.3962607
2.3520122
7.3514414
6.3825297
6.0224166
7.1735477
4.34258
7.275574
5.628701
7.213805
7.3514414
7.3514414
4.3535395
7.2282424
5.320925
5.809259
5.0407577
7.890858
7.3514414
7.3514414
7.1670523
7.1670523
5.905003
6.341788
7.3514414
6.6841683
6.3962607
5.594116
5.762203
7.1875896
7.1670523
5.569102
5.6644506
5.9131646
7.1801524
6.8863854
7.1807833
6.2062354
5.582833
5.096284
7.4738626
7.3514414
7.1598167
7.3514414
7.1598167
6.6978993
7.1807833
3.9106045
7.436382
6.558925
7.1807833
7.1598167
7.3514414
6.0811954
6.6853547
4.1897306
6.9234123
7.3095484
7.1670523
6.386715
6.590324
5.249568
1.0074703
2.4270246
0.6955351
4.2405415
7.3514414
7.1598167
7.1807833
6.3825297
6.3002
7.3151917
5.225617
7.344206
6.3906245
7.1807833
7.1670523
5.897434
5.8797626
1.6634706
7.344206
5.6503654
6.938195
7.3514414
4.2973504
7.103322
5.8517585
3.9624367
7.249384
7.310274
7.1912155
6.8863854
4.4398465
7.39772
6.8726544
6.6978993
1.9839765
6.2444406
5.8821898
6.486573
6.934865
7.1735477
7.1807833
4.1759996
6.5125904
6.934865
6.8863854
7.1807833
6.2062354
6.8863854
6.8863854
7.1735477
7.1807833
7.1670523
4.1759996
7.3514414
7.1598167
4.1897306
5.8887854
7.40357
4.2973504
7.39772
6.3825297
7.4504333
6.2199664
6.572656
6.6978993
4.430604
7.431943
7.1807833
7.1670523
6.3906245
4.1897306
6.9234123
3.4306083
7.2421484
5.969912
7.2262516
7.3514414
7.1670523
6.558925
4.1897306
6.2569933
5.388534
6.4071803
6.4755635
6.2669954
6.2199664
5.5111256
7.2311482
4.3535395
7.235478
7.1598167
6.6462216
7.1735477
6.572656
7.2331753
6.4755635
3.6807654
2.587024
7.1002264
7.310274
7.198451
7.1670523
7.1670523
6.6841683
3.9106045
6.2255106
7.233487
6.8726544
4.204392
7.7323604
7.1807833
2.778038
4.353369
5.73735
7.4014387
4.430604
4.857021
6.2658014
6.3906245
7.1807833
7.1670523
7.3514414
4.2973504
6.914836
6.8863854
4.1897306
7.2105746
7.1735477
5.897434
7.1875896
4.430604
7.4391785
7.344206
6.7433143
6.757527
7.1807833
6.315496
7.2095747
7.1670523
7.1598167
6.8685575
7.1735477
5.561109
7.2010593
6.6841683
7.262256
7.1598167
5.8693113
7.347816
5.628701
4.2227526
6.366254
7.3446345
7.1670523
7.310274
4.328749
5.9437127
7.180354
7.1735477
7.1807833
6.6841683
7.310274
6.2888374
3.6807654
3.2376869
7.3514414
4.2973504
7.3904843
3.716832
6.5868816
7.2331753
7.1807833
7.1670523
7.1670523
7.1670523
6.499885
7.1735477
6.8863854
6.329227
7.202339
6.6978993
6.3962607
7.0570436
4.1897306
7.2105746
6.6078076
6.062002
6.341788
7.202339
6.4755635
6.6978993
7.3514414
7.3514414
6.566919
7.1735477
7.1807833
7.344206
7.1807833
7.3514414
7.344206
7.1807833
6.3825297
7.3514414
7.1670523
7.1670523
4.328849
6.7926903
7.1807833
5.628701
7.344206
6.8129935
5.611784
5.762203
7.1875896
7.1598167
4.34258
7.275574
6.8726544
6.572656
7.1735477
7.1807833
4.1759996
7.21781
5.628701
5.4440646
7.0067735
3.4306083
5.3233705
4.304943
7.2105746
7.1807833
5.9269385
7.198451
6.8726544
7.1735477
4.3814926
7.3654766
7.1670523
7.3514414
7.0391965
7.1912155
7.1807833
5.096284
7.481098
6.8726544
7.262256
7.1598167
7.1807833
7.1598167
3.9106045
7.436382
6.2574387
6.329227
7.2095747
7.1670523
7.1670523
6.8685575
7.0570436
7.1807833
6.2062354
7.1807833
5.905003
7.1801524
7.1735477
7.1735477
7.1807833
6.6841683
7.1807833
6.8726544
7.1735477
7.1807833
6.558925
7.1735477
7.3514414
7.1598167
4.3535395
6.94108
5.997956
6.8863854
4.4398465
7.39772
6.119012
7.1877046
7.1735477
7.1807833
7.1670523
7.1670523
5.096284
7.481098
7.1598167
4.2715235
7.3514414
7.1670523
4.1759996
7.21781
6.2062354
2.4611259
6.4932313
7.2278123
5.817816
7.187388
6.2062354
6.6978993
5.239348
7.2971773
6.3825297
6.91945
4.1897306
7.21781
7.3514414
7.1670523
4.2973504
6.3496795
4.0447197
7.3514414
6.953135
6.715567
7.1807833
7.1598167
7.1807833
7.1670523
6.3906245
6.3962607
7.1735477
6.5610642
7.2315154
7.1670523
7.1670523
7.1598167
7.1807833
7.1670523
7.1670523
7.3514414
7.1670523
7.1598167
7.1807833
7.1670523
7.1670523
7.1670523
6.558925
7.1807833
6.6841683
5.239348
7.2971773
7.1670523
4.1759996
7.21781
6.3825297
5.918734
7.193344
7.1670523
7.3514414
7.1670523
6.8685575
6.8863854
6.572656
5.6537437
5.762203
7.180354
7.1807833
6.8726544
7.1735477
6.8863854
5.8729563
6.572656
4.249358
7.21781
6.6841683
7.1807833
7.1670523
7.1598167
7.1735477
6.6978993
7.310274
7.1912155
7.1735477
7.1807833
6.734556
7.2580786
6.566919
5.642432
7.342738
6.558925
6.946013
7.302313
6.0157766
5.019102
7.255239
6.2711697
5.594116
4.239819
7.3514414
7.1670523
6.8726544
5.594116
7.2162104
7.1670523
6.2062354
5.388534
7.191703
7.1670523
7.3514414
6.558925
7.1735477
3.9158874
7.3514414
4.2973504
5.811053
5.732231
6.8252945
4.1897306
6.7433143
7.446082
5.225617
7.289942
1.5068533
6.5303226
6.8863854
6.572656
7.240411
7.1670523
3.4168775
7.249384
7.1670523
5.225617
6.8142934
4.204392
8.026758
5.569102
4.201019
5.763803
6.975334
7.3095484
6.8726544
5.239348
6.8142934
4.204392
8.026758
5.9298387
4.1897306
5.763803
7.3514414
7.1670523
5.320925
6.655139
7.2331753
6.3962607
7.1807833
6.315496
6.915177
7.1735477
7.1807833
4.4208255
7.0570436
6.8863854
7.1807833
7.1598167
7.1807833
7.1598167
7.3514414
7.1670523
7.1670523
7.3514414
7.3514414
7.1670523
7.1598167
7.3514414
7.3514414
5.427747
7.3456597
7.1670523
7.3514414
6.558925
4.3535395
5.648811
7.2162104
5.7636557
7.2874
6.0811954
4.302429
6.7433143
7.240411
6.315496
6.726691
7.1735477
7.3514414
7.1670523
6.953135
4.2999344
7.21781
7.1598167
6.572656
7.1807833
3.4168775
7.2421484
6.3962607
7.1807833
6.8726544
7.302313
7.1735477
7.1735477
6.132743
7.1877046
6.6978993
5.239348
5.84317
6.403067
7.1807833
4.1759996
7.21781
7.1598167
6.572656
7.344206
7.1807833
7.1670523
4.196289
7.3514414
5.225617
7.2971773
7.3514414
7.3514414
4.456789
7.2827725
7.1735477
6.3702464
7.709398
7.3514414
7.1670523
7.1670523
7.1598167
7.1807833
7.1670523
5.320925
5.809259
7.1875896
6.6841683
7.1807833
5.905003
7.344206
5.594116
7.2162104
7.1670523
6.119012
7.2801056
7.1735477
6.8863854
6.6978993
6.329227
6.060141
7.2174835
7.1807833
7.1670523
7.1670523
7.344206
4.34258
7.2683387
6.8863854
4.9408293
6.8967996
7.1735477
7.3514414
4.2973504
5.811053
4.239819
5.318218
6.7433143
7.1807833
7.1598167
5.320925
5.809259
7.3514414
7.1598167
7.1735477
5.594116
6.9218125
6.132743
7.1877046
5.594116
5.762203
7.180354
7.1735477
7.1807833
4.1759996
7.21781
7.1670523
6.8726544
5.594116
6.9218125
5.897434
7.1875896
7.3514414
6.534684
5.7636557
7.0570436
5.969912
7.2005916
6.8863854
6.6978993
6.8863854
6.6978993
7.1807833
7.3514414
7.3514414
6.558925
7.1807833
7.1598167
7.1807833
6.8726544
7.1807833
5.580385
7.2162104
7.1670523
7.1670523
7.3514414
6.3825297
7.1735477
7.1807833
7.1670523
7.1670523
7.1670523
6.3825297
7.1807833
7.1670523
6.4618325
7.259735
7.1670523
7.1598167
6.572656
7.1807833
6.4618325
7.1735477
7.1807833
7.1670523
4.1787114
7.205773
7.1598167
7.1735477
7.3514414
7.1670523
5.798504
7.186253
6.8726544
6.8863854
6.132743
7.201531
7.1670523
6.4618325
6.9252143
6.6978993
3.759165
7.344206
5.594116
6.9218125
5.897434
7.1875896
6.558925
5.726776
5.815725
7.3098736
3.4168775
7.2421484
6.572656
7.3514414
5.320925
7.263266
7.3514414
6.3825297
7.1807833
6.386715
4.489911
6.9680767
5.25477
7.191703
7.3514414
7.1670523
6.4618325
7.2278123
4.2973504
6.391105
6.074061
6.3962607
6.2199664
4.3110814
7.3904843
3.4306083
7.249384
6.8726544
6.494863
5.7975664
5.762203
7.180354
5.9269385
7.198451
7.1670523
7.1670523
7.3514414
5.9269385
7.198451
7.1670523
4.2973504
5.728062
6.9367504
6.6978993
7.1807833
7.1670523
7.1670523
5.655037
6.253884
6.2199664
7.1807833
7.1598167
7.1807833
7.1670523
7.3514414
5.798504
6.703369
4.430604
6.9562945
7.1807833
5.2306967
7.344206
7.1807833
5.897434
7.1875896
4.1759996
7.344206
4.3535395
5.8669295
7.1933727
7.1807833
4.1759996
6.734926
4.430604
5.502823
7.3514414
7.1670523
7.1670523
6.3825297
7.2138476
6.8726544
7.1807833
7.1598167
6.6978993
6.7433143
7.1807833
5.713045
7.2624965
6.0949264
7.3514414
7.1670523
7.1670523
6.2062354
7.1807833
5.897434
7.180354
4.9408293
7.1911974
5.713045
7.180354
7.1807833
7.1598167
7.1807833
5.225617
7.2971773
5.713045
7.1875896
7.1598167
7.1807833
6.2062354
6.572656
5.726776
5.7335825
7.3514414
5.668829
7.3514414
7.310274
7.198451
4.489835
7.205999
6.3825297
6.91945
7.1807833
7.1670523
7.1670523
7.1670523
7.3514414
7.1670523
7.1670523
7.3514414
6.6841683
4.34258
7.275574
7.1670523
7.1670523
6.558925
6.4394674
6.526752
7.1735477
7.1807833
7.1670523
4.1759996
7.21781
7.1670523
6.1604376
7.1807833
7.1670523
7.1598167
7.1807833
6.020394
4.2073984
7.2105746
6.8863854
7.1807833
5.905003
7.193344
6.558925
7.1735477
7.1807833
3.4168775
6.641257
7.4388466
7.1735477
7.1807833
5.683073
7.4014387
5.096284
7.481098
5.683073
7.4086742
6.6841683
7.3514414
7.1598167
7.1807833
7.3514414
7.1670523
6.558925
6.0949264
5.659948
5.762203
5.4817133
5.907897
5.4288206
7.2971773
4.1759996
6.734926
7.2278123
7.1670523
7.1670523
6.8685575
4.1897306
7.21781
7.1670523
4.2973504
7.39772
4.1759996
5.7636557
7.2874
7.1670523
7.1598167
6.572656
4.1897306
5.096284
7.4738626
7.3514414
7.310274
6.590324
7.1807833
7.1670523
4.1759996
5.631143
7.2162104
6.8129935
6.33017
6.6978993
7.1807833
7.3514414
7.1598167
7.3514414
4.4585123
7.2624745
7.1670523
4.1759996
7.3514414
5.0202203
7.1063356
7.3514414
7.3514414
6.6841683
7.1897655
7.1807833
7.3514414
6.6841683
5.441478
4.354607
6.4332876
4.587967
6.6131973
6.3242297
4.718345
5.910642
7.1912155
7.1807833
7.1670523
4.328849
6.9811764
7.262256
7.1670523
7.1670523
7.1670523
6.6841683
5.997956
5.6035805
6.5220394
4.3243895
6.6398826
7.344206
7.1807833
6.3825297
7.3514414
6.6841683
7.1807833
4.1759996
6.0349827
5.1739373
6.0529113
7.3514414
7.3514414
7.1670523
5.897434
5.4324875
7.3514414
7.3514414
7.3514414
7.344206
5.831547
7.1801524
7.1807833
7.1670523
6.2062354
6.6978993
7.1807833
7.3514414
7.1670523
7.1670523
6.558925
5.897434
7.1875896
7.3514414
7.1670523
7.3514414
7.1670523
7.1670523
6.183787
6.8685575
7.220577
6.572656
6.8863854
6.132743
7.3514414
7.1670523
7.1670523
4.5921493
7.286451
7.1735477
4.1897306
7.310274
6.715567
6.572656
6.8863854
7.1807833
7.1598167
7.1807833
7.1670523
7.1598167
7.1807833
6.386715
2.4787939
7.198451
5.798504
4.430604
5.8525114
4.239819
6.440091
7.2162104
7.3514414
5.225617
7.289942
7.344206
6.3962607
6.4755635
6.619685
6.535191
7.28056
7.3514414
7.1670523
6.3825297
6.494863
7.329932
7.1670523
7.1670523
6.8726544
7.1807833
7.1670523
7.3514414
4.1759996
7.3514414
7.0570436
7.1807833
7.1670523
5.225617
7.289942
7.344206
7.344206
6.5755897
7.5844593
4.2973504
7.3904843
7.3514414
5.225617
5.7105103
7.2162104
7.1670523
7.344206
7.3514414
4.1759996
7.21781
7.310274
6.1504107
7.1807833
7.3514414
7.1670523
6.6841683
7.1735477
6.14057
6.9134293
6.6978993
5.0304923
6.270709
6.6978993
5.239348
7.2971773
6.499885
7.1735477
7.1735477
6.8685575
7.1807833
6.558925
7.3514414
6.2062354
7.1735477
7.1807833
6.2574387
7.279415
7.1670523
7.1670523
7.1670523
5.1986856
6.6143026
7.1807833
7.1670523
5.580385
6.16817
7.1735477
7.1735477
7.1735477
7.1735477
7.1807833
7.344206
5.812235
7.186253
5.580385
6.364654
7.1735477
7.1735477
7.1807833
7.1598167
6.8863854
7.302313
7.3514414
7.0570436
7.1807833
7.0570436
5.239348
7.289942
1.5068533
6.354028
7.1735477
7.1807833
7.1598167
4.1897306
4.549382
8.746405
4.1759996
7.21781
7.1598167
4.225395
5.8821898
7.191793
6.8726544
4.1897306
7.21781
6.558925
7.1807833
6.558925
5.726776
7.1875896
4.1759996
5.511934
7.3223248
7.1598167
7.1807833
6.119012
7.309759
7.1670523
7.3514414
7.1670523
6.6841683
7.0391965
6.590324
7.1807833
7.3514414
6.6841683
7.3514414
5.683073
7.3514414
7.1670523
7.1670523
7.1670523
6.7433143
7.1807833
7.3514414
5.225617
6.68905
5.726776
7.1875896
5.225617
5.7105103
7.2162104
6.119012
7.1807833
4.2973504
5.4562845
7.289942
7.1807833
4.1759996
7.21781
7.1670523
7.1670523
7.1670523
6.3825297
7.1807833
5.580385
5.762203
7.1875896
5.6429877
8.15051
6.2062354
7.1807833
7.1670523
7.1670523
7.1598167
6.132743
4.4593205
6.9811764
6.5610642
6.904053
7.302313
6.6978993
7.1807833
7.3514414
7.310274
7.198451
7.1598167
5.8961744
6.5706596
7.1735477
5.0597463
7.2324896
6.3962607
5.8961744
4.3641295
7.310274
4.3535395
7.2282424
6.1741686
7.196426
7.3514414
7.3514414
7.1598167
6.2199664
7.1807833
7.3514414
6.8726544
7.3095484
6.0811954
6.953135
7.344206
7.1735477
5.594116
5.762203
7.1875896
7.1670523
4.1759996
7.21781
5.289645
2.001242
5.734046
7.289432
6.499885
6.207384
7.1912155
7.1807833
7.1670523
7.0391965
7.1912155
7.1807833
7.1670523
5.580385
7.208975
6.8863854
6.572656
7.1807833
6.8685575
7.1807833
7.1670523
7.1598167
6.6978993
7.1807833
7.0391965
7.327216
7.1598167
7.1807833
7.1670523
5.580385
7.208975
7.310274
7.198451
7.3514414
7.1670523
6.3825297
6.508628
5.7636557
7.2874
5.7800136
7.288997
7.1807833
7.1598167
7.3514414
6.6841683
7.1735477
7.1807833
7.1670523
6.4618325
7.1807833
7.1598167
5.831547
7.187388
6.6841683
7.1807833
7.1670523
6.558925
5.7283955
6.920303
6.572656
4.249358
7.21781
7.3514414
6.558925
7.1807833
5.2361846
7.1410127
7.1807833
7.310274
7.3514414
7.1670523
7.1670523
7.1670523
7.3514414
6.3825297
6.91945
6.525026
7.2138476
7.1598167
7.1807833
7.1670523
7.1670523
7.310274
7.198451
7.1670523
5.7800136
7.2962327
6.4618325
7.219612
7.1670523
7.1670523
7.1598167
7.0391965
7.327216
6.0811954
5.096284
7.1867003
7.1807833
5.7800136
7.2962327
7.1670523
7.1670523
6.8726544
6.4755635
7.2123766
7.1807833
7.1670523
7.1670523
6.8726544
6.525026
7.2138476
6.2574387
7.1807833
6.3002
7.3151917
4.328849
6.9811764
6.734556
6.473556
4.34258
5.737223
7.213805
6.8726544
7.1807833
7.1670523
3.4168775
7.249384
7.1670523
7.1670523
7.1670523
7.3514414
6.6841683
6.572656
6.329227
7.3514414
6.6841683
6.572656
6.329227
6.386715
7.198451
6.8726544
6.399935
7.1807833
7.0391965
7.198451
4.2973504
7.3904843
4.430604
7.4391785
7.3514414
6.8726544
7.302313
4.1897306
6.9234123
7.1807833
7.1670523
7.1670523
7.1670523
7.1670523
4.3535395
5.8307047
4.32103
7.21781
4.2973504
6.068695
6.361157
7.1735477
6.7433143
4.3535395
7.235478
3.4168775
6.544164
7.3784876
7.3514414
7.3514414
5.3607903
5.8583198
6.4160857
7.1807833
7.1598167
7.1807833
7.1598167
4.1897306
7.21781
6.1604376
7.1807833
7.1598167
4.34258
7.275574
7.3514414
4.430604
6.9562945
7.3514414
5.0202203
7.344206
4.3110814
7.39772
5.2306967
5.5224843
7.338346
7.3514414
7.1598167
5.316522
7.198466
4.2973504
6.436903
4.9663258
7.1911974
6.8726544
5.7937446
7.393799
7.1670523
6.8726544
6.2199664
7.2461505
7.1735477
6.8863854
5.7937446
7.393799
7.1670523
4.2973504
3.2393014
5.3795176
6.49734
4.3110814
7.39772
7.3514414
7.1670523
7.1598167
7.1807833
7.1670523
7.344206
7.3514414
7.1598167
7.344206
7.310274
6.3468947
6.915177
7.0151505
7.3095484
7.1670523
7.3514414
6.3825297
6.572656
7.344206
7.1807833
7.310274
6.590324
7.1807833
4.1759996
6.4332876
5.742575
7.2303185
6.2062354
5.594116
6.033383
5.239348
7.2971773
4.1759996
5.763803
3.519557
6.288567
4.318821
7.21781
7.1670523
7.1670523
4.328849
7.2683387
6.3962607
5.642432
7.213805
7.1598167
7.1807833
5.509068
6.739293
7.2550206
7.1807833
7.3514414
7.1670523
4.1759996
7.21781
7.1670523
6.7433143
6.946013
7.1807833
6.6841683
7.3514414
7.1670523
7.1598167
6.6978993
6.2199664
6.6978993
7.1807833
7.1670523
6.558925
4.249358
6.734926
7.344206
7.3514414
7.3514414
7.1670523
7.1670523
7.3514414
4.1759996
6.734926
6.2199664
7.1735477
7.1807833
7.3514414
7.1670523
7.1670523
6.3825297
6.8863854
7.219612
7.1670523
6.8685575
7.1807833
7.1670523
7.1670523
7.1670523
6.417439
6.1918364
7.1807833
5.580385
7.2162104
4.904821
7.290515
3.4168775
7.249384
4.3535395
7.2282424
5.77601
7.1807833
7.1670523
7.1670523
6.3825297
6.6978993
7.3514414
6.8726544
4.4398465
6.914836
7.1807833
6.499885
6.448808
6.629153
7.1807833
4.1759996
5.5388107
6.7433143
5.62984
7.2199545
7.1670523
6.8726544
7.3095484
6.0811954
6.734556
7.310274
7.1912155
6.572656
7.240411
7.1670523
7.1670523
7.1670523
7.1598167
6.6978993
7.3514414
6.2062354
7.1807833
7.3514414
4.2973504
6.010681
4.1897306
7.21781
7.1670523
6.8726544
6.3962607
7.1735477
6.534684
4.549382
8.739169
7.1807833
7.1670523
4.1759996
6.734926
6.8129935
7.198451
7.1598167
6.572656
7.240411
4.2973504
7.39772
4.1759996
7.21781
7.1670523
6.315496
4.769431
7.37267
7.3514414
7.1670523
7.1670523
7.3514414
5.2361846
6.7301908
6.4752126
6.8863854
6.6978993
6.572656
7.2278123
5.813095
8.02305
7.1670523
5.435866
7.3514414
7.1670523
7.3514414
6.8726544
7.1735477
7.1735477
5.8517585
7.1807833
7.3514414
4.1759996
7.21781
6.4618325
7.1807833
7.1670523
6.8726544
7.3514414
6.6841683
4.1897306
6.4332876
7.1807833
6.6841683
4.3535395
7.235478
6.8726544
6.3487315
2.4611259
2.4786508
6.7433143
7.2331753
5.77601
7.1794524
3.4306083
6.288567
6.329227
7.2062798
7.1670523
7.1670523
5.762279
5.6884646
6.9196486
6.3962607
6.429325
7.1807833
7.1670523
6.119012
7.2902884
7.1807833
7.1670523
7.1670523
6.3825297
5.0079174
7.756819
6.6841683
7.1807833
7.1598167
7.344206
6.6978993
6.6978993
6.572656
7.240411
7.1670523
5.817816
6.226571
7.1735477
7.1807833
7.1670523
6.4618325
6.572656
7.240411
7.1598167
7.1807833
7.1598167
7.1735477
6.6978993
7.1807833
7.1670523
7.3514414
7.1670523
6.1604376
7.1807833
7.1670523
7.1598167
6.572656
6.7433143
7.2331753
5.77601
7.1794524
3.4306083
6.288567
6.329227
7.2062798
7.1670523
7.1670523
5.762279
5.6884646
6.9196486
6.3962607
7.344206
7.1807833
7.1670523
5.580385
5.9306693
5.897434
6.222639
5.7636557
4.296347
7.2105746
6.0949264
6.4620924
7.1735477
7.3514414
7.1670523
7.1670523
7.0391965
5.385781
6.1443305
4.2016215
5.276375
5.84317
6.661605
7.2331753
6.132743
5.05757
7.1911974
7.1598167
7.1735477
7.3514414
7.1670523
6.558925
7.1807833
7.1598167
4.6579413
1.6932262
1.5866075
4.8540645
6.2002273
5.937502
7.2814035
7.344206
4.3110814
7.39772
6.195564
5.4972367
7.3166747
4.3110814
7.39772
6.558925
6.2199664
4.2936883
7.21781
7.1598167
6.7433143
7.2331753
6.8863854
7.1807833
5.762279
6.9111414
7.1807833
5.374803
4.2109447
6.734926
7.1807833
7.1670523
6.0142055
7.206612
7.1807833
7.3514414
7.1598167
5.096284
6.027091
6.975334
6.3962607
6.8863854
6.8863854
7.3514414
6.2062354
7.382336
7.3514414
3.4168775
7.249384
7.1670523
7.1598167
3.5775623
7.917295
7.1670523
7.0391965
7.1912155
7.1735477
7.1807833
7.1670523
7.310274
7.1912155
7.1807833
7.310274
7.198451
7.1598167
6.953135
6.5857673
7.1735477
7.310274
7.198451
3.5775623
6.796653
7.287341
7.1670523
5.580385
7.2162104
6.2062354
7.1735477
7.1807833
6.3825297
7.1807833
7.3514414
7.1670523
5.713045
7.2624965
6.572656
7.1807833
7.3514414
7.1670523
7.1670523
7.1670523
7.1670523
7.1598167
6.2711697
7.279415
7.310274
7.1912155
7.1735477
7.344206
4.1897306
6.5125904
6.934865
7.3514414
6.6841683
6.572656
7.240411
6.2062354
6.572656
6.6322837
5.2989755
7.289942
1.5068533
7.314845
6.5610642
6.6233883
7.446082
7.344206
7.1807833
4.1759996
7.21781
6.8726544
7.3095484
6.8726544
3.4306083
7.249384
7.0570436
6.8863854
7.1807833
7.1670523
5.721961
6.8310165
7.1807833
4.1759996
7.2105746
7.1807833
6.566919
7.22007
7.1735477
7.1807833
7.1598167
6.8863854
7.1807833
7.1670523
6.350401
7.198451
4.3535395
7.235478
6.953135
7.290987
7.1670523
7.1670523
4.1759996
6.734926
7.344206
7.1807833
6.3702464
7.198451
6.8726544
7.1735477
6.6978993
7.1807833
5.225617
7.2971773
4.0878263
5.1197524
4.436432
7.21781
5.655037
6.430178
4.4548264
6.7400427
7.262256
7.1670523
4.6933117
7.669234
6.8726544
5.474907
7.3433747
7.0391965
5.8492146
7.1891165
7.1670523
7.1670523
5.501432
7.212784
6.499885
6.9653373
7.302313
4.3535395
7.235478
7.344206
7.1807833
6.3825297
4.1897306
6.734926
7.1735477
7.3514414
5.713045
6.7047057
7.1807833
7.1670523
5.668829
4.3285503
5.897434
6.893192
6.8863854
4.1897306
7.21781
6.558925
6.641512
3.9106045
7.436382
5.2306967
7.3003187
7.1807833
7.3514414
6.6841683
7.1807833
6.0142055
0.73445433
5.865833
5.4711823
6.165314
7.3514414
6.953135
7.198451
7.1598167
7.1807833
7.3514414
6.1985946
6.016941
7.3514414
7.1670523
6.119012
5.6554003
6.104939
5.727785
7.213805
4.1759996
7.21781
4.1347704
3.398539
5.9732723
6.566919
4.4722433
6.0516033
7.1735477
5.3607683
7.3514414
7.1670523
7.1598167
7.1807833
7.0391965
6.5610642
7.2315154
7.1670523
7.344206
7.1807833
7.1670523
7.3514414
7.1670523
7.344206
7.1735477
7.1735477
6.6978993
6.3962607
6.3962607
7.1807833
6.558925
7.2331753
6.953135
5.2421227
7.1992965
7.1670523
7.1670523
7.3514414
7.1670523
6.7433143
3.4101517
4.8818417
5.028191
5.096284
6.6965756
5.831547
7.3514414
5.905003
7.193344
7.1598167
6.3962607
4.1897306
7.21781
7.1598167
7.1807833
7.1598167
7.1807833
4.018727
5.897434
6.041491
7.6717052
6.0949264
7.0476108
7.1807833
5.798504
5.599586
4.239819
7.7323604
7.1807833
6.558925
6.5610642
7.2315154
7.3514414
7.1670523
7.1670523
7.1670523
5.096284
7.4738626
7.1735477
7.1807833
7.1670523
7.1670523
7.1598167
7.1735477
7.1735477
5.239348
6.5919576
6.651608
7.1807833
6.5610642
2.3696802
7.198451
7.1670523
6.566919
7.1807833
7.1670523
7.3514414
7.1670523
6.558925
7.1735477
7.1807833
7.1670523
7.1598167
7.0570436
7.1807833
7.1670523
7.1670523
7.1670523
7.1670523
6.5610642
7.0570436
6.8863854
7.1807833
4.2973504
4.5595164
7.275574
6.6841683
6.1741686
4.320222
7.3514414
5.713045
5.6893663
6.3142533
6.566919
7.1807833
6.2062354
6.8492374
5.3745213
7.2196326
7.1807833
7.1598167
6.2711697
7.2721796
7.3514414
7.1670523
7.1670523
7.310274
7.1912155
4.758845
6.5610642
6.6233883
7.446082
7.3514414
7.1598167
6.6978993
7.3514414
7.3514414
5.476812
7.7644606
7.1670523
3.4168775
6.544164
7.3514414
4.2973504
7.103322
7.1807833
3.4168775
7.249384
6.1604376
7.1807833
4.2973504
6.7895927
5.726776
7.1875896
5.713045
7.3098736
7.3514414
7.3514414
7.3514414
7.3514414
5.713045
7.1875896
5.580385
5.762203
7.1875896
5.320925
5.809259
7.180354
7.3514414
7.1670523
6.8726544
5.982893
4.270698
7.3514414
7.0570436
5.77601
7.1807833
7.1598167
6.132743
7.3514414
7.344206
7.1807833
7.1670523
7.1670523
7.1670523
7.344206
7.1807833
7.1670523
7.3514414
6.2062354
7.1807833
6.8726544
5.808249
5.0407577
7.890858
7.3514414
7.1670523
7.1598167
7.1807833
7.1670523
7.1670523
7.1670523
7.1670523
3.9106045
7.4291463
7.1807833
6.8726544
7.302313
6.572656
5.239348
7.2971773
7.1598167
7.1807833
7.1598167
7.1735477
7.1807833
7.1670523
7.1670523
4.442823
7.3514414
6.8726544
7.3095484
6.020394
4.2073984
7.21781
7.1670523
7.1598167
7.1735477
7.1807833
6.558925
7.1807833
7.1670523
6.8726544
7.3095484
7.1670523
7.1670523
7.1670523
7.1670523
7.1670523
4.3294387
7.3514414
6.3906245
3.4306083
7.249384
6.6841683
7.1807833
7.1670523
6.7433143
6.5610642
5.862967
7.3514414
7.1670523
7.1670523
7.1670523
7.1670523
3.4168775
7.249384
7.3514414
7.3514414
6.8726544
6.1741686
7.1735477
6.114228
6.7069063
7.1807833
7.1598167
7.1807833
7.1598167
4.97517
6.614309
5.2989755
7.2971773
5.713045
7.180354
7.344206
7.1807833
7.1598167
4.3110814
7.3904843
7.1735477
7.1807833
6.558925
7.1807833
7.1670523
7.3514414
6.0142055
6.407549
7.1807833
6.3825297
7.2138476
5.225617
7.289942
7.1735477
6.3962607
7.1735477
6.6978993
7.1807833
6.195564
7.5484495
6.195564
7.5484495
6.6841683
7.1807833
6.8726544
7.302313
7.1807833
7.1670523
7.3514414
7.3514414
5.225617
7.289942
7.1807833
3.4168775
7.249384
7.3514414
7.1598167
7.1807833
7.1598167
6.8863854
7.1807833
6.8726544
7.1735477
7.1807833
7.3514414
5.713045
5.6893663
6.38116
7.202339
6.6978993
6.6978993
7.1735477
7.1807833
7.3514414
4.1759996
7.21781
7.1670523
7.3514414
7.3514414
4.1759996
7.21781
7.1670523
4.1759996
7.21781
6.2062354
7.1807833
7.1670523
7.1598167
7.1735477
7.1807833
7.3514414
6.8726544
6.8863854
6.566919
7.1807833
6.2574387
7.196426
7.344206
7.1807833
7.1670523
7.1598167
5.594116
7.2162104
5.476812
7.7644606
5.683073
7.3514414
5.225617
7.2971773
3.8187919
8.438626
6.308465
7.198451
7.1670523
6.6841683
6.8863854
7.1807833
7.1670523
7.3514414
6.558925
6.8863854
6.8863854
6.8569107
7.198451
7.1670523
7.3514414
7.1670523
7.1670523
7.1670523
7.1670523
5.683073
7.0570436
5.096284
6.9982142
7.1735477
6.195564
4.557397
5.897434
7.1875896
7.310274
6.715567
4.204392
5.188555
6.3659606
6.7959156
5.594116
6.5109906
7.3784876
6.558925
4.430604
4.1775947
4.3535395
5.648811
5.762203
7.1875896
7.1598167
7.1807833
5.096284
7.481098
6.558925
5.9269385
7.198451
5.962933
6.3181667
7.310274
4.488188
6.079137
6.019332
7.211232
6.572656
6.572656
7.344206
7.1807833
7.3514414
7.344206
5.594116
7.2162104
7.1670523
5.435866
5.611579
7.2162104
7.1670523
5.320925
7.263266
5.580385
7.2162104
5.580385
7.2162104
7.1670523
5.320925
5.809259
5.7335825
5.320925
5.977725
7.3515863
6.119012
5.812235
7.226086
4.2973504
7.39772
6.558925
7.1807833
4.1759996
7.21781
7.344206
5.594116
7.2162104
7.3514414
7.1670523
6.558925
7.1807833
7.3514414
7.0391965
7.198451
5.225617
6.512655
7.1807833
7.344206
7.1807833
6.195564
6.97373
7.1807833
7.1598167
7.1735477
6.572656
6.572656
4.249358
6.16977
5.320925
7.263266
6.3825297
7.1735477
7.1735477
6.6978993
5.239348
5.84317
6.5645123
6.3962607
7.0391965
7.198451
5.225617
6.512655
7.1807833
4.3535395
7.235478
3.4168775
5.579726
6.9802027
7.3095484
7.3514414
5.096284
7.4738626
7.1807833
7.1670523
7.3514414
4.3535395
5.648811
5.762203
7.1875896
4.3535395
5.648811
5.762203
7.1875896
7.344206
7.1807833
7.3514414
6.8726544
5.320925
5.809259
7.1875896
4.2973504
7.39772
7.1670523
7.1670523
5.713045
7.269732
6.0811954
7.293482
7.1598167
7.1807833
7.3514414
7.1670523
4.1759996
6.9234123
7.1807833
7.3514414
5.435866
7.344206
7.1807833
7.3514414
5.0597463
7.2324896
7.1807833
6.6841683
5.594116
4.239819
7.344206
7.1807833
7.1670523
4.1759996
6.609683
7.344206
7.3514414
7.344206
7.1807833
7.1670523
6.8726544
7.302313
6.572656
5.769229
7.2105236
6.8726544
6.3487315
6.8863854
6.132743
7.1807833
6.2062354
7.1807833
7.1670523
7.1670523
6.415766
7.4515395
7.1670523
7.1670523
7.1670523
7.1598167
7.1735477
6.4755635
7.3514414
5.461176
7.3223248
6.8726544
6.132743
4.1897306
5.631143
7.2162104
7.1670523
7.3514414
7.1670523
4.904821
7.290515
3.4168775
7.249384
6.3825297
6.3906245
7.1807833
7.3514414
7.1670523
6.3825297
7.3514414
7.1670523
6.3825297
5.320925
5.116434
7.890858
7.1670523
7.310274
6.237634
4.4722433
6.9680767
7.1807833
7.1670523
4.1759996
6.695786
7.3514414
7.310274
5.2570157
5.84317
5.9767184
7.1735477
6.953135
7.2837515
7.1807833
4.1759996
7.21781
7.1670523
3.4168775
7.2421484
4.4722433
7.2624745
4.1759996
7.2105746
7.1735477
5.320925
5.809259
5.4817133
4.331272
7.2105746
7.1807833
6.8726544
5.2724123
6.68905
7.1807833
7.344206
5.8517585
7.1807833
7.3514414
7.3514414
7.1670523
7.1670523
6.953135
6.904053
4.3535395
5.648811
5.762203
6.7047057
7.1807833
7.1670523
4.904821
6.5059924
5.0339513
4.3535395
7.2282424
7.1807833
7.1670523
6.7433143
7.2331753
6.3962607
7.2138476
5.984225
5.6035805
7.3514414
5.225617
7.2971773
7.1670523
4.2973504
5.9437127
7.1875896
4.1759996
7.21781
7.1670523
6.119012
7.3514414
6.2062354
6.2199664
7.1807833
7.3514414
6.3906245
5.77601
6.578561
5.68256
4.3576527
7.3514414
7.3514414
5.580385
5.762203
7.1875896
5.7800136
7.2962327
6.195564
7.5484495
7.1670523
7.1670523
7.1670523
7.1598167
6.2199664
4.4722433
7.2624745
7.1670523
4.1759996
6.9234123
6.6978993
7.3514414
7.1598167
7.310274
7.198451
7.1598167
6.572656
6.386715
7.198451
5.096284
5.894431
5.762203
5.6893663
7.232716
7.1670523
4.383159
7.3514414
5.580385
7.2162104
7.1670523
6.558925
7.1807833
5.501432
6.918386
7.1735477
6.6978993
4.1897306
7.2105746
6.572656
5.992075
7.180354
7.1807833
7.1670523
7.1670523
6.2062354
4.3110814
7.3904843
4.1897306
7.3514414
6.3825297
6.4755635
6.9334145
7.1807833
7.1670523
7.3514414
6.7433143
7.2331753
4.1897306
7.21781
7.1598167
7.1735477
7.3514414
6.8726544
6.2199664
6.8863854
7.1735477
3.4306083
7.249384
7.3514414
7.0391965
7.1912155
7.1735477
7.1807833
7.1670523
7.344206
7.3514414
6.3825297
7.1807833
6.2062354
6.8863854
7.1807833
7.1670523
7.3514414
4.1759996
6.734926
6.572656
7.1807833
7.1598167
6.6978993
7.1807833
7.1670523
5.628701
6.7433143
4.6759343
7.3514414
5.3607903
6.5815935
5.897434
7.1875896
6.8726544
7.1807833
6.6841683
5.6097574
6.6328363
7.2138476
6.4618325
7.2138476
7.1670523
6.558925
7.1735477
7.1807833
6.8726544
5.368113
7.289942
7.1807833
7.1670523
6.8726544
7.1807833
