7.310274
5.0597463
5.992529
7.3514414
3.5775623
6.5610642
7.3514414
7.3514414
7.3514414
7.3514414
5.4344773
7.3514414
4.336829
5.992529
7.344206
7.3514414
4.3535395
3.5775623
5.633144
3.8187919
7.3514414
7.3514414
6.195564
7.3514414
7.3514414
5.4344773
7.310274
7.310274
4.8926983
4.3535395
7.3514414
7.0391965
7.3514414
7.310274
7.3514414
7.3514414
3.5775623
7.3514414
7.3514414
4.336829
7.344206
7.310274
7.3514414
5.320925
6.734556
5.9269385
7.3514414
6.386715
6.386715
4.5921493
7.310274
4.3535395
4.8926983
7.3514414
7.310274
6.5610642
7.3514414
7.3514414
7.344206
7.3514414
3.5775623
6.207384
6.953135
7.3514414
7.3514414
7.3514414
4.3535395
7.3514414
7.3514414
7.344206
5.992529
7.310274
7.0391965
7.3514414
4.3535395
7.3514414
7.3514414
4.430604
3.5775623
7.3514414
7.310274
7.3514414
7.0391965
6.386715
5.554334
4.3535395
7.3514414
4.3535395
7.3514414
5.0079174
7.3514414
6.695786
3.9106045
6.51126
3.5775623
7.3514414
6.207384
7.3514414
4.3535395
4.3535395
4.5921493
4.3535395
3.5775623
5.769229
7.3514414
7.3514414
7.0391965
5.476812
7.310274
4.3535395
5.096284
7.310274
3.5775623
7.3514414
7.3514414
4.8926983
7.0391965
7.344206
5.910642
7.3514414
6.566919
6.695786
6.734556
3.9106045
4.3535395
6.3906245
7.3514414
3.8187919
3.5775623
7.3514414
7.3514414
7.3514414
5.320925
5.516575
7.3514414
7.3514414
5.096284
7.310274
7.310274
7.0570436
5.4784513
7.0391965
6.8569107
7.3514414
7.3514414
6.953135
5.769229
7.344206
7.3514414
7.3514414
3.5775623
5.554334
5.274063
7.3514414
6.5610642
7.3514414
4.3535395
3.5775623
3.759165
6.3702464
6.8685575
7.310274
7.310274
7.310274
7.3514414
4.3535395
5.096284
7.3514414
7.3514414
3.5775623
7.3514414
7.3514414
6.51126
7.310274
7.3514414
7.3514414
7.3514414
6.3906245
7.3514414
5.320925
7.3514414
7.310274
4.3535395
4.3535395
4.3535395
5.320925
6.8685575
4.430604
5.769229
7.344206
4.8926983
7.344206
7.344206
7.310274
5.0079174
7.0391965
7.3514414
7.3514414
7.3514414
3.5775623
6.1282105
7.3514414
4.3535395
7.3514414
7.3514414
7.310274
4.3535395
7.3514414
4.3535395
5.633144
3.8187919
4.6347876
4.5921493
7.310274
7.3514414
7.310274
7.3514414
4.3535395
4.3535395
7.3514414
4.3535395
7.310274
4.464805
4.3535395
5.320925
7.3514414
7.0391965
7.3514414
7.3514414
4.875668
3.9106045
4.430604
7.3514414
7.3514414
5.470902
5.320925
7.3514414
7.3514414
7.3514414
5.9696717
7.3514414
7.3514414
4.3535395
5.0597463
7.3514414
5.8130903
6.3906245
7.3514414
7.3514414
4.8926983
7.3514414
4.3535395
6.8685575
7.3514414
7.3514414
7.3514414
3.9106045
7.3514414
7.3514414
5.937234
5.769229
7.0570436
7.3514414
7.344206
4.51397
7.310274
7.3514414
5.096284
6.7433143
5.3795176
7.310274
7.3514414
7.3514414
5.992529
5.096284
7.3514414
7.344206
7.3514414
7.3514414
5.769229
7.3514414
7.0391965
7.0391965
7.310274
7.3514414
3.9106045
7.3514414
7.344206
7.3514414
3.5775623
6.002205
5.0366387
7.3514414
7.3514414
7.0391965
4.5921493
6.207384
5.945257
4.3535395
4.3535395
5.320925
5.096284
7.3514414
7.3514414
4.3535395
4.3535395
4.494424
4.3535395
6.5610642
7.0570436
7.344206
5.096284
7.344206
7.310274
7.3514414
7.3514414
5.554334
6.5610642
4.430604
7.3514414
4.3535395
7.310274
7.3514414
7.3514414
6.064045
5.8662863
5.320925
5.096284
6.148499
6.417439
7.3514414
3.9106045
7.3514414
5.937234
7.3514414
5.096284
4.430604
7.3514414
6.5610642
7.3514414
7.3514414
7.3514414
7.3514414
4.3535395
7.3514414
7.3514414
6.5610642
6.1282105
5.096284
7.0570436
5.320925
7.0570436
7.0391965
7.3514414
6.953135
7.3514414
7.3514414
3.8516884
7.3514414
5.937234
7.3514414
4.3535395
4.3535395
7.0391965
5.7636557
5.320925
5.554334
6.386715
5.620258
6.953135
4.3535395
6.3906245
7.3514414
5.0597463
5.320925
7.3514414
5.0304923
7.344206
6.7433143
5.2655425
4.3535395
7.3514414
7.3514414
7.3514414
7.310274
6.5755897
7.3514414
7.0570436
6.8685575
7.344206
7.344206
7.3514414
7.3514414
7.344206
7.3514414
5.501432
6.8685575
7.3514414
7.3514414
6.041491
4.3535395
6.51126
4.430604
7.344206
4.3535395
4.430604
6.8685575
7.344206
7.3514414
7.3514414
5.320925
6.5610642
7.3514414
7.3514414
7.3514414
7.344206
7.3514414
4.549382
5.77362
7.344206
6.0224166
6.953135
4.494424
6.7433143
7.3514414
7.3514414
4.3535395
3.9106045
6.207384
7.3514414
6.5610642
4.3535395
7.3514414
7.344206
7.3514414
7.344206
7.310274
7.3514414
6.5610642
5.320925
5.5598955
7.3514414
6.734556
6.299195
7.310274
4.9559584
7.3514414
6.566919
5.096284
7.3514414
7.3514414
7.344206
7.3514414
5.096284
6.5610642
5.096284
7.344206
4.3535395
7.3514414
7.3514414
7.3514414
4.430604
7.344206
6.3906245
7.0570436
7.344206
6.195564
6.3002
7.310274
7.3514414
3.5775623
7.3514414
5.096284
5.096284
3.5775623
7.3514414
6.3702464
5.653781
7.310274
7.3514414
4.8926983
7.3514414
5.320925
6.386715
6.5610642
7.3514414
7.344206
7.3514414
3.9106045
6.8685575
7.344206
7.3514414
7.344206
7.344206
7.3514414
7.3514414
7.3514414
7.3514414
4.430604
7.3514414
5.320925
3.759165
4.3535395
7.3514414
4.3535395
5.653781
3.759165
7.3514414
7.3514414
5.7636557
4.9559584
4.3535395
7.310274
6.8685575
7.3514414
4.3814926
5.320925
6.494863
7.3514414
7.3514414
4.3535395
7.3514414
6.5610642
6.415766
7.3514414
6.5610642
6.639204
7.310274
6.5610642
6.7433143
6.566919
6.386715
7.3514414
5.633144
5.320925
6.183787
6.3906245
7.3514414
5.0079174
6.494863
6.3002
7.0570436
7.3514414
7.3514414
5.096284
4.3535395
7.0391965
6.3242297
7.310274
3.5775623
6.494863
4.6347876
7.3514414
7.3514414
7.3514414
4.3294387
4.3535395
7.310274
4.3535395
6.5755897
7.3514414
4.3535395
7.3514414
7.3514414
7.3514414
5.0079174
7.3514414
7.344206
6.8129935
4.3535395
6.2148724
4.430604
6.734556
4.3535395
6.3002
7.3514414
7.3514414
7.344206
7.3514414
7.3514414
5.2613554
7.3514414
7.3514414
7.3514414
7.344206
4.2715235
6.8685575
5.965561
4.336829
6.5755897
5.483122
4.430604
4.3535395
4.3535395
7.344206
7.0570436
6.386715
7.0570436
6.3002
7.3514414
7.344206
7.344206
7.310274
7.3514414
7.344206
7.3514414
5.7636557
3.8018425
4.3535395
7.3514414
6.8685575
5.164133
5.516575
7.3514414
7.344206
7.3514414
7.3514414
4.3535395
6.953135
5.320925
7.3514414
4.3535395
7.3514414
3.5775623
7.3514414
5.945257
5.320925
5.992529
7.3514414
4.1650147
7.3514414
6.494863
7.3514414
4.3535395
3.5775623
4.3535395
5.769229
6.5610642
7.310274
7.3514414
7.3514414
5.320925
7.3514414
3.8018425
7.344206
7.310274
4.3535395
6.3906245
7.3514414
7.3514414
7.3514414
7.3514414
7.3514414
4.3535395
7.310274
7.3514414
7.0570436
5.320925
7.3514414
6.734556
7.3514414
6.207384
3.5775623
7.0570436
5.320925
6.386715
4.6347876
6.953135
7.344206
4.7301598
4.3535395
7.0570436
6.953135
5.6503654
5.6503654
7.3514414
4.3535395
7.3514414
7.3514414
7.344206
7.3514414
3.5775623
6.494863
7.3514414
5.0597463
7.3514414
5.0079174
7.310274
4.430604
4.430604
4.3535395
6.5610642
6.734556
7.3514414
4.3535395
5.320925
7.3514414
7.3514414
3.5775623
7.3514414
6.695786
5.320925
7.3514414
7.3514414
4.3535395
7.3514414
4.3535395
7.3514414
4.430604
7.3514414
7.3514414
7.344206
6.207384
7.0391965
6.5610642
5.0597463
7.3514414
7.3514414
6.5610642
7.3514414
7.3514414
7.344206
7.3514414
5.0304923
4.3535395
7.344206
7.3514414
7.3514414
7.3514414
6.3968234
7.3514414
4.3535395
7.344206
6.734556
7.3514414
6.386715
7.3514414
6.207384
7.3514414
7.3514414
7.3514414
7.3514414
7.3514414
7.344206
4.430604
6.953135
5.992529
7.0570436
7.3514414
7.3514414
7.3514414
7.3514414
5.320925
7.3514414
5.596835
4.3535395
6.639204
7.0391965
6.386715
4.430604
7.3514414
5.096284
7.344206
3.8187919
4.3535395
7.3514414
7.3514414
7.0391965
4.464805
4.3535395
5.096284
4.3535395
7.3514414
6.5610642
7.3514414
6.953135
5.910642
7.3514414
7.3514414
6.1282105
7.310274
7.0570436
7.3514414
5.2262535
6.8685575
5.7636557
7.3514414
7.3514414
7.310274
7.3514414
5.6868973
5.6868973
7.3514414
7.3514414
6.386715
6.0157766
7.3514414
7.3514414
6.207384
7.3514414
7.3514414
4.6347876
4.3535395
6.5610642
7.0391965
4.5921493
7.310274
7.3514414
7.3514414
5.559192
7.310274
7.3514414
7.310274
7.3514414
7.344206
6.566919
7.310274
7.3514414
7.3514414
6.5610642
7.3514414
6.7433143
7.344206
7.0570436
6.5610642
4.3535395
4.6347876
7.3514414
7.3514414
5.096284
7.344206
7.0391965
7.3514414
7.3514414
7.344206
6.534684
7.0570436
4.3535395
4.3535395
4.3535395
5.8821898
4.3535395
6.207384
7.0570436
7.0391965
7.344206
4.3535395
4.8926983
4.3535395
5.3464627
4.3535395
7.3514414
7.3514414
7.3514414
7.310274
7.3514414
6.0157766
5.8130903
6.494863
6.5610642
5.0079174
7.3514414
7.3514414
7.344206
7.3514414
5.0079174
7.3514414
7.3514414
6.953135
7.3514414
7.3514414
7.3514414
7.310274
7.3514414
7.3514414
4.3535395
3.9106045
6.5610642
7.3514414
7.0391965
7.344206
7.3514414
4.3535395
5.690386
7.3514414
4.3535395
7.3514414
7.0391965
7.344206
7.3514414
7.3514414
7.3514414
5.6503654
5.965561
3.5775623
7.344206
6.5610642
5.0543966
7.3514414
7.3514414
6.566919
3.8018425
4.430604
7.310274
7.3514414
7.3514414
7.3514414
7.3514414
4.3535395
7.3514414
4.3535395
7.3514414
6.534684
5.509068
7.3514414
4.6933117
6.386715
7.3514414
6.207384
7.310274
6.953135
7.3514414
7.3514414
6.5610642
7.3514414
6.386715
7.3514414
7.0570436
7.344206
3.8516884
4.1650147
7.310274
7.3514414
7.3514414
5.6503654
7.310274
7.3514414
7.3514414
6.5755897
6.7433143
6.5610642
6.3906245
7.310274
7.3514414
7.3514414
7.0391965
4.3535395
7.3514414
7.3514414
4.3535395
4.3535395
7.3514414
7.3514414
7.3514414
3.5775623
7.3514414
4.51397
7.3514414
6.734556
4.617959
7.3514414
3.5775623
7.3514414
7.3514414
6.386715
7.3514414
7.3514414
7.3514414
5.0543966
7.344206
6.8685575
7.3514414
7.3514414
7.3514414
4.5921493
5.320925
5.1739373
7.344206
7.3514414
7.3514414
6.5610642
3.5775623
7.3514414
7.344206
7.344206
4.3535395
4.336829
7.3514414
5.4784513
7.3514414
5.6503654
6.3702464
7.310274
7.344206
7.3514414
7.0570436
4.5921493
4.3535395
5.096284
7.3514414
7.3514414
7.344206
7.3514414
7.3514414
5.0597463
3.9106045
7.310274
7.344206
7.310274
7.3514414
7.3514414
7.3514414
5.633144
5.096284
7.344206
3.5775623
7.3514414
5.096284
7.3514414
6.386715
6.299195
4.5921493
7.344206
6.308465
6.734556
3.5775623
5.0917993
7.310274
6.284638
7.3514414
7.3514414
6.8569107
5.320925
7.3514414
6.3002
7.3514414
7.3514414
4.3535395
3.5775623
7.3514414
7.344206
7.310274
7.3514414
4.430604
4.8926983
6.51126
5.320925
5.320925
7.344206
3.5775623
5.1739373
3.5775623
4.3535395
7.3514414
3.5775623
7.3514414
7.3514414
6.8685575
5.633144
7.3514414
7.3514414
7.3514414
7.3514414
7.0391965
7.3514414
7.0391965
6.51126
5.769229
7.0391965
7.0570436
7.0391965
7.3514414
7.344206
7.3514414
7.3514414
7.3514414
7.310274
3.9106045
7.344206
5.769229
4.3535395
6.386715
7.3514414
7.3514414
4.3535395
7.310274
5.554334
6.3242297
5.8130903
5.620258
4.430604
7.3514414
7.3514414
4.3535395
7.3514414
7.3514414
5.509068
7.3514414
5.3607683
6.8685575
6.3702464
7.310274
6.207384
7.3514414
7.310274
7.310274
3.5775623
4.8469467
4.8926983
7.344206
7.344206
4.5921493
5.320925
6.5610642
6.953135
5.096284
7.3514414
7.3514414
6.51126
7.3514414
4.3535395
6.953135
7.3514414
7.3514414
7.3514414
7.3514414
6.8129935
5.096284
