4.3535395
7.3514414
7.3514414
5.096284
6.3002
7.3514414
5.897434
7.3514414
3.5775623
5.096284
5.554334
5.7636557
7.3514414
7.3514414
7.3514414
7.3514414
5.096284
7.3514414
6.639204
7.3514414
7.3514414
7.3514414
6.734556
5.096284
4.3743696
7.310274
5.096284
5.7636557
7.3514414
5.470902
4.430604
4.3535395
7.3514414
7.3514414
5.6618376
7.3514414
7.3514414
7.3514414
5.096284
4.3535395
5.7636557
7.3514414
4.549382
6.953135
7.3514414
3.5775623
4.3535395
7.3514414
7.3514414
7.3514414
7.3514414
7.3514414
5.096284
4.3743696
4.3535395
7.3514414
4.3535395
7.344206
4.336829
7.3514414
5.897434
5.897434
6.51126
7.3514414
5.096284
3.9106045
7.3514414
7.3514414
7.3514414
5.096284
7.3514414
6.3906245
4.430604
4.51397
7.344206
7.3514414
7.3514414
5.897434
6.6462216
7.344206
7.3514414
6.0636654
6.0157766
6.089392
5.096284
5.897434
4.8926983
6.6078076
4.3535395
7.3514414
6.695786
7.3514414
5.897434
7.3514414
7.3514414
5.0366387
6.953135
5.096284
7.3514414
5.7636557
5.096284
3.8187919
4.3535395
6.064045
7.344206
6.51126
3.9106045
7.0570436
4.430604
5.897434
5.897434
7.3514414
5.2361846
7.3514414
5.897434
4.430604
6.6078076
7.3514414
7.3514414
5.897434
5.1110773
5.096284
5.096284
5.897434
4.3535395
4.8926983
6.953135
6.953135
6.2148724
5.096284
5.9269385
4.430604
7.3514414
7.344206
7.0391965
5.096284
7.0570436
7.310274
5.7636557
6.7433143
5.897434
7.3514414
5.897434
5.897434
4.3535395
7.3514414
7.344206
5.0597463
7.3514414
6.8685575
6.248356
5.897434
6.8685575
5.897434
5.1739373
7.344206
4.3535395
7.3514414
4.3535395
7.3514414
7.3514414
6.6078076
7.3514414
7.3514414
7.3514414
7.3514414
5.897434
5.897434
5.897434
5.897434
6.2280893
6.51126
7.3514414
7.3514414
7.3514414
7.3514414
7.3514414
7.344206
7.3514414
5.721961
7.3514414
6.195564
5.9696717
5.721961
7.3514414
5.501432
7.310274
5.897434
7.3514414
4.3535395
7.3514414
7.3514414
7.344206
5.7636557
7.3514414
7.3514414
7.3514414
6.51126
7.3514414
4.3535395
4.430604
7.3514414
5.897434
5.897434
5.096284
4.3535395
7.3514414
6.3702464
4.3535395
7.3514414
6.3242297
7.3514414
4.430604
7.3514414
7.344206
3.5775623
5.897434
6.207384
7.344206
7.310274
4.6347876
3.8187919
6.183787
7.3514414
7.3514414
4.430604
5.897434
7.3514414
7.3514414
7.344206
5.897434
7.3514414
6.020394
7.3514414
6.953135
7.3514414
5.8959165
7.3514414
7.3514414
5.897434
7.3514414
7.3514414
6.248356
7.3514414
7.344206
4.3535395
7.3514414
6.5610642
5.721961
7.3514414
7.3514414
7.3514414
7.3514414
7.3514414
3.9106045
7.3514414
7.3514414
3.5775623
7.3514414
5.096284
4.430604
5.897434
7.3514414
5.897434
6.734556
7.344206
5.096284
7.3514414
7.3514414
4.430604
7.3514414
5.897434
6.020394
6.8685575
7.3514414
7.3514414
7.3514414
6.8129935
7.344206
4.3535395
5.897434
7.3514414
6.6462216
3.9106045
6.953135
6.6462216
7.3514414
7.3514414
4.3535395
7.3514414
6.953135
4.3535395
7.3514414
4.3535395
5.897434
7.3514414
7.3514414
3.9106045
7.3514414
7.3514414
7.310274
7.3514414
4.3535395
4.3535395
4.1650147
6.51126
6.51126
7.344206
5.096284
7.310274
6.195564
7.3514414
4.430604
7.0570436
7.3514414
7.3514414
7.3514414
7.3514414
4.8096695
5.096284
7.3514414
4.3535395
7.0391965
6.6078076
5.0917993
7.310274
7.310274
7.3514414
3.8187919
7.3514414
7.3514414
4.3535395
5.0079174
6.195564
7.3514414
4.8096695
4.3535395
7.310274
5.320925
7.3514414
7.310274
7.3514414
4.430604
7.3514414
5.897434
3.5775623
5.897434
6.2156353
7.3514414
7.3514414
7.3514414
5.501432
4.3535395
7.3514414
7.310274
4.3743696
5.897434
4.3535395
7.344206
7.3514414
4.8926983
5.7499037
5.897434
7.0570436
7.3514414
6.695786
7.3514414
7.3514414
5.096284
7.3514414
5.096284
4.8926983
7.310274
7.3514414
4.430604
6.51126
4.8926983
7.3514414
7.3514414
7.3514414
7.3514414
4.3535395
4.3535395
6.494863
4.3535395
4.8926983
4.3535395
4.3535395
7.3514414
5.897434
4.3535395
7.3514414
4.3535395
7.3514414
7.0570436
4.430604
3.9106045
7.3514414
5.965561
7.310274
6.5755897
7.3514414
7.344206
7.3514414
7.3514414
6.308465
4.3535395
7.3514414
6.8685575
5.0079174
7.344206
7.3514414
6.121686
7.3514414
7.3514414
3.9106045
7.3514414
7.0570436
7.3514414
7.3514414
7.3514414
7.3514414
7.3514414
4.430604
4.430604
5.897434
6.6078076
7.3514414
4.430604
4.430604
7.3514414
5.897434
4.3535395
7.344206
4.3535395
6.566919
3.8187919
6.386715
4.430604
7.3514414
7.344206
7.3514414
7.3514414
7.3514414
7.0570436
7.3514414
6.5610642
6.415766
7.3514414
6.639204
6.2156353
7.3514414
5.897434
7.3514414
6.953135
6.51126
4.3535395
7.0570436
7.3514414
6.5610642
4.3535395
4.430604
7.3514414
7.344206
4.3535395
7.310274
4.3535395
7.344206
7.344206
7.310274
7.3514414
4.430604
4.430604
7.310274
6.566919
7.3514414
6.494863
7.0570436
6.494863
5.8959165
7.3514414
7.3514414
4.8469467
7.3514414
5.512821
6.953135
7.3514414
4.3535395
5.0366387
6.0870333
7.3514414
6.494863
6.107379
7.3514414
7.3514414
4.3535395
5.096284
6.953135
7.3514414
5.944968
5.096284
7.310274
7.3514414
7.3514414
5.8959165
7.3514414
4.430604
7.3514414
5.897434
6.953135
4.464805
7.3514414
4.3535395
5.897434
3.5775623
7.3514414
7.3514414
7.344206
3.5775623
6.3906245
3.5775623
6.494863
5.0366387
7.3514414
7.3514414
7.3514414
7.3514414
7.3514414
5.8959165
7.344206
7.3514414
7.3514414
7.3514414
7.3514414
7.3514414
6.3906245
7.3514414
3.5775623
6.6078076
6.953135
5.897434
6.3906245
5.0366387
5.6503654
6.8685575
4.3535395
7.3514414
4.3535395
7.0391965
4.3535395
4.430604
5.9116597
7.3514414
7.3514414
7.344206
7.3514414
3.5775623
5.7636557
4.3535395
5.096284
7.3514414
7.3514414
5.8959165
4.3535395
7.344206
7.3514414
7.3514414
4.3743696
7.310274
7.3514414
5.8959165
7.310274
4.3535395
5.897434
7.3514414
3.9106045
7.0391965
7.3514414
6.26397
6.6078076
6.6078076
7.344206
4.464805
6.6078076
6.6078076
7.310274
7.3514414
7.3514414
7.3514414
4.430604
4.430604
5.897434
6.8685575
4.3743696
6.953135
4.430604
4.6933117
4.3535395
6.121686
3.9106045
4.3535395
7.3514414
7.3514414
5.8081746
5.897434
7.3514414
6.7433143
4.430604
7.344206
7.3514414
7.3514414
6.041491
7.3514414
5.897434
4.3535395
6.0659003
6.6078076
6.121686
6.953135
7.3514414
6.734556
4.549382
4.430604
7.3514414
7.3514414
6.7433143
7.344206
7.3514414
4.5921493
6.953135
7.3514414
7.3514414
7.3514414
6.6078076
6.6078076
7.3514414
7.310274
6.6078076
6.8685575
5.897434
6.639204
5.096284
7.3514414
7.344206
7.310274
7.3514414
5.897434
4.3535395
5.096284
5.8959165
7.3514414
5.9269385
4.3743696
6.2148724
6.415766
7.3514414
7.3514414
7.0570436
7.3514414
6.6078076
7.3514414
3.5775623
5.8959165
7.3514414
6.6078076
7.3514414
6.51126
6.24918
4.3535395
5.096284
6.953135
4.430604
7.3514414
6.953135
4.430604
7.3514414
4.3535395
7.310274
6.7433143
6.7433143
7.3514414
6.51126
5.0366387
7.310274
6.494863
6.041491
7.344206
4.430604
5.897434
5.897434
5.897434
5.7499037
7.3514414
7.344206
7.3514414
7.3514414
3.9106045
4.3535395
4.3535395
5.897434
7.310274
4.430604
5.6503654
6.953135
7.3514414
5.8130903
6.8685575
4.430604
7.3514414
5.096284
7.3514414
7.3514414
4.430604
6.5610642
7.344206
7.3514414
7.3514414
4.5921493
4.3535395
6.6078076
7.3514414
6.121686
4.3535395
6.3906245
6.3906245
4.3535395
7.3514414
7.0391965
7.3514414
6.695786
6.6078076
6.953135
5.096284
7.344206
5.7965026
6.386715
7.3514414
7.3514414
7.3514414
4.3535395
7.3514414
7.3514414
5.897434
6.51126
7.344206
5.897434
5.096284
6.953135
7.3514414
5.8959165
7.3514414
5.7636557
4.494424
6.3906245
5.897434
5.897434
7.3514414
7.310274
5.0366387
3.8187919
7.3514414
6.303401
7.344206
6.24918
7.3514414
7.3514414
6.5610642
7.0570436
4.430604
7.3514414
4.3535395
7.344206
6.534684
4.3535395
7.3514414
7.344206
7.3514414
7.3514414
3.5775623
7.3514414
4.430604
6.953135
6.953135
4.430604
5.897434
7.3514414
5.620258
6.953135
7.344206
7.344206
7.3514414
7.344206
7.3514414
4.3535395
6.3702464
4.549382
6.2148724
4.3535395
6.8685575
5.9219832
4.5921493
6.5610642
5.897434
6.5755897
7.344206
7.3514414
5.7636557
6.51126
4.430604
7.3514414
6.494863
7.3514414
6.566919
5.965561
5.9269385
6.5610642
7.3514414
4.6139483
7.3514414
6.494863
7.310274
7.3514414
6.7433143
6.639204
7.344206
6.494863
7.310274
7.3514414
7.3514414
5.096284
7.3514414
4.3535395
7.3514414
7.3514414
6.8569107
4.430604
7.310274
5.0597463
7.3514414
7.3514414
3.9106045
3.9106045
4.3535395
4.3535395
7.3514414
7.344206
5.0597463
7.3514414
6.8685575
4.8926983
7.3514414
7.3514414
6.3242297
7.0570436
6.639204
7.0391965
5.096284
6.207384
5.096284
3.5775623
6.1282105
7.3514414
6.953135
7.3514414
6.415766
4.8926983
7.310274
6.8685575
7.3514414
4.3535395
6.953135
6.953135
7.3514414
4.3535395
7.3514414
7.0570436
4.3535395
7.3514414
4.3535395
7.310274
4.3535395
6.3906245
7.344206
5.6618376
6.041491
6.494863
6.499885
7.310274
7.3514414
4.3535395
6.386715
4.3535395
6.3906245
7.310274
6.3242297
7.344206
6.299195
4.430604
7.310274
7.3514414
5.096284
7.3514414
6.386715
6.51126
7.3514414
3.9106045
4.3535395
5.897434
6.8685575
7.344206
4.430604
6.8685575
6.2156353
3.9106045
5.3795176
7.3514414
6.953135
7.3514414
7.3514414
7.310274
6.953135
4.3535395
7.344206
5.164133
7.3514414
6.6078076
4.430604
7.0570436
7.3514414
6.3906245
6.303401
6.494863
4.430604
7.3514414
4.430604
5.9269385
7.3514414
7.310274
5.096284
7.3514414
4.430604
6.2156353
6.7433143
7.3514414
4.430604
6.24918
6.415766
6.8685575
7.3514414
6.350401
7.3514414
7.3514414
7.3514414
7.344206
7.3514414
6.51126
5.8959165
7.344206
5.9269385
5.8130903
7.3514414
3.9106045
6.3702464
4.3535395
5.096284
4.3535395
7.3514414
4.3535395
4.430604
4.3535395
5.897434
5.164133
5.9269385
6.566919
6.308465
7.3514414
7.3514414
4.3535395
7.3514414
7.3514414
7.0570436
7.3514414
6.195564
7.3514414
7.310274
4.3535395
7.3514414
7.344206
6.953135
6.5755897
7.3514414
7.344206
6.2148724
6.953135
7.3514414
4.3535395
7.3514414
4.430604
4.3535395
7.3514414
5.897434
7.3514414
7.3514414
6.183787
7.3514414
7.344206
4.3535395
7.3514414
4.3535395
7.3514414
5.897434
3.9106045
6.6462216
7.3514414
4.3535395
4.1650147
7.3514414
7.0570436
7.3514414
7.3514414
6.415766
4.430604
4.430604
7.3514414
7.3514414
7.3514414
5.554334
5.554334
7.3514414
7.3514414
7.3514414
5.096284
6.3413067
5.096284
7.3514414
5.6618376
5.897434
6.494863
6.734556
4.3535395
6.953135
7.3514414
5.897434
7.3514414
7.3514414
5.897434
7.3514414
5.096284
5.897434
7.3514414
5.897434
4.3535395
4.3743696
7.310274
7.310274
5.096284
7.310274
7.3514414
7.3514414
7.3514414
4.3535395
4.3535395
7.3514414
4.430604
7.3514414
4.3535395
3.5775623
7.3514414
4.3535395
7.310274
7.3514414
7.3514414
7.3514414
5.8959165
6.089392
6.8569107
7.3514414
5.096284
6.734556
5.897434
7.3514414
6.953135
5.096284
7.3514414
7.344206
4.3743696
7.3514414
7.3514414
4.3535395
6.3242297
7.3514414
5.7636557
6.308465
7.344206
7.3514414
7.3514414
7.3514414
6.51126
7.3514414
7.3514414
5.2361846
6.121686
5.897434
7.3514414
6.020394
6.6078076
5.320925
6.5610642
7.3514414
4.430604
5.096284
7.3514414
7.3514414
5.4344773
5.0366387
7.310274
6.6078076
7.3514414
5.096284
7.310274
5.096284
3.9106045
4.3535395
6.3906245
5.7636557
5.2361846
6.3702464
7.3514414
7.3514414
5.1739373
7.3514414
6.953135
6.51126
4.3535395
7.310274
4.3535395
7.3514414
7.310274
7.3514414
7.3514414
4.3743696
5.096284
3.5775623
7.3514414
7.344206
4.3535395
6.734556
4.3535395
7.3514414
7.3514414
4.3535395
6.6078076
7.3514414
7.3514414
7.3514414
7.3514414
7.3514414
7.3514414
5.897434
5.897434
5.897434
5.897434
4.3535395
7.344206
4.3535395
6.494863
5.897434
6.51126
7.310274
4.5921493
5.096284
7.3514414
7.3514414
7.344206
6.8569107
5.096284
5.096284
6.020394
5.096284
7.310274
7.344206
6.499885
6.138367
7.3514414
6.24918
7.0391965
5.096284
4.3535395
7.344206
7.3514414
