16.963582515716553
18.264627933502197
16.30160617828369
18.68411636352539
17.87324619293213
17.12240505218506
22.06665277481079
16.618168115615845
35.884450912475586
49.960147857666016
31.90981435775757
31.590293884277344
23.128273010253906
26.16561222076416
34.29705810546875
8.428030014038086
27.907552242279053
25.017794609069824
21.276107788085938
18.90261936187744
21.132291793823242
26.52306842803955
19.89271116256714
17.590919494628906
20.677852630615234
18.16998291015625
19.79824733734131
16.29475450515747
17.207680702209473
27.95381736755371
33.395538330078125
25.953126907348633
7.136599063873291
34.55612754821777
16.567095279693604
18.87374258041382
24.25908660888672
32.21333980560303
16.64514923095703
17.07945489883423
22.383326530456543
42.96056652069092
18.334320068359375
10.291675567626953
21.175312042236328
21.905414581298828
17.79305410385132
33.01414966583252
36.28464126586914
29.414749145507812
25.22209358215332
26.324485778808594
16.77504253387451
23.14633846282959
37.74641418457031
26.608139038085938
15.408492088317871
19.762304306030273
22.169221878051758
25.003159523010254
11.679418563842773
16.200512409210205
28.28883457183838
11.517494201660156
24.609148025512695
19.132808685302734
26.786802291870117
34.00345325469971
15.560902833938599
35.250003814697266
16.828908443450928
28.080604553222656
34.86838436126709
16.919221878051758
18.495981216430664
20.98043441772461
30.20564365386963
16.467424869537354
17.280550956726074
17.57290204366048
15.762120246887207
16.519198894500732
18.461222648620605
16.764618396759033
23.504791259765625
23.084123611450195
20.073721885681152
16.454613208770752
27.981618404388428
25.646399974822998
7.577404975891113
21.5794734954834
21.07236671447754
30.762272834777832
27.861318588256836
15.741430282592773
16.921494483947754
10.258356094360352
17.471393585205078
19.303255081176758
42.036062240600586
25.661829948425293
21.5509295463562
9.429792404174805
10.556768417358398
29.45600700378418
38.89745330810547
18.030307292938232
11.62736988067627
22.35512924194336
23.345519065856934
25.27090358734131
37.972434997558594
26.34745502471924
23.984210968017578
26.0920991897583
16.49113368988037
16.511494159698486
20.342424869537354
38.012651443481445
40.00739097595215
29.769987106323242
26.617398262023926
16.84421157836914
16.836952209472656
19.324084758758545
26.973812103271484
46.7835054397583
29.450905799865723
32.816856384277344
35.26698684692383
17.48132848739624
21.498842239379883
16.13627576828003
27.496139526367188
28.028072357177734
25.863160133361816
17.345035076141357
39.21069526672363
13.151692390441895
19.753249168395996
26.224964141845703
37.99456024169922
17.624923706054688
17.729564666748047
42.00832939147949
18.084935665130615
15.749265193939209
24.55380344390869
6.711111068725586
16.21410036087036
18.35198736190796
14.083056449890137
16.2606143951416
34.75214195251465
15.252416372299194
30.246862411499023
26.790092945098877
16.91469669342041
16.859105110168457
17.441967487335205
7.186380386352539
18.170097827911377
20.502753734588623
21.545251846313477
15.823479652404785
30.71154499053955
41.359209060668945
47.99354362487793
26.18510150909424
23.61001968383789
16.179906368255615
42.86586570739746
40.72944927215576
16.459754943847656
25.184276580810547
17.322765350341797
20.57215118408203
25.148984909057617
9.635873794555664
16.95161533355713
23.870737552642822
23.21283197402954
28.008281707763672
37.647708892822266
13.799445152282715
17.0139102935791
28.7101411819458
10.702384948730469
27.30477523803711
17.46174192428589
32.74379825592041
16.869569778442383
37.74247169494629
22.199684619903564
16.530612468719482
6.6349077224731445
33.42187690734863
10.453076362609863
11.730138778686523
20.8946270942688
34.886871337890625
22.716562271118164
44.81328582763672
16.67178440093994
16.07788324356079
13.02450180053711
17.194520473480225
24.713825225830078
21.984403610229492
26.95612621307373
24.44828701019287
32.8580436706543
23.3296480178833
22.673027992248535
33.74298667907715
16.44410800933838
38.76617431640625
16.377923488616943
24.49273109436035
16.610872268676758
32.30111598968506
15.079341650009155
29.454200744628906
22.052523612976074
21.533021926879883
20.584455966949463
16.23756980895996
16.509347438812256
16.451053142547607
28.84816265106201
34.34423589706421
15.411831855773926
16.940412998199463
35.053627014160156
16.48629331588745
18.198607921600342
40.62504959106445
17.24850034713745
22.966492652893066
34.2374267578125
16.892117023468018
16.67277479171753
17.171363830566406
22.229641914367676
32.74145221710205
16.852397918701172
18.25304889678955
28.31904411315918
20.03629493713379
22.228939056396484
30.218252182006836
19.633943557739258
32.9421641031901
16.420438289642334
16.449142456054688
21.92362403869629
31.636394500732422
18.772294998168945
30.29532241821289
49.34132194519043
18.574805736541748
23.699758529663086
6.683566570281982
29.135239601135254
16.5703067779541
33.25711250305176
34.989505767822266
17.410146236419678
19.98666286468506
37.258466720581055
19.07210063934326
16.44162893295288
28.740490913391113
40.267149925231934
45.57998752593994
34.26915454864502
23.060336112976074
16.974201679229736
16.50298023223877
21.336406707763672
33.1586217880249
26.510683059692383
16.302576541900635
27.744778156280518
33.97254276275635
19.98586940765381
15.637876510620117
15.663211822509766
15.667661190032959
22.274909019470215
22.89460277557373
33.922943115234375
33.084157943725586
24.21855878829956
19.16416072845459
16.423503875732422
39.95612335205078
21.35285186767578
23.110112190246582
15.531564712524414
37.2349739074707
24.606236457824707
20.874320030212402
12.393353462219238
14.810234069824219
35.03757095336914
17.938093662261963
36.43533897399902
22.982248306274414
20.898881912231445
16.767518997192383
19.56958532333374
18.400099277496338
53.98974800109863
17.037405967712402
18.51335048675537
35.95211601257324
16.588210105895996
20.438066482543945
16.422266483306885
24.42763328552246
16.940317630767822
46.91133117675781
18.475799242655437
30.720733642578125
16.998480319976807
16.19105577468872
34.471981048583984
34.5698823928833
40.80178928375244
20.868285179138184
18.28918981552124
18.26948356628418
30.07249641418457
28.199881553649902
23.244970321655273
30.417924880981445
16.995880126953125
24.29684066772461
16.39140272140503
25.42318058013916
19.61593008041382
30.687557220458984
47.96699523925781
17.049729824066162
31.854612350463867
20.88581943511963
19.053004264831543
23.31193447113037
33.79878234863281
19.72884178161621
22.692623138427734
30.7060546875
21.221946080525715
16.242011070251465
29.56004047393799
30.290505409240723
24.745084762573242
16.933681964874268
36.57457256317139
22.630502700805664
43.95137977600098
50.92386817932129
28.683743476867676
39.00888729095459
17.982542514801025
25.612709999084473
27.782514572143555
32.466073989868164
15.45954942703247
24.161624908447266
16.799221515655518
23.087554454803467
17.742734909057617
20.678163051605225
16.739271640777588
40.92091941833496
23.276824951171875
19.483588695526123
25.358015537261963
36.13709259033203
16.63652515411377
23.749866008758545
16.509543895721436
16.25568151473999
16.212626934051514
12.34860610961914
50.54231643676758
18.65811061859131
37.03561305999756
14.131212711334229
28.65924835205078
32.09401512145996
18.75802008310954
33.21680450439453
16.362540245056152
16.36845827102661
20.47832489013672
24.1225266456604
30.560237884521484
23.929582595825195
20.387272834777832
29.182812690734863
17.94066047668457
32.66673278808594
18.722901821136475
19.107933044433594
16.74169945716858
23.580970764160156
11.108248710632324
29.291263580322266
18.25467316309611
33.62202548980713
21.70598316192627
17.620539665222168
27.09495258331299
33.46996307373047
24.760740280151367
20.286767959594727
34.704444885253906
11.759220123291016
16.861595153808594
16.240478992462158
23.675704956054688
20.45345115661621
34.5261812210083
16.22026300430298
34.19242763519287
16.72075843811035
16.92858362197876
23.686470985412598
22.88027286529541
34.73543453216553
25.546257972717285
24.513591289520264
29.255138397216797
23.0484356880188
16.978187561035156
25.357818603515625
41.46861171722412
45.28031539916992
31.71867275238037
16.65303611755371
16.13510227203369
21.859910011291504
21.21101665496826
45.19128608703613
49.451250076293945
17.238988876342773
22.13682746887207
26.710330963134766
27.653696060180664
26.98682689666748
22.697053909301758
19.493757247924805
16.923073768615723
31.361228942871094
15.400963544845581
15.928038597106934
16.946592330932617
17.788881301879883
20.406460285186768
13.911901473999023
21.943692843119305
46.54601573944092
24.755170822143555
23.923254013061523
25.57601547241211
30.738810539245605
33.56501293182373
30.358978271484375
20.471724033355713
19.961167335510254
17.21571397781372
22.628013134002686
19.787003993988037
38.64274024963379
44.469919204711914
21.842522621154785
21.259140968322754
17.91439962387085
20.80367374420166
27.773420333862305
11.053093910217285
22.69097137451172
14.822080612182617
19.90924310684204
17.06848382949829
20.284732818603516
22.075708389282227
22.965255737304688
15.947711944580078
21.849123001098633
17.410576343536377
27.75324058532715
18.81560468673706
36.77437877655029
20.74230194091797
17.3421950340271
21.60966205596924
26.455263137817383
27.545357704162598
25.939128875732422
16.208786964416504
23.83730125427246
29.964269638061523
17.667686462402344
10.975046157836914
20.607202529907227
28.830049991607666
17.915958404541016
15.220030307769775
42.43164825439453
33.478111267089844
32.41093444824219
15.922487258911133
18.323371410369873
30.693830490112305
21.704357147216797
18.76479959487915
24.43024730682373
23.852229118347168
10.611129760742188
16.27230930328369
26.121797561645508
35.103121757507324
26.761540412902832
18.227925300598145
30.677013397216797
28.828965187072754
10.927907943725586
27.954408645629883
31.964028040568035
20.760987281799316
21.511747360229492
10.803852081298828
21.717918872833252
21.66603660583496
29.70601177215576
8.420703887939453
17.16605567932129
17.172335147857666
21.243599891662598
9.496257781982422
16.172584533691406
21.023451805114746
17.319703578948975
23.516799926757812
22.089080810546875
26.19486427307129
33.76882362365723
23.562702178955078
20.236964225769043
30.506900787353516
16.488898277282715
25.238560676574707
33.925912857055664
16.516785621643066
17.740326404571533
16.64966058731079
15.683250904083252
11.161395072937012
29.59607219696045
16.48070764541626
25.567675590515137
17.220575094223022
39.73381805419922
25.316768646240234
30.195913314819336
16.82598352432251
25.742130279541016
22.541017055511475
16.36565065383911
18.33290672302246
28.54647922515869
21.820560455322266
31.982544898986816
17.705018043518066
29.738710403442383
49.34520721435547
31.380184173583984
20.349573771158855
15.139422416687012
20.535934448242188
18.05047035217285
16.56091070175171
17.357324838638306
18.009313583374023
24.01762358347575
23.60385036468506
20.72152590751648
35.80641174316406
17.360196113586426
25.901307106018066
17.19907283782959
23.93948745727539
18.326916694641113
14.935018062591553
25.05320421854655
22.26732524236043
20.07275168100993
32.79850387573242
17.828824043273926
28.20850372314453
17.162038803100586
33.409610748291016
7.453366279602051
18.799293994903564
9.685409545898438
23.968807220458984
24.48387336730957
19.442509651184082
22.527585983276367
35.86518478393555
30.433415412902832
18.957853317260742
34.781768798828125
23.631036122639973
20.154501914978027
8.544979095458984
17.778311729431152
18.453206062316895
19.19102430343628
16.436420917510986
33.61137866973877
16.40640163421631
22.575368881225586
23.402138710021973
18.542527675628662
18.062419891357422
17.194960594177246
17.910266876220703
8.473006248474121
17.856394290924072
24.508549690246582
17.767062664031982
18.89366849263509
22.62924861907959
28.05135726928711
21.891490936279297
11.064692497253418
9.113828659057617
23.83860969543457
19.140194098154705
25.449752807617188
16.05894374847412
24.118475914001465
35.00141525268555
20.894731521606445
50.11554527282715
26.164506912231445
21.486916542053223
17.99081516265869
18.320480823516846
16.611400365829468
17.967448234558105
6.298349857330322
24.07356357574463
19.698744297027588
28.794479370117188
26.333953857421875
30.84627628326416
24.539052963256836
22.57982635498047
18.0897479057312
16.89002752304077
17.130736351013184
22.696176528930664
22.659902572631836
26.993824005126953
30.34045934677124
32.29653549194336
18.341242790222168
19.54053783416748
19.95464324951172
37.24099349975586
20.806196212768555
16.537709712982178
16.217812538146973
35.17815542221069
43.82616996765137
25.537612915039062
13.492552757263184
15.966500282287598
25.91170597076416
14.666678428649902
32.761324882507324
17.680183092753094
29.89308261871338
20.127500534057617
25.77037811279297
18.76750898361206
18.566959381103516
22.6112699508667
44.16364288330078
21.81493854522705
26.680749893188477
16.75621747970581
18.20565668741862
16.069275379180908
16.80420732498169
26.195987701416016
17.338685035705566
19.816083908081055
22.133821487426758
19.74163007736206
17.774622440338135
17.774622440338135
42.56697416305542
18.597583770751953
8.443821907043457
25.689619700113933
19.01230812072754
23.77482795715332
22.307159423828125
24.36093521118164
17.936950206756592
17.572274684906006
32.17688751220703
22.52249813079834
26.774176597595215
40.23745918273926
29.423431396484375
17.119511604309082
13.06639575958252
37.7746696472168
19.101346969604492
28.653684616088867
15.880193710327148
27.917526245117188
29.463940620422363
18.011817932128906
18.6324946085612
22.133055686950684
17.022850036621094
17.878133296966553
29.466784477233887
16.80399227142334
44.4195556640625
19.1579008102417
21.271689414978027
17.040859699249268
30.441448211669922
17.5773663520813
11.02682876586914
9.422918319702148
37.55844974517822
17.738544940948486
18.892925262451172
50.362918853759766
40.39905548095703
32.92023754119873
17.514005184173584
21.936827659606934
15.86165714263916
23.705373764038086
21.84718608856201
25.928934733072918
15.751793384552002
17.053176403045654
16.211216926574707
17.70237112045288
27.666471481323242
18.741046905517578
29.34837770462036
30.28926181793213
16.37704849243164
3.323244094848633
21.72919225692749
31.575841903686523
21.316316604614258
19.233954191207886
37.950589179992676
18.25739288330078
18.99701452255249
17.894895553588867
19.172818660736084
25.356281757354736
18.272583961486816
20.964630126953125
15.94672679901123
45.199405670166016
18.202609062194824
9.073204040527344
16.875256538391113
20.114840507507324
30.61086146036784
16.046672821044922
19.265689849853516
18.015016555786133
35.697120666503906
17.665675163269043
26.7308292388916
16.421438694000244
24.536274909973145
21.755937576293945
18.482977390289307
31.211904525756836
25.87037229537964
22.103812217712402
15.508938789367676
22.912887573242188
21.099811553955078
11.944799423217773
6.770814418792725
25.786460876464844
23.909157276153564
20.772636890411377
34.89180088043213
23.325549125671387
34.471784591674805
18.75801706314087
25.50153350830078
22.30238628387451
18.163285732269287
15.619170188903809
16.44449472427368
37.62323474884033
17.127599716186523
21.023830890655518
11.699755668640137
16.38326358795166
39.48924732208252
16.26535654067993
8.305757522583008
27.527746200561523
17.740227699279785
27.790512084960938
25.360764741897583
24.787158966064453
20.13402557373047
30.529930114746094
28.74995708465576
23.971739768981934
20.806591987609863
41.737613677978516
30.658541679382324
21.18302567799886
16.43426513671875
14.622076034545898
28.10257911682129
11.839406967163086
11.459806442260742
41.009276390075684
12.041022300720215
19.43319320678711
26.113566398620605
18.343154907226562
15.89541482925415
21.726486206054688
35.547685623168945
21.410093307495117
24.407285690307617
20.315804481506348
15.66780424118042
36.83394241333008
29.44814395904541
11.924163818359375
17.563787937164307
10.499757766723633
17.70736789703369
9.339859008789062
21.528804461161297
28.195173263549805
30.420058250427246
39.90491199493408
20.322503089904785
51.323638916015625
16.552114486694336
16.95521354675293
28.98805332183838
38.22499084472656
21.257936477661133
15.706911087036133
19.44855785369873
26.400784492492676
26.003907203674316
16.228227615356445
16.26418685913086
22.423118591308594
18.19676971435547
11.826488494873047
10.071537017822266
32.22883224487305
38.189589500427246
23.103276252746582
15.578982591629028
10.885310173034668
17.68131160736084
10.936708450317383
24.321075439453125
16.789172887802124
19.9345703125
19.616836547851562
18.46779203414917
17.430352210998535
17.980372428894043
18.4746994972229
19.37304973602295
18.646648406982422
24.907379150390625
17.62641429901123
16.260823249816895
15.539405822753906
20.679566860198975
33.99598789215088
18.40050506591797
32.52321688334147
10.645489692687988
10.753289222717285
50.30602264404297
25.613316535949707
36.44476127624512
23.5124454498291
29.168679237365723
22.36758836110433
17.16373062133789
18.368578910827637
20.209330558776855
26.794204711914062
21.79462718963623
40.033058166503906
21.382148265838623
32.61301326751709
17.420794010162354
20.190032958984375
30.397143363952637
32.111937522888184
18.926090240478516
18.844364166259766
29.968607902526855
30.24788475036621
18.238800525665283
28.27970822652181
12.051584243774414
19.04263925552368
20.762794971466064
25.1536602973938
9.212748527526855
21.596927165985107
31.608027458190918
18.534850120544434
17.30743980407715
9.09501838684082
21.067726135253906
38.92829513549805
9.122509002685547
22.414902687072754
34.5266375541687
26.751976648966473
22.514755249023438
20.012269973754883
29.759352684020996
19.18334150314331
22.11476993560791
16.659390449523926
33.73841857910156
21.426631927490234
23.372267723083496
20.454535484313965
26.369441032409668
8.879399299621582
38.654208501180015
32.96665859222412
15.075472831726074
31.833876609802246
15.405335187911987
14.827702045440674
35.87360382080078
11.552080154418945
16.272212505340576
10.200923919677734
24.964488983154297
15.687166213989258
8.94085693359375
29.711342811584473
27.007055282592773
24.881686210632324
25.98140048980713
27.535568237304688
39.79545783996582
30.43257713317871
12.281227111816406
28.541622161865234
17.943881034851074
36.876787185668945
24.48394012451172
27.900607109069824
27.478479385375977
27.029844284057617
19.738040924072266
21.64407761891683
19.628145217895508
26.397067705790203
20.115927696228027
24.37694263458252
17.811919689178467
17.944239616394043
26.61683702468872
24.116044998168945
24.441331386566162
39.099544525146484
27.301820755004883
28.21319580078125
38.48440361022949
24.27077293395996
22.826517740885418
24.469916343688965
29.09592056274414
29.906038284301758
26.70405387878418
23.817033290863037
11.737990379333496
21.420237064361572
20.880107879638672
23.317628860473633
8.935402870178223
7.760334491729736
17.095584392547607
17.909352779388428
17.411194801330566
24.931370735168457
21.001267433166504
9.053876876831055
17.006457805633545
15.905548572540283
19.839613914489746
16.431557178497314
14.251765489578247
20.159082412719727
23.278319358825684
35.02785110473633
17.212525367736816
21.361021041870117
24.262516498565674
26.821613311767578
21.3967547416687
29.962286949157715
20.43231725692749
23.276748339335125
25.82246494293213
22.377158164978027
26.088295936584473
20.942599932352703
19.68146292368571
18.418086051940918
31.053563117980957
30.58037757873535
29.899569511413574
20.350383758544922
50.82550811767578
17.412350177764893
33.363441467285156
25.603736877441406
17.89608097076416
16.702649116516113
28.935863494873047
18.896385192871094
22.84572919209798
10.933658599853516
31.152823448181152
31.773176829020183
38.58646774291992
17.666854858398438
21.115598678588867
21.017606735229492
15.924237728118896
16.066114902496338
26.893874168395996
21.983935832977295
36.506805419921875
23.0303955078125
8.734743118286133
33.51666259765625
21.306349754333496
16.735467433929443
32.052435874938965
38.55351257324219
17.279691219329834
17.126098155975342
17.68146514892578
33.079444885253906
29.00882085164388
17.38674783706665
36.43991994857788
20.457157135009766
13.783405303955078
23.637775421142578
21.112417221069336
19.423383712768555
22.43349552154541
31.934852600097656
18.86620283126831
22.286431312561035
17.4847354888916
24.76314067840576
28.75592803955078
17.75383758544922
16.136274337768555
37.415992736816406
23.41826057434082
12.931070327758789
20.49903893470764
22.425573984781902
19.89867877960205
16.221291542053223
16.595870971679688
36.74811363220215
16.74916362762451
23.775681495666504
20.810828924179077
17.371559143066406
16.571378231048584
28.710679054260254
37.090003967285156
40.89892705281576
22.756888389587402
19.797212600708008
17.14412212371826
27.66293954849243
16.797235012054443
25.538618087768555
20.438347816467285
16.086147785186768
15.8488609790802
17.96450185775757
16.531074285507202
15.988948345184326
21.205793380737305
16.262943744659424
18.09580135345459
18.145468711853027
8.969657897949219
24.62929916381836
26.914403915405273
21.56834348042806
36.07151174545288
31.753421783447266
10.22724437713623
10.70715045928955
8.424324035644531
27.323022842407227
32.41459369659424
21.38279914855957
28.401378631591797
20.61109733581543
26.27419662475586
19.960038661956787
22.69097137451172
20.469909191131592
27.00615882873535
17.21574306488037
18.163232803344727
29.402610778808594
19.904534339904785
25.149733543395996
16.417431354522705
18.489481925964355
22.82783317565918
21.416787147521973
19.039130210876465
8.879815101623535
19.900460243225098
9.129779815673828
16.66818904876709
8.8240966796875
34.228233337402344
7.8494791984558105
22.133209228515625
23.698508898417156
39.81895446777344
16.738810539245605
22.933266639709473
15.656318664550781
31.39748191833496
20.11168146133423
20.17761468887329
31.952232360839844
19.412589073181152
29.211950302124023
18.592334270477295
19.976221084594727
33.054627418518066
22.5653657913208
27.763307571411133
21.411694526672363
24.38183371225993
23.540522575378418
22.77884578704834
16.66630792617798
26.236552238464355
15.286754846572876
16.636005401611328
45.03615379333496
36.79292392730713
21.94471502304077
25.89430809020996
22.285204887390137
22.49387550354004
31.587642669677734
20.61866569519043
11.939346313476562
9.578871726989746
32.98242473602295
23.64394187927246
36.31249141693115
28.02709197998047
24.127989768981934
19.235132217407227
26.94882583618164
17.446654319763184
15.843906879425049
15.927411794662476
18.400434494018555
18.8882794380188
8.594769477844238
24.106319109598797
21.268250465393066
18.535919189453125
16.98663902282715
27.334478855133057
16.038684368133545
33.77829837799072
20.288400650024414
19.039732456207275
30.873374938964844
16.83465003967285
35.689913749694824
16.875061988830566
17.30905294418335
28.98686981201172
9.880273818969727
17.13714075088501
23.275248050689697
22.087695121765137
14.629904747009277
17.354215145111084
20.67250633239746
19.528937339782715
31.291016578674316
14.987521886825562
21.143068313598633
30.958133697509766
36.72254180908203
9.355818748474121
18.02399253845215
14.957362532615662
21.643198649088543
18.984102249145508
16.401118755340576
17.126098155975342
16.480775833129883
39.55574417114258
15.997368097305298
18.788130283355713
19.46117401123047
37.73522472381592
24.169196128845215
29.20687198638916
18.48649835586548
29.394132614135742
26.16561222076416
20.192849159240723
11.964430809020996
27.469370365142822
25.59319019317627
16.695544242858887
29.366722106933594
18.757164001464844
42.92238998413086
47.46943759918213
16.76554822921753
48.571067810058594
16.767802238464355
42.165884017944336
24.30319341023763
24.63186550140381
19.982626914978027
27.907552242279053
40.37449645996094
22.432405471801758
16.372734546661377
16.32635498046875
31.532550811767578
32.51756954193115
17.825185298919678
22.091758728027344
25.953126907348633
40.139617919921875
17.73591947555542
40.45191955566406
41.79503504435221
34.80526065826416
24.55697250366211
26.749116897583008
17.5576753616333
20.40552520751953
27.263090133666992
14.48829460144043
16.394943714141846
5.268698215484619
29.04459285736084
22.994298934936523
16.97089719772339
19.944030284881592
15.52849817276001
9.107097625732422
18.134069204330444
9.679483413696289
32.80691623687744
26.445239067077637
30.884313583374023
42.80898857116699
21.451358795166016
36.234270095825195
15.617325067520142
24.2904109954834
21.852164268493652
15.174533605575562
26.84574317932129
23.56797726949056
20.920714855194092
11.513718605041504
28.28883457183838
24.83920160929362
20.109215418497723
32.62955093383789
23.35339101155599
16.68919277191162
17.755496501922607
41.15835952758789
15.85451054573059
21.59869384765625
15.793678760528564
18.965210914611816
20.441604614257812
22.548243522644043
25.566445350646973
15.920089721679688
16.831401824951172
27.998714447021484
16.476208448410034
19.733131885528564
15.218777418136597
19.33536942799886
22.005503177642822
11.790274620056152
30.489121437072754
19.422685146331787
29.320012092590332
28.51740312576294
16.560691833496094
30.603195190429688
17.620763301849365
21.528491973876953
15.571613311767578
15.741430282592773
19.99091148376465
31.621928215026855
15.862537860870361
46.69527053833008
31.017407417297363
44.216854095458984
18.65081214904785
18.589698791503906
23.944154739379883
40.00739097595215
45.83232879638672
7.174942970275879
16.668933391571045
22.795000076293945
17.516876220703125
10.623846054077148
11.587553977966309
43.470149993896484
42.13702201843262
23.233551025390625
30.63755512237549
22.89679527282715
15.635234355926514
28.933265686035156
16.626370906829834
16.43827772140503
11.989595413208008
11.757267951965332
19.20498275756836
16.345076084136963
16.806097984313965
17.334455490112305
38.98342323303223
23.439016819000244
20.490894317626953
20.132662296295166
24.53119993209839
16.896411895751953
15.711194038391113
37.12392997741699
28.935097694396973
16.808062076568604
10.291675567626953
21.302038192749023
15.590144157409668
24.621100743611652
26.8144105275472
27.4673752784729
12.126967430114746
21.386950492858887
16.164665699005127
42.48995018005371
23.751596450805664
23.68385410308838
17.908825874328613
26.534067153930664
13.788537979125977
35.600589752197266
16.157107830047607
43.370323181152344
18.666561126708984
36.27372360229492
42.99813652038574
15.61356782913208
20.036651611328125
32.74379825592041
18.325275421142578
19.56385548909505
37.74247169494629
15.892254829406738
35.78463363647461
14.462660551071167
10.494464874267578
6.810247421264648
25.984907150268555
11.997357368469238
28.663881301879883
36.34881591796875
44.81328582763672
16.70478582382202
27.844268798828125
17.081122398376465
24.90812873840332
28.19504737854004
21.90266704559326
28.626651763916016
22.66225465138753
17.194520473480225
15.250375032424927
17.90895938873291
38.99321746826172
25.713603496551514
22.489395141601562
23.378321647644043
26.218908309936523
37.38907337188721
17.003981113433838
15.687233924865723
27.680493354797363
19.27596092224121
27.031742413838703
21.703624725341797
28.81204319000244
23.47858715057373
15.552595376968384
20.356175422668457
22.69097137451172
30.55604648590088
23.505741119384766
26.91814390818278
28.625341415405273
16.298022270202637
16.953325271606445
21.264804363250732
24.385927200317383
15.284099340438843
15.427765369415283
16.008649826049805
