1.287944631
1.984446357
0.706108637
2.335528908
4.187621722
5.396978661
6.355103158
5.484746553
6.317314597
1.695341772
5.1353652
4.752878692
4.720157942
3.442864994
3.931940062
8.651768348
5.799288355
4.903890643
2.768362456
6.496432311
6.317314597
6.331622062
8.651768348
2.131787526
6.214017786
8.651768348
2.580098756
0.706108637
8.651768348
5.491900501
2.669880006
8.651768348
-0.313921501
3.931940062
4.703453208
6.651768348
2.535232661
1.196734802
3.252808078
1.698370542
8.651768348
4.761012096
2.814798336
2.669880006
6.317314597
8.651768348
5.777286531
1.412581876
3.931940062
5.799288355
4.461969338
6.315308614
0.706108637
4.344678983
3.950157195
2.494466648
3.493577798
8.651768348
8.651768348
5.138284392
6.077737081
1.81016783
5.680028757
1.079659905
5.491900501
2.875940989
0.912545582
1.412581876
3.200347304
4.414702396
4.187621722
2.944529555
2.500098549
0.040863457
1.907778851
2.450047672
6.895893493
4.994234461
1.579430755
4.256651726
6.348572291
0.765477388
5.258719882
5.021442194
5.271376188
8.651768348
3.824787011
0.706108637
2.535232661
8.651768348
2.338340494
5.138284392
7.028519058
6.455868696
1.888174306
1.743715802
2.724262482
8.651768348
5.224444562
8.651768348
8.651768348
6.782536629
3.318093406
1.770976414
3.518459421
8.651768348
2.429432507
4.187621722
6.776707085
4.187621722
5.359955661
5.435338517
5.1353652
4.312257283
6.003408337
8.651768348
0.706108637
0.706108637
5.138284392
3.931940062
6.389317259
4.271828626
2.58276589
5.97967049
5.00467892
3.726280924
3.249608456
8.651768348
5.504710677
3.362208379
2.286563871
4.745972468
7.049708357
4.187621722
2.371434736
5.359955661
6.911405659
3.108582196
8.651768348
5.509066103
4.187621722
1.924861022
8.651768348
8.651768348
5.777286531
3.226467314
1.907778851
1.969319823
1.722958526
4.118937561
1.003490412
5.677717446
5.716261082
0.244117615
5.208036107
2.306247982
8.651768348
4.74146418
4.79740157
8.651768348
1.770976414
4.961926939
4.463458718
8.651768348
8.651768348
1.743715802
5.954539006
3.931940062
4.213827625
5.359955661
5.52955247
0.706108637
2.500098549
2.500098549
0.948248823
3.794689264
-1.578111858
3.329760048
3.93472228
1.059928628
3.311850068
4.506323312
3.200347304
1.196734802
4.22840777
5.363742813
0.818368507
5.931609045
1.81016783
3.483586241
6.852427799
2.689345025
8.651768348
2.429432507
5.847628916
0.706108637
1.593933237
8.651768348
0.949908284
2.669880006
8.651768348
5.426200635
6.023379418
8.651768348
1.907778851
4.22840777
3.821738142
5.127761903
8.651768348
4.35631121
6.60644537
6.487415493
2.669880006
5.939118647
6.161809869
5.807912926
2.371434736
6.161809869
0.706108637
8.651768348
1.518563784
8.651768348
4.787079314
5.1353652
8.651768348
2.669880006
1.924861022
3.821738142
1.196734802
0.706108637
8.651768348
8.651768348
1.743715802
6.911405659
3.931940062
3.972667659
8.651768348
2.669880006
5.127761903
4.187621722
3.794689264
1.723124486
4.558276621
6.317314597
3.246292214
3.226467314
2.459336668
6.782536629
2.58276589
2.669880006
5.216720707
2.112384587
8.651768348
6.218799057
0.706108637
0.706108637
6.643168177
5.898185289
4.156807161
2.69663452
2.257445049
1.924861022
4.759896518
2.33344368
5.583582487
5.409475443
4.454460217
4.118937561
1.984446357
6.484451014
8.651768348
8.651768348
4.79740157
1.924861022
6.161809869
6.161809869
8.651768348
2.944529555
1.834991837
0.948613248
8.651768348
8.651768348
8.651768348
0.706108637
5.194189201
3.690257082
8.651768348
1.743715802
1.743715802
1.969319823
3.493577798
6.859376659
2.500098549
6.511889262
5.431137329
1.196734802
0.706108637
5.695599918
4.657451196
2.268421268
5.359955661
5.684220372
4.962814886
5.435338517
0.706108637
5.970527111
4.526319615
1.984446357
4.526319615
8.651768348
1.196734802
8.651768348
5.799288355
2.131787526
4.066025701
8.651768348
2.591367062
6.120289431
0.706108637
4.79740157
1.924861022
8.651768348
2.940454724
1.924861022
2.940454724
2.580098756
8.651768348
1.783262624
6.150709086
4.655650872
5.435338517
3.794580641
2.591367062
5.431137329
3.557276257
8.651768348
4.460373231
5.361066105
1.223087238
5.138284392
0.706108637
5.138284392
8.651768348
6.214017786
2.776176412
1.539492778
5.561510295
5.60644537
4.324838811
4.665489392
4.344678983
2.2217496
4.324838811
4.35631121
8.651768348
0.706108637
2.58276589
6.794435852
5.194189201
1.223087238
2.342489378
8.651768348
1.196734802
3.246292214
8.651768348
5.695599918
1.984446357
3.691311841
5.138284392
4.348637116
1.743715802
6.082394439
1.220772169
6.130630265
1.984446357
1.196734802
0.948613248
4.119893637
6.236795
3.747956946
2.450047672
5.012680477
0.706108637
6.355103158
0.706108637
0.706108637
0.706108637
6.765277623
3.786468896
4.344678983
5.435338517
1.996381418
5.012680477
2.768362456
2.2217496
6.579886341
1.4602247
1.770976414
3.501285155
5.048407424
3.821738142
6.34427231
6.527916707
2.58276589
8.651768348
8.651768348
4.242765645
2.669880006
6.52143458
5.956286672
3.475514983
6.377610499
6.591070508
2.429432507
8.651768348
5.224444562
8.651768348
3.821738142
2.429432507
8.651768348
5.49582533
6.245228168
8.651768348
8.651768348
1.776652194
5.37668745
2.033564771
0.706108637
3.984520917
1.924861022
-1.578111858
5.97967049
6.161809869
3.720259626
8.651768348
3.530622315
1.673015953
4.176649457
5.409475443
5.491900501
3.246292214
2.429432507
4.961926939
1.969319823
0.706108637
4.271828626
6.057375798
3.246292214
8.651768348
0.040863457
5.37668745
6.852427799
6.819259436
6.317314597
5.635152801
6.952798344
0.948613248
6.150709086
3.597212744
2.669880006
2.669880006
4.79740157
5.127761903
1.962999273
1.125579019
5.695599918
8.651768348
2.669880006
6.130630265
2.449389845
2.449389845
6.961572268
1.196734802
3.588393701
2.610839817
2.58276589
8.651768348
5.78904082
1.852870591
6.305415374
1.976321993
5.828294119
5.020629098
4.28240404
4.963615593
2.669880006
5.498563448
5.898951917
6.082394439
8.651768348
8.651768348
8.651768348
4.377402642
5.119906399
3.487058685
6.052977842
1.893456333
5.234130609
8.651768348
1.363683569
8.651768348
4.667961706
8.651768348
4.245330367
3.027422299
3.380454254
3.426934983
6.450371224
1.513849167
4.882391022
5.1353652
6.278856345
8.651768348
8.651768348
5.115336173
2.294327316
5.731123347
1.301205348
8.651768348
8.651768348
1.693751093
3.335026609
2.294327316
8.651768348
2.371434736
2.944529555
2.028159053
6.576221387
2.35781785
2.25662445
3.106133469
1.513849167
3.487525567
8.651768348
6.806670308
6.015280452
1.513849167
4.961926939
6.257316667
8.651768348
6.313311855
8.651768348
6.669497115
8.651768348
2.684687209
2.371434736
6.911405659
1.780209539
8.651768348
8.651768348
6.168894765
8.651768348
2.944529555
8.651768348
6.52466355
1.301205348
4.173692695
3.326203429
1.301205348
8.651768348
1.301205348
8.651768348
5.851738989
1.834002404
1.301205348
2.294327316
8.651768348
5.400373498
2.429432507
6.598689905
1.462818923
4.490160801
7.049708357
6.026455897
8.651768348
8.651768348
4.66134069
5.552778709
5.498868752
3.788635906
2.669880006
8.651768348
8.651768348
2.320455056
8.651768348
1.107630822
6.059591591
8.651768348
8.651768348
1.295771496
8.651768348
5.701403494
2.962479917
6.97967049
5.138284392
3.078475429
3.73253331
6.081225408
6.130630265
5.464529728
5.848311233
8.651768348
8.651768348
2.814798336
4.411693589
4.994234461
5.388842879
7.038984492
3.85244848
5.246251241
8.651768348
1.697561163
8.651768348
6.678640495
3.9139319
6.317314597
8.651768348
3.744841001
3.154077278
4.381695385
2.732736304
4.024966211
6.130630265
1.196734802
8.651768348
5.78904082
1.587673034
2.966777648
8.651768348
6.233467057
1.63088043
8.651768348
0.900653622
1.264093832
2.966777648
8.651768348
1.945307806
3.70058145
6.678640495
2.84255823
2.669880006
8.651768348
6.135894505
5.407243837
8.651768348
6.678640495
3.698690343
1.722958526
2.631816274
2.669880006
5.032153343
8.651768348
8.651768348
1.691922443
6.911405659
2.966777648
6.143912477
1.283293539
2.419522615
8.651768348
5.441449828
5.473079109
5.542189801
2.250010351
4.645131189
3.108582196
1.166633345
8.651768348
2.250010351
2.250010351
8.651768348
2.771453338
5.444403311
6.023379418
6.782536629
8.651768348
1.851266478
3.329760048
2.966777648
2.413591474
3.931940062
3.794689264
6.748678361
5.579518451
0.588970831
3.323003556
6.059591591
2.925851818
8.651768348
5.138284392
2.580098756
8.651768348
8.651768348
8.651768348
6.678640495
4.504122936
2.556447631
6.544558379
5.198602956
4.256651726
1.743715802
6.776707085
6.355103158
2.063310075
8.651768348
6.036871132
6.678640495
8.651768348
8.651768348
4.445536324
1.474100253
0.240783737
4.024966211
6.143912477
6.143912477
2.669880006
5.138284392
8.651768348
6.825693546
4.837254396
2.294327316
4.843017376
3.942744444
1.673015953
5.491900501
5.880180867
2.986100132
8.651768348
0.867272433
3.552536733
4.963615593
-5.72591653
1.984446357
8.651768348
8.651768348
2.459336668
0.408001949
6.511889262
1.156816304
3.246292214
8.651768348
4.537691387
2.170613195
3.520512282
8.651768348
1.203416007
8.651768348
8.651768348
1.922331076
6.0966739
2.669880006
1.695341772
1.540512793
8.651768348
6.143912477
3.552536733
4.324838811
8.651768348
4.841872102
2.41844905
1.984446357
5.152081266
1.984446357
4.558276621
8.651768348
8.651768348
6.630579049
1.223087238
3.269758514
8.651768348
4.159608846
5.513149914
8.651768348
6.186385497
1.567809028
8.651768348
8.651768348
8.651768348
6.168894765
8.651768348
8.651768348
0.998180332
3.246292214
4.44802854
2.282499228
1.747321197
8.651768348
8.651768348
2.282499228
2.669880006
6.305415374
1.695341772
0.703703035
8.651768348
2.371434736
5.680028757
6.678640495
8.651768348
3.821738142
5.401104429
8.651768348
6.453111261
5.286842315
5.138284392
0.706108637
1.834991837
5.138284392
6.618344593
8.651768348
8.651768348
3.442864994
3.880629356
6.678640495
5.138284392
8.651768348
3.552536733
3.709958875
5.492803088
2.449389845
1.1526774
8.651768348
1.815123505
0.706108637
2.986100132
2.371434736
1.264093832
5.82117968
6.203062028
4.558276621
5.964239387
2.58276589
2.669880006
4.681096106
4.681096106
8.651768348
3.709958875
3.321980085
3.891949471
6.782536629
1.910642524
3.468529832
4.558276621
2.660223316
1.618893196
2.354943288
6.717269897
6.173201853
4.961926939
2.591367062
6.651768348
2.669880006
4.804257383
2.294327316
2.58276589
3.1235113
1.743715802
3.303615418
6.36846712
3.624875704
5.194947
6.043242315
6.259071395
3.998739242
-2.679427897
8.651768348
4.475416591
8.651768348
8.651768348
3.246292214
8.651768348
2.669880006
3.885675391
8.651768348
8.651768348
1.815123505
3.747377428
6.490400346
6.179011899
2.123434482
1.323948224
1.529144556
8.651768348
5.867151056
1.513849167
3.026480597
2.58276589
0.998180332
8.651768348
1.691922443
2.354023153
1.203416007
5.37668745
5.568624205
5.138284392
8.651768348
8.651768348
1.984446357
1.984446357
5.473079109
6.043242315
8.651768348
1.775975886
8.651768348
1.891530253
1.743715802
8.651768348
4.268024772
3.839108961
4.411693589
1.203416007
1.203416007
5.1353652
8.651768348
2.471896699
5.127761903
6.782536629
4.797219413
4.994234461
2.709426885
8.651768348
5.138284392
6.576221387
5.062712817
1.416089162
3.931940062
5.662763733
6.776707085
3.303364174
3.303364174
8.651768348
5.713248623
2.92569103
4.271828626
1.984446357
8.651768348
3.863239394
1.94657489
5.364638728
6.130630265
2.732736304
3.556553651
1.727702074
8.651768348
8.651768348
-0.132074663
5.326868851
8.651768348
2.732736304
1.690609001
4.961926939
6.927492479
1.893456333
8.651768348
5.826991886
6.161809869
8.651768348
1.770976414
3.518996519
4.853670416
2.294327316
8.651768348
8.651768348
2.732736304
5.00292064
1.695341772
8.651768348
4.144763016
5.473079109
8.651768348
8.651768348
1.795992145
1.295771496
6.386950525
8.651768348
6.130630265
2.732736304
2.231678699
5.350087399
4.771354948
5.345987197
4.071151249
8.651768348
1.733398576
5.785481009
5.259775276
6.927492479
3.699034009
5.130499473
6.357302122
8.651768348
8.651768348
2.450047672
6.317314597
8.651768348
8.651768348
5.138284392
3.468529832
4.619754314
1.984446357
4.74146418
6.927492479
5.282552491
4.12172241
8.651768348
8.651768348
6.094261146
8.651768348
0.998180332
4.882021881
8.651768348
4.002102539
8.651768348
4.551984152
2.669880006
8.651768348
6.107700304
1.63088043
2.732736304
3.493577798
1.305301611
1.984446357
1.81016783
1.690609001
5.138284392
3.493577798
1.179281538
8.651768348
5.063160544
2.371434736
6.168894765
0.998180332
0.998180332
4.905211987
1.794641768
5.138284392
5.410720198
3.394759727
3.394759727
2.454923406
1.792705744
4.496675341
1.94657489
1.63088043
3.400828967
8.651768348
2.67415173
1.301205348
3.585066073
4.118937561
8.651768348
6.171761405
5.1353652
8.651768348
8.651768348
4.081564103
3.108582196
1.770976414
8.651768348
5.178427384
4.491539991
5.178427384
3.329418785
8.651768348
5.741677803
6.832224413
2.669880006
7.028519058
-0.20733468
3.486773449
4.118937561
5.481506633
3.723285441
3.372813647
2.732736304
2.158854098
6.832224413
6.722349423
6.770954756
3.803862693
5.136822343
6.309345668
2.67533262
8.651768348
2.537620258
2.591367062
5.409475443
2.852780203
8.651768348
3.200347304
6.794435852
6.819259436
8.651768348
5.614740469
8.651768348
0.998180332
8.651768348
3.794689264
8.651768348
2.614400823
8.651768348
8.651768348
5.720819317
5.618746904
4.551122148
5.862893233
4.629917771
1.593933237
0.948248823
6.317314597
4.810721883
8.651768348
3.285317373
1.534949054
8.651768348
5.709760295
2.861371282
3.041801694
3.015137048
1.94657489
2.777105081
2.535232661
1.770976414
3.015137048
8.651768348
4.044710269
5.974161396
6.598689905
8.651768348
0.673158786
5.78430086
6.355103158
1.42648771
1.662590806
2.732736304
2.669880006
3.614525169
2.857522263
4.961926939
5.865016926
6.838854992
8.651768348
0.071622606
2.856792604
5.561863237
6.794435852
6.273370447
6.297659909
5.464529728
6.838854992
2.669880006
4.146930631
6.049708357
6.776707085
2.669880006
6.572587102
5.138284392
5.630579049
6.068569574
4.247396529
7.038984492
5.877981903
5.364638728
2.732736304
5.810408878
2.732736304
2.301964934
2.732736304
2.840045922
1.948276897
8.651768348
6.087102284
8.651768348
1.770976414
6.634735009
3.39282951
3.839108961
5.868579657
8.651768348
8.651768348
4.74146418
5.694640151
1.301205348
6.944198172
6.250367808
6.357302122
2.58276589
6.502549236
2.437689161
5.177989514
3.22398048
1.770976414
8.651768348
2.971440088
0.706108637
3.246292214
5.865016926
4.74146418
3.200347304
4.344678983
8.651768348
8.651768348
1.976321993
4.0611494
5.561510295
6.598689905
3.019299921
5.1353652
8.651768348
8.651768348
3.685593751
1.358388621
1.513849167
8.651768348
8.651768348
8.651768348
6.082394439
2.732736304
8.651768348
8.651768348
8.651768348
8.651768348
8.651768348
1.010040101
2.663679165
8.651768348
2.580245703
2.955670691
1.098746661
6.61434185
1.1526774
1.513849167
2.13500498
0.765477388
2.455106998
5.6731314
5.855194015
3.876005032
5.004092035
6.656133154
8.651768348
2.017581477
5.114831326
1.007985881
8.651768348
2.480516222
1.714930715
2.078257851
6.434284404
4.129493692
5.23746366
4.882391022
6.309345668
2.371434736
8.651768348
3.493577798
5.810408878
3.275711761
6.707285676
5.138284392
8.651768348
2.768362456
2.217366328
3.442864994
8.651768348
4.344678983
6.317314597
5.680028757
0.706108637
5.503474251
6.496432311
6.317314597
4.761012096
0.706108637
2.033564771
0.706108637
6.133254408
4.378234668
3.231655754
5.810408878
5.799288355
1.695341772
4.903890643
0.765477388
2.371434736
6.130630265
1.695341772
2.814798336
8.651768348
8.651768348
1.924861022
8.651768348
1.695341772
2.537620258
5.491900501
2.669880006
6.903580321
5.96872131
8.651768348
4.976173292
2.614469368
1.079659905
5.265626239
3.231655754
8.651768348
1.287944631
5.501933652
1.969319823
1.579430755
6.838854992
5.282552491
1.412581876
3.434950833
2.669880006
2.449389845
2.669880006
2.500098549
8.651768348
8.651768348
5.984315395
2.306247982
8.651768348
8.651768348
6.077737081
0.706108637
5.680028757
4.378234668
1.770976414
4.325084372
6.363966618
5.690347254
6.241835225
3.426934983
3.200347304
5.491900501
1.743715802
8.651768348
8.651768348
1.658523823
6.218799057
6.447648366
1.662590806
3.931940062
8.651768348
5.819259436
0.948248823
5.036344395
5.138284392
0.706108637
5.138284392
3.726280924
5.138284392
8.651768348
1.257911393
4.559047704
0.487688196
3.318093406
1.743715802
1.743715802
8.651768348
5.46396571
1.743715802
8.651768348
3.805029298
5.684220372
2.621978472
5.496128715
1.266567123
6.389317259
5.17696953
1.834991837
3.530303711
4.312257283
8.651768348
5.142162644
4.473338208
8.651768348
6.389317259
2.669880006
3.310977333
6.126723541
1.743715802
3.472840298
5.26813248
2.429432507
0.706108637
0.706108637
1.223087238
2.371434736
0.898870844
8.651768348
3.931940062
7.049708357
5.219601079
6.998555835
8.651768348
0.898870844
1.984446357
2.429432507
8.651768348
1.579430755
2.669880006
5.716261082
1.743715802
4.436448097
4.436448097
5.954539006
0.706108637
1.852870591
0.894086083
5.940805229
2.669880006
8.651768348
1.327546925
5.26813248
6.952798344
5.491900501
8.651768348
3.843118575
8.651768348
6.748678361
2.58276589
1.743715802
8.651768348
2.689345025
5.847628916
8.651768348
2.429432507
0.62454251
8.651768348
6.626462483
0.949908284
1.593933237
5.902805487
0.706108637
5.138284392
6.97967049
8.651768348
1.907778851
6.023379418
4.22840777
2.610839817
1.852863622
3.071652301
6.692726956
3.141851106
5.127761903
1.81016783
3.852903715
6.032675018
7.018299893
6.317314597
6.337901128
3.346638483
6.150709086
4.994234461
1.984446357
5.46396571
1.223087238
6.819259436
6.088287263
3.200347304
5.877251383
0.839180253
6.866438513
2.669880006
8.651768348
6.819259436
6.819259436
2.913669088
1.213255586
0.388974908
4.961926939
2.321516349
8.651768348
2.388054185
2.199979764
2.429432507
2.859339535
1.196734802
2.39680068
4.302976881
1.810536056
1.811128187
3.275711761
3.962734896
3.730170301
2.806836613
2.870380664
1.801995868
3.442864994
3.739466563
3.857998911
1.321437302
2.465423788
-0.00411862
3.236748233
3.223599525
2.932282102
3.385616648
5.052759108
5.605273184
5.369372844
2.73339669
4.400105798
2.472669471
1.622699447
1.320738882
4.883796627
2.820833409
2.86293843
2.787110747
3.240445006
3.57597329
6.45864375
0.295342692
1.952579341
2.854096485
5.314109457
3.443198013
0.370976539
2.932282102
3.398568506
4.162724396
5.734788301
3.264147197
6.056272126
3.293473643
0.945504064
1.523418361
1.196734802
4.422573024
4.391363016
4.778273366
4.63804657
4.214874539
8.651768348
4.326725001
1.878108481
2.472669471
1.551344416
1.403287401
2.974964122
5.039938869
2.005330311
2.84255823
3.920461684
2.482324345
3.730170301
2.831335677
1.490007861
4.427935071
4.656879553
5.114075154
5.334750247
1.830447053
3.942210084
2.112384587
2.683957909
5.447105837
0.706108637
1.672968844
3.720432545
2.932282102
1.384022299
5.09198138
1.740291078
3.338257564
2.508115074
2.179599691
5.531852938
4.809221512
1.196734802
4.980410345
2.514637139
6.223633554
5.739015045
4.004316914
5.523692336
2.374419101
2.422482337
1.397790279
3.315338636
2.069763426
2.690584639
1.281385456
1.686825937
2.605199832
1.861163881
2.618879748
2.850477172
5.269931548
3.005802078
3.254075089
3.161705876
2.859339535
4.28641142
3.449288205
2.251301855
2.683957909
2.535232661
1.376013342
2.690584639
1.903672851
5.081692643
2.712747073
2.923740206
1.379118383
8.651768348
2.193648941
8.651768348
0.014933479
1.457924364
6.4087303
0.894086083
4.084247944
1.85911378
2.450047672
2.551641559
2.482324345
2.45265
2.99738482
3.362208379
1.686561942
1.686561942
4.241885924
2.79581693
1.84894593
2.588219585
4.456671638
1.673060012
3.033085495
4.704138601
2.787546893
5.695119769
2.429432507
2.657178912
3.791466285
1.70392474
1.827457572
3.620925845
4.485930724
6.812919258
3.418736683
5.926673827
3.552896289
2.683373669
3.410869808
3.389602135
3.137091787
4.750419023
2.12917455
1.570583733
5.328516248
3.35397502
5.36846712
-0.35870087
2.36244188
2.449666273
1.001176917
2.482324345
5.812919258
0.463736211
2.228617866
5.609192836
-0.20733468
1.041179158
4.180770179
3.128828806
1.335113784
2.754304011
3.718179838
2.732703337
1.196734802
3.372831925
2.52106639
3.508672321
8.651768348
5.225419775
3.153827447
3.982879463
1.827164533
1.131774449
2.901212901
4.778447747
1.647168427
3.040766632
5.717269897
4.06981869
1.953053089
4.769300733
4.485930724
3.39034369
5.641044483
3.379388272
2.683957909
2.482324345
2.557572278
3.355210648
6.059591591
3.336047742
2.004912035
3.508672321
8.651768348
1.748250575
4.692870154
1.196734802
5.669044961
1.865050351
8.651768348
6.026455897
5.20476545
1.935419961
1.384022299
2.825282133
2.450047672
2.482324345
2.721519946
2.429432507
4.22468816
3.288724519
3.982879463
3.982879463
0.565506904
2.13500498
1.961867955
3.353500545
4.44289721
1.673015953
3.205357014
5.397703895
2.196427761
1.283708007
0.229476086
1.196734802
3.344107609
3.316013664
1.767122097
4.712798551
4.252077325
1.733937424
4.359955661
2.97460778
4.650034636
4.442253334
2.657586301
3.785244723
2.063114742
5.282366935
1.561900913
2.923740206
3.730170301
1.196734802
1.686561942
0.957462222
5.180036697
1.811128187
5.056161913
5.007921038
3.927648197
3.389602135
2.492753397
4.948562978
0.800099333
1.947934055
1.686561942
1.196734802
5.531852938
2.850352975
3.730170301
5.934097845
4.226266734
8.651768348
2.515062998
1.434679081
4.306649583
4.599960054
3.179109882
2.610955241
1.089622384
3.246292214
1.84894593
3.296058283
2.18227166
4.025571743
4.750419023
2.580245703
1.384022299
4.764826642
3.862935605
0.518515603
3.66699358
6.180476637
1.384022299
3.86626056
3.889900624
2.429432507
2.449389845
2.496255288
0.396870181
3.498743551
1.811128187
3.681640069
3.550708993
0.993872184
5.74007819
2.361292095
3.656774101
2.129935557
5.280146421
4.451766483
4.313311855
5.271014578
5.063496641
2.689867185
1.686561942
3.389602135
3.1235113
8.651768348
4.13368892
4.028405329
2.540375095
5.052759108
3.449288205
2.667491333
1.419456804
3.789702595
1.196734802
3.389602135
3.351916888
0.951964292
2.963960351
4.005943413
4.27791884
3.524051432
2.690584639
1.792266729
4.356377201
1.037870674
8.651768348
2.550532146
5.636827999
2.201965776
1.196734802
4.375835373
4.971251539
4.880107389
3.150440646
5.083449263
1.504354535
1.759156353
1.686561942
8.651768348
1.901956849
5.310531725
3.303144211
3.660121477
6.493405856
4.596887293
4.704874153
2.808430281
4.217295255
3.389602135
2.425747975
1.037870674
5.163782017
2.315407893
3.374367737
4.945477391
5.012680477
5.993756952
4.883796627
2.923740206
2.689345025
2.502137621
3.336047742
5.084741982
2.482324345
6.418772238
1.911231739
2.683957909
4.995574286
2.576919373
2.129935557
1.350794337
2.533889466
3.480372494
1.503196046
2.449389845
2.173744699
3.389602135
3.565857283
3.137761476
2.952869574
0.279289091
4.089832585
3.76177233
4.419967556
8.651768348
3.382825498
1.384022299
1.851266478
1.196734802
2.449389845
1.196734802
2.154035307
3.982879463
2.534296859
2.222951211
4.267164073
2.916938927
0.992488242
1.453263126
1.818467124
3.559131905
8.651768348
1.993281111
4.388914003
6.852427799
5.696080598
1.743715802
2.849872305
2.39911043
6.295742491
3.246292214
3.130487703
1.64939949
2.690584639
4.650034636
3.953293722
2.401807037
4.883796627
4.002754948
1.196734802
4.715405429
3.586199837
1.953053089
2.799285305
1.993281111
4.51896453
2.713823393
2.112384587
3.743170749
0.96426079
3.10301543
5.61633861
2.578742122
2.754304011
3.67564773
2.511139336
3.830025615
1.423328284
4.2462171
1.906661533
1.98896067
3.362208379
3.563813106
1.948112746
2.429432507
3.398568506
3.517655018
2.222200319
3.10301543
1.196734802
2.374419101
2.683373669
8.651768348
0.96426079
2.440363979
2.974266332
5.839523652
3.425658428
2.568996258
4.079105815
3.824237537
4.44289721
2.054149719
6.152081266
3.079737117
3.075499579
3.53438435
4.480275921
2.150798146
1.647168427
3.638939557
0.96426079
8.651768348
1.810536056
6.656133154
4.894828112
2.215145243
5.911405659
2.374419101
8.651768348
2.35349836
2.626645253
6.179011899
4.495643401
0.518515603
2.137596616
0.96426079
1.335113784
2.439081193
5.602162736
1.686561942
3.387200789
6.223633554
2.541115687
0.96426079
3.984520917
4.398503055
5.216401842
2.900011321
1.303017365
8.651768348
6.499480004
3.873696726
1.073902688
4.596007884
5.093660047
4.37595042
1.783473543
4.159860627
2.887070031
5.012082687
0.96426079
2.305079219
3.355079031
1.812700718
1.037870674
4.247071439
3.362739345
0.370976539
3.859607877
5.047326282
2.883849982
1.461635743
1.711582541
4.255900517
4.571069725
2.130064481
2.163481673
4.426200635
5.438516296
2.374419101
3.323327581
4.74087726
-0.132074663
1.600932416
5.99090287
2.859324126
2.331992929
2.230678641
3.274352809
4.349285898
2.305513199
1.079176817
5.65921483
5.389080004
1.818467124
-0.325958139
1.490007861
1.91487162
6.386950525
4.06935269
5.497953484
2.220811242
3.50516595
3.155285673
2.482324345
3.402115138
3.754801446
6.403795082
4.791789907
5.209759189
5.860779873
3.586423956
1.555702938
1.157636555
1.770928585
6.660542273
3.475214089
3.482458428
1.07827943
3.90080507
3.434526624
2.323909395
4.616699004
8.651768348
2.804788931
3.990523739
8.651768348
4.522207346
0.518515603
3.418810336
1.381842437
3.126482478
2.54191959
2.343435336
2.129935557
5.478290705
3.284309924
2.764707774
2.307337363
3.41930591
2.179599691
2.850477172
3.755644646
4.236895234
1.283708007
-0.35870087
2.637370471
3.012554873
1.038901655
5.734788301
3.680956737
1.784609691
3.793562111
1.605968377
1.503196046
4.220533283
8.651768348
5.534165657
0.463736211
4.099781913
6.313311855
3.315859337
2.92753673
1.970548917
3.161705876
1.914094748
3.161705876
1.673015953
4.026641181
0.96426079
2.482324345
1.415659017
2.869453417
3.565429877
3.118534091
2.246689683
4.202583178
1.311921948
1.697561163
1.330960859
2.389305867
6.638931124
2.463015304
3.266550075
4.342287229
2.683373669
1.975114604
5.430876099
2.322126438
0.93377622
2.998569346
1.06774384
3.416924707
3.958718864
2.466437018
2.112384587
2.511139336
3.241546355
3.929941252
1.349754423
1.335113784
4.674776803
2.004620685
4.205806272
0.881967327
2.008985891
3.653657288
2.864617587
4.380135811
1.475454035
1.653054024
2.336514865
1.503188149
3.956540668
2.669880006
5.973249969
1.888174306
8.651768348
3.007606574
2.252096876
4.581139504
4.25355048
8.651768348
5.109067379
3.046573237
2.932282102
8.651768348
2.339092855
3.166667583
1.600932416
3.197190242
3.882272863
4.353657917
2.868272111
4.027228434
5.032153343
2.452355477
1.537319971
2.96641541
2.975191785
2.884658512
4.501226807
3.958507593
4.746782467
2.056088197
3.330752267
3.161994026
1.07540222
-0.363391081
4.328660693
5.993756952
2.649439835
6.692726956
2.092386544
3.844578458
3.454625683
3.960633789
2.554259769
0.96426079
3.061748417
1.911231739
1.031328071
4.065777764
4.573710481
3.958718864
3.547691142
5.038984492
4.056272126
2.173422952
1.758422999
1.811128187
5.920986073
-0.132074663
4.136928508
1.911231739
1.267567134
5.504092024
3.753141881
3.40050741
1.779866548
2.347326509
2.272232235
1.589409171
4.46146467
2.678208263
2.645752237
1.75787349
1.733937424
1.618270327
5.337058655
6.152081266
1.888174306
2.914026424
2.041170673
4.519925218
3.184414827
5.351172864
2.371434736
1.196734802
6.643168177
3.673158772
3.184009339
4.942498387
2.760290548
1.673060012
2.008985891
2.025836184
5.714250456
2.339592897
5.278672361
2.482324345
4.283946696
2.452355477
1.779702791
4.62773445
4.892932124
1.955484057
0.104820927
6.269751306
4.573057843
4.794556506
3.103377702
3.125223605
2.139620082
4.778564039
4.674776803
6.323388745
5.258193145
3.651303902
0.886496337
2.398708167
1.483861895
5.668593276
1.978845099
4.064203295
2.96641541
1.770928585
2.690584639
1.838608382
0.985693659
1.911231739
2.19176993
4.438915158
1.350794337
1.84894593
5.371645452
8.651768348
4.894828112
3.349383299
5.046032454
2.937910868
4.330397791
4.057895494
1.911231739
4.493044095
3.401460594
1.841142857
-0.211099281
4.290437223
3.586423956
2.657586301
1.157636555
3.263295916
3.046573237
1.281385456
3.779140146
5.151120285
1.283708007
1.111000683
2.292907423
3.742474472
3.009800731
4.810471461
4.901877507
2.920859355
5.439847264
4.629175034
6.243528383
3.033400143
2.54317187
3.656774101
-0.00411862
1.950548197
0.134245224
2.830450722
8.651768348
2.35349836
1.841709986
2.371434736
2.630182161
5.349653971
5.06619483
6.643168177
2.526047067
2.312816882
1.589295158
3.241546355
6.355103158
1.770928585
5.864307874
1.784609691
5.41422461
2.591367062
3.474532063
8.651768348
1.690609001
0.410710891
1.497865902
0.846336289
1.100641459
5.019716182
1.807397429
4.257894944
1.690609001
5.494613908
4.056272126
2.449389845
2.472669471
2.635431273
0.370976539
2.112384587
2.132138916
1.581753731
5.165337869
4.11536143
1.672968844
5.727489062
2.286563871
1.838608382
2.866754025
0.706108637
2.147968544
5.086629196
4.944879953
2.179599691
2.129935557
1.585165458
3.072680179
2.776277057
2.649439835
3.586423956
3.958718864
2.551402973
5.141491504
3.480805872
2.335528908
5.607620727
2.943713906
4.984128642
2.397229697
2.88376032
1.261444968
1.953053089
3.045122617
1.196734802
1.559861979
-0.579048199
2.129935557
5.787850971
1.994943671
4.481829539
8.651768348
2.853293804
5.449007661
4.255813252
2.354023153
2.080423289
1.954403419
1.647168427
8.651768348
2.468119339
3.553758359
0.934047264
6.168894765
1.746465524
4.390481683
1.111000683
2.744701119
2.459551148
3.415233606
4.63590584
5.692726956
4.386054538
2.354023153
1.034858767
2.166576204
1.690609001
1.261444968
4.62773445
3.336047742
1.845858603
3.161496559
2.741553889
4.798009315
2.043369199
4.749221569
3.617870345
4.47643052
4.419967556
2.320569294
5.578049998
2.008985891
8.651768348
2.450047672
1.993281111
2.974495456
2.187013149
4.716261082
1.276230177
8.651768348
1.690609001
3.292790923
2.024085798
1.958539629
3.716982146
4.246473225
4.059180816
4.534795525
3.040292521
5.391458403
4.44289721
5.426200635
3.565419197
2.008704737
2.20948586
4.272245284
1.122174061
8.651768348
4.150709086
2.320455056
-0.246805646
1.259757824
6.687980521
3.150440646
6.39169696
5.22266234
1.027229414
2.859339535
4.201134398
2.684717193
1.001176917
1.911231739
1.911231739
1.770928585
1.332980993
2.344086438
1.805975869
4.284486991
3.067412243
2.154448426
2.928889382
3.958718864
2.13500498
5.760788751
2.468649466
2.565021741
2.433930796
4.006896665
2.578742122
1.196734802
3.836622453
2.079803789
4.269229025
2.932282102
1.589409171
1.589409171
1.813683028
1.172875014
1.751108347
3.219126103
3.575524885
2.482324345
4.284319241
4.181799139
1.838608382
4.367044424
4.352915272
1.479112068
3.311828228
1.711582541
2.01495781
3.512758721
5.203835483
3.336047742
3.336047742
5.931609045
2.03413308
2.472669471
1.888174306
4.745648891
4.65877325
1.985290991
1.611651558
2.13500498
2.754304011
1.085586464
1.589409171
5.520791657
1.384022299
2.205334331
1.038426549
2.625770622
1.832696273
2.853293804
1.838608382
5.905134149
6.050795453
3.627594762
5.141089317
4.109241679
4.476372517
3.401460594
4.503165694
3.136168673
5.983382432
5.320746177
8.651768348
2.272232235
6.184900728
2.35349836
4.613903793
4.907631896
1.384022299
3.221517481
1.686561942
6.439580744
1.384022299
3.011853752
3.55541111
2.606439109
1.925970774
1.911231739
5.6804925
3.192923598
2.51587182
1.173091893
2.573246282
2.343668355
8.651768348
5.214652255
5.736896531
5.081692643
4.297486994
3.14706375
1.283708007
1.57345279
1.008532824
2.13070745
3.739663253
2.603069851
2.196427761
4.128620424
3.627594762
-0.579048199
5.564697142
2.442555837
6.284412427
3.514506044
3.097339764
4.140245936
1.157636555
3.315859337
2.459551148
8.651768348
5.489203942
3.301369129
1.604572947
5.154285811
2.273119211
1.993198741
5.335169046
2.188835449
2.564176443
3.114100338
1.887996051
3.355079031
2.490428202
2.690584639
1.261444968
1.924861022
-0.431805139
0.597108761
5.63724781
2.596747233
0.337050773
3.030059396
3.426958275
8.651768348
2.482324345
4.336280821
6.493405856
2.690584639
3.980354812
1.75912738
1.426639621
4.662140578
3.477077774
2.111499454
4.135656238
5.120289431
4.305239344
3.715682073
5.733738012
0.076499361
0.564880317
3.449288205
3.982879463
3.389602135
1.819353649
0.636000728
2.004620685
3.385616648
8.651768348
4.033500544
1.017794093
2.137216744
3.159628424
2.683957909
1.622539239
3.044921763
6.935765005
2.206238402
4.542223547
1.190977725
4.611166008
2.791029179
3.128145426
5.1353652
2.034760664
3.419827508
1.340087476
3.017295109
2.112384587
3.40050741
5.452836478
5.399643796
3.454625683
1.673327424
2.508312292
4.520791657
2.187406545
1.089622384
3.366985809
4.165933396
2.429432507
1.733937424
3.01384754
3.346184844
1.516453141
1.51863822
2.702171491
0.855543131
3.363161458
4.210120336
5.602162736
3.006676347
1.838608382
0.199094416
2.188909344
4.390481683
2.338701093
8.651768348
2.480236128
1.384022299
1.335113784
4.718179838
8.651768348
4.866580928
1.970785593
2.305486001
8.651768348
4.782888902
3.672452206
2.086796847
3.442864994
4.778389612
5.753591865
4.904201186
2.472669471
2.482324345
3.69862261
2.472669471
3.312650955
2.58276589
3.53651074
3.035912947
1.743715802
5.46143665
3.967425767
5.113949253
1.358388621
4.329776601
3.097339764
1.299914146
2.683957909
2.349071044
1.384022299
3.007424309
2.35349836
4.510506758
2.376946398
2.649439835
5.638088651
3.070403601
4.874124071
4.924715337
2.836356646
2.68972924
1.321437302
4.855749379
3.17379671
2.315291403
2.537226416
2.085940121
2.293915987
5.452836478
4.477766722
4.564945991
3.899343419
4.896427165
2.117659836
2.600901203
2.878445691
2.146457168
4.316089846
2.984863045
3.245862189
3.645546264
2.791029179
2.303439726
2.791345887
6.880916337
3.362208379
2.412977053
3.639538717
4.510506758
4.150709086
4.580844317
1.104404756
2.690584639
1.196734802
1.283293539
4.428921868
1.743715802
1.954801144
2.649439835
3.444449114
6.36846712
4.830648025
1.672968844
4.462671239
8.651768348
1.563189753
2.987048357
6.003408337
4.18112269
1.167899728
1.770928585
3.871753635
1.51863822
3.83053658
4.441690724
4.281181248
3.477077774
1.920063652
3.311828228
1.376013342
4.841401395
4.441690724
2.683957909
4.873689486
3.926567516
5.430876099
1.037870674
3.202697436
2.88248114
2.683957909
6.558346663
4.22468816
4.726869084
3.588164812
0.96426079
3.675702795
1.993281111
1.765004893
1.376013342
3.366985809
1.349754423
3.222190467
5.898185289
3.87886748
5.137220596
2.188835449
2.486319243
0.396870181
3.900181343
-0.697993613
1.961717826
-0.103046401
1.283708007
2.45778353
8.651768348
-0.799017344
-0.330829807
3.263295916
1.602010043
8.651768348
6.499480004
3.312790218
4.388914003
4.442789831
1.124029346
3.01384754
6.935765005
2.136197425
2.429432507
2.930847836
4.969623272
5.862187636
5.775550508
4.839992327
4.254210687
3.508672321
2.374419101
2.493526209
3.76177233
2.374419101
6.141223338
2.392287238
3.355079031
2.429432507
4.476952892
6.12156865
2.056088197
1.376013342
5.545917674
3.695811352
6.444942472
4.636199042
1.324627495
3.10301543
1.659040529
1.776231879
1.686561942
5.376918028
2.575757779
1.696839906
3.656774101
3.982879463
0.098587838
3.730170301
2.739184973
3.159344633
0.964649771
0.701027573
3.389739893
2.764707774
4.633275895
1.384022299
3.716982146
1.111000683
4.883796627
4.140486735
4.173331728
3.12486976
3.991472188
1.672968844
8.651768348
4.51119746
3.550437214
3.498179071
5.52143458
0.881205496
3.40050741
1.699544734
2.720503766
2.96652387
6.702378342
5.582470336
3.230789993
5.488010824
4.213289289
2.132138916
5.855888331
6.049708357
4.4010069
1.419456804
3.11031392
