7.1735477
4.587226
6.0588894
5.713362
7.191793
7.1598167
4.5805273
3.9760242
7.2576556
7.1598167
4.3110814
7.3904843
4.1803713
7.239988
6.4618325
7.1807833
4.1759996
7.21781
6.558925
7.1735477
3.4306083
7.249384
7.1670523
4.1666403
7.2327523
7.1807833
6.558925
7.1807833
7.1670523
3.0130775
7.206811
6.3962607
4.2134356
7.2327523
6.329227
7.408406
7.1807833
3.0130775
5.2724123
7.2971773
7.1670523
3.6409025
7.3271327
3.0130775
7.1670523
3.0130775
7.249384
3.0130775
7.3240514
7.1670523
3.0130775
7.1670523
5.235837
7.190839
4.84412
4.9906235
3.9760242
7.2576556
7.1670523
6.8726544
7.3095484
7.1670523
3.0130775
3.0130775
6.8726544
7.3095484
7.1670523
7.1670523
3.0130775
7.1670523
5.9298387
7.2147007
7.1670523
7.1670523
5.9298387
7.1670523
7.1670523
7.1598167
5.9435697
7.205773
4.947908
3.065637
7.1807833
7.1670523
7.1670523
6.3825297
4.2134356
6.534768
6.672433
6.6978993
7.262256
7.1670523
7.1670523
4.1666403
7.239988
7.1670523
7.1670523
4.1666403
7.239988
7.1670523
3.0130775
7.1670523
3.0130775
7.21781
4.1666403
7.2327523
7.1807833
7.1670523
5.580385
7.2162104
7.1598167
7.1735477
3.0268083
7.249384
4.1759996
7.21781
7.1670523
5.9298387
7.1807833
3.4168775
7.249384
7.1670523
5.225617
5.7105103
5.762203
7.1875896
7.1950088
6.8726544
3.1555736
5.225617
5.7105103
5.762203
7.180354
7.1807833
3.4168775
6.954986
4.1803713
7.239988
7.1670523
7.1670523
7.1670523
5.225617
4.2967653
7.239988
6.8726544
7.302313
3.4306083
6.096537
6.7309637
6.4755635
5.805728
7.269732
3.0130775
7.1670523
3.4168775
7.249384
7.1670523
4.1666403
7.239988
7.1670523
7.1670523
7.1598167
5.696804
7.4014387
4.961639
7.1670523
4.1666403
7.239988
6.2062354
6.6978993
7.1807833
6.558925
3.086436
7.1670523
6.8726544
7.3095484
3.0130775
3.0130775
7.2147007
7.1670523
7.1670523
5.9298387
7.1807833
6.8726544
7.302313
7.1735477
4.1803713
7.239988
7.1670523
7.1598167
3.0268083
6.8863854
4.1803713
7.239988
4.1666403
7.239988
4.1666403
6.94559
6.132743
7.1735477
4.1803713
7.239988
4.1666403
6.94559
7.1807833
7.1598167
7.1807833
3.0130775
7.1911974
7.1670523
4.1666403
7.21781
4.1666403
7.2327523
7.1807833
3.0130775
3.0130775
7.3095484
6.119012
3.0268083
7.1670523
4.34258
7.2683387
4.1803713
7.239988
6.8726544
7.302313
6.572656
4.1803713
5.2985525
7.2971773
7.1598167
7.1807833
7.1598167
7.1735477
7.1807833
7.1670523
7.1670523
3.0130775
7.1670523
7.1670523
3.0130775
4.1666403
7.239988
7.1670523
3.0130775
7.2421484
4.1897306
7.2105746
4.1803713
6.233373
7.1807833
4.1759996
7.21781
7.1670523
7.1598167
6.6978993
7.1807833
3.0130775
6.558925
7.1807833
4.1666403
6.757104
7.1807833
6.8726544
7.302313
7.1807833
7.1670523
3.0130775
5.713045
7.269732
4.1666403
7.239988
5.713045
7.2624965
6.572656
7.1807833
3.0130775
7.1670523
3.0130775
5.969912
6.572656
7.240411
5.225617
7.0027795
7.1807833
6.6841683
5.9435697
4.714482
3.1084335
7.2162104
4.408031
6.216312
7.1807833
7.1670523
7.1598167
3.0268083
4.5763803
7.103322
7.1735477
7.1735477
6.8863854
3.0268083
7.1807833
7.1670523
5.9298387
6.6841683
7.1807833
6.315496
7.2138476
7.1670523
4.1666403
7.239988
7.1670523
3.0130775
0.15183553
7.272472
6.2574387
7.196426
3.0268083
6.6978993
3.0268083
6.1096277
7.192674
5.683073
1.0316377
4.34258
7.2683387
5.594116
7.2162104
4.1666403
7.239988
7.1598167
7.1807833
3.0130775
7.21781
7.1598167
4.1897306
6.4332876
7.1807833
4.1759996
7.21781
3.4168775
7.249384
7.1670523
4.1666403
7.239988
7.1598167
5.239348
7.2971773
3.0130775
6.8967996
7.1807833
7.1670523
7.1598167
5.316522
3.044491
6.558925
7.1807833
4.1666403
6.757104
7.1807833
6.8726544
7.302313
7.1807833
7.1670523
3.0130775
7.1807833
7.1670523
4.1666403
7.239988
7.1670523
4.1666403
7.239988
5.683073
1.0316377
6.8863854
7.1807833
4.1666403
7.2327523
7.1807833
6.6841683
7.1735477
6.6978993
4.1897306
7.21781
3.0130775
4.4276857
7.8777566
6.8726544
7.1807833
7.1670523
4.1666403
7.239988
7.1670523
7.1670523
7.1670523
4.1666403
7.2327523
7.1735477
7.1807833
7.1670523
4.1666403
7.239988
7.1670523
7.1670523
3.0130775
5.628701
6.605678
5.594116
5.762203
7.1875896
3.0130775
5.239348
7.2971773
6.558925
6.6978993
3.1992004
4.32878
4.0562763
6.963258
3.4306083
6.4648614
7.1807833
3.0130775
7.1598167
5.594116
7.2162104
4.1666403
5.653321
5.762203
7.1875896
4.1666403
6.6318607
7.1807833
4.1666403
7.239988
4.904821
6.996117
4.1803713
6.1919475
5.2535048
7.2971773
4.1759996
7.21781
3.0130775
7.2670517
7.1670523
5.225617
7.2971773
3.0130775
7.1807833
4.328849
7.275574
7.1598167
5.969912
7.1807833
7.1670523
3.0130775
6.558925
4.1803713
5.2985525
7.289942
6.6978993
7.1807833
6.8726544
7.1807833
3.0130775
3.0130775
6.558925
4.1803713
6.757104
7.1807833
4.1666403
7.2327523
7.1807833
3.0130775
7.21781
4.9270983
7.1911974
7.1670523
4.2973504
7.3904843
4.1897306
2.6029403
4.1666403
7.2327523
7.1807833
7.1670523
4.1666403
5.2985525
7.2971773
3.4168775
7.249384
3.0130775
7.1670523
7.1670523
3.0130775
5.969912
5.2724123
6.68905
7.1807833
7.1670523
4.1666403
7.2327523
7.1807833
7.1670523
7.1670523
7.1670523
6.6841683
5.594116
5.762203
7.1875896
6.119012
6.8863854
6.399935
7.2787995
4.1666403
2.3974364
5.6803846
5.762203
7.1875896
6.119012
7.1807833
6.0142055
7.192674
3.0130775
6.8863854
4.1803713
7.239988
4.1666403
7.239988
4.1666403
6.94559
6.132743
7.1735477
4.1803713
7.239988
5.683073
1.0316377
4.4398465
5.811053
4.239819
7.5438743
7.262256
5.668829
6.9196486
7.1807833
6.8726544
3.0268083
5.225617
7.2971773
6.558925
3.0268083
6.9234123
7.1807833
6.3825297
7.1807833
7.1670523
4.1759996
7.21781
4.1666403
6.6318607
6.3962607
7.1807833
7.1670523
6.6841683
4.1897306
7.21781
6.558925
3.0956643
4.4276857
7.583359
7.1807833
4.328849
3.1215994
6.6841683
6.4755635
7.1807833
4.1666403
7.239988
6.558925
3.0268083
5.811053
7.2162104
5.580385
7.2162104
4.1666403
5.653321
7.2162104
4.1666403
7.239988
3.0130775
7.2421484
4.1803713
7.239988
7.1670523
5.225617
7.2971773
4.573495
3.4615614
7.2421484
4.5805273
4.5383143
6.9234123
4.34258
7.1670523
4.1666403
3.2731566
7.3240514
7.1670523
3.0130775
7.1807833
3.0130775
3.0130775
7.302313
6.8863854
6.8863854
7.1807833
4.1759996
2.6029403
7.1807833
7.1670523
5.580385
5.762203
7.1875896
4.1666403
6.757104
7.1807833
7.1670523
7.1670523
7.1670523
6.8726544
3.0268083
7.1807833
7.1670523
3.0130775
4.3481083
7.103322
4.204392
8.026758
3.0130775
7.1670523
7.1598167
6.572656
3.0268083
7.21781
7.1670523
6.3825297
7.2138476
3.0130775
4.573495
7.211736
7.19494
7.1670523
6.6841683
6.572656
3.0268083
7.1670523
7.1670523
4.947908
7.1807833
7.1670523
7.1598167
4.1803713
6.233373
7.1868486
5.984225
7.30722
7.1807833
3.0130775
7.2683387
7.1807833
7.1670523
4.1666403
7.2327523
7.1807833
7.1670523
4.1666403
7.239988
7.1670523
6.558925
3.0268083
5.594116
5.762203
7.1875896
4.1759996
5.763803
7.269732
4.1666403
6.94559
5.594116
5.762203
7.1875896
4.2973504
7.39772
4.1666403
7.239988
7.1670523
4.1666403
5.7859807
7.269732
7.1598167
4.1803713
7.239988
7.1598167
7.1807833
3.0130775
6.954986
4.1803713
7.239988
5.225617
6.512655
7.1807833
3.0130775
4.1666403
7.239988
4.1759996
7.21781
7.1670523
7.1670523
6.558925
3.0268083
7.1807833
3.0130775
6.8726544
6.6057205
5.093579
7.890858
3.0130775
6.9234123
3.1555736
7.21781
7.1598167
3.4306083
6.954986
7.1735477
4.34258
7.2683387
7.1735477
4.1897306
6.609683
5.7020597
7.213805
3.0130775
7.2624745
2.6029403
7.249384
7.1670523
4.1759996
7.21781
7.1670523
3.0130775
7.1807833
7.1670523
4.1759996
6.9234123
7.1807833
3.0130775
7.1670523
4.1666403
7.239988
7.1670523
7.1670523
7.1670523
4.1666403
7.2327523
7.1735477
7.1807833
7.1670523
4.1666403
7.239988
7.1670523
7.1670523
3.0130775
2.8218725
6.523852
7.1807833
5.713045
7.1875896
7.1670523
4.1666403
7.239988
7.1670523
3.0130775
7.302313
7.1807833
7.1670523
5.580385
5.762203
7.1875896
5.713045
7.1875896
3.0130775
7.192674
4.1666403
7.239988
6.558925
3.0268083
7.1807833
4.1666403
7.2327523
7.1807833
6.3825297
7.1735477
6.2199664
7.1807833
6.6841683
3.0268083
7.2105746
4.4414167
6.2910895
7.2162104
4.2973504
7.39772
4.3740377
6.9416075
3.4306083
7.249384
4.573495
7.211736
7.1670523
6.558925
4.1803713
6.94559
7.1735477
7.1735477
7.1807833
4.4585123
7.2624745
4.5667963
1.9095278
7.289942
7.1807833
3.0130775
7.1735477
7.1807833
6.3825297
4.53663
7.205999
7.1670523
4.1666403
6.1919475
7.19494
7.1670523
7.1598167
7.1735477
4.503566
7.205999
7.1598167
3.0268083
7.2421484
4.1897306
7.2105746
4.1803713
6.233373
7.1807833
4.1759996
7.21781
7.1670523
7.1598167
6.6978993
7.1807833
7.1670523
3.0130775
6.8726544
5.239348
5.7105103
5.762203
7.1875896
3.0130775
7.1670523
7.1670523
5.713045
4.199249
6.5976458
5.0212665
6.8967996
7.1807833
6.8726544
7.1807833
7.1598167
3.0268083
6.525026
6.91945
3.0268083
6.3962607
5.3745213
6.9324703
4.1897306
6.609683
3.0268083
7.1807833
3.0130775
7.1670523
7.1807833
7.1670523
6.8726544
4.3184958
7.2105746
7.1735477
7.1807833
5.956181
6.2199664
5.7937446
7.1807833
5.241039
7.1844673
4.5805273
1.9095278
4.44567
7.2327523
5.239348
7.2971773
6.3825297
7.1807833
6.4618325
7.2278123
7.1670523
3.0130775
5.631143
7.2162104
4.1666403
6.94559
6.6057205
7.1807833
7.1670523
3.6409025
7.3271327
3.6409025
7.3271327
3.6409025
7.3271327
3.0130775
7.1807833
7.1670523
4.1666403
6.1919475
7.1877046
7.1735477
3.0268083
7.1670523
7.1950088
7.1670523
7.1670523
4.4276857
7.8777566
6.641257
7.1516843
3.1555736
7.1598167
3.0268083
7.1598167
7.1807833
3.0130775
7.1598167
6.8863854
6.6978993
4.1803713
7.239988
5.713045
7.269732
4.1759996
6.9234123
7.1807833
6.119012
3.354584
5.762203
7.1875896
4.1666403
4.6464305
7.2045007
7.1807833
7.1670523
5.225617
5.84317
7.269732
7.1598167
7.1807833
6.6841683
3.0268083
5.2459526
7.2971773
7.1670523
7.1670523
4.4585123
4.523108
7.8777566
7.1670523
6.8726544
5.726776
7.1875896
4.1759996
7.21781
5.225617
4.6969213
3.9760242
6.963258
7.302313
3.0268083
6.8726544
7.1807833
4.1666403
7.2327523
4.5805273
1.9095278
6.68905
5.726776
7.1875896
5.580385
5.762203
7.1875896
7.1670523
5.580385
5.762203
7.1875896
4.1666403
7.239988
7.1670523
7.1598167
7.1807833
4.1666403
7.239988
4.1759996
7.21781
7.1670523
7.1598167
7.1807833
7.1670523
4.1666403
7.239988
6.2062354
6.6978993
7.1807833
3.0130775
4.4722433
6.9680767
7.1807833
4.947908
4.4722433
7.2624745
6.8726544
6.8863854
4.1897306
7.21781
7.1598167
3.0268083
5.9298387
5.580385
5.762203
5.0407577
4.890446
6.757104
6.132743
7.287341
7.1670523
3.0130775
7.1807833
4.1666403
7.239988
7.1670523
3.0130775
7.1735477
7.1807833
6.8726544
7.302313
4.1803713
6.1919475
6.234123
7.1807833
6.2062354
7.1807833
3.0130775
6.3825297
6.91945
4.3110814
7.39772
3.0130775
7.1670523
7.1670523
7.1670523
3.0130775
3.0268083
7.1807833
4.1759996
6.609683
7.1807833
7.1670523
5.3340526
4.2134566
5.631143
7.2162104
3.0130775
5.812235
3.0322783
7.1598167
4.4414167
7.8777566
6.6978993
6.8863854
3.0268083
6.954986
6.8863854
6.6978993
3.0268083
6.6978993
3.0268083
6.4558883
7.2138476
7.1670523
5.9298387
7.1598167
5.8517585
7.1807833
3.0130775
5.239348
6.68905
5.726776
7.1875896
4.1666403
6.233373
7.1807833
3.4168775
6.641257
7.1807833
7.1670523
7.1670523
5.713045
7.1875896
4.1666403
6.6318607
7.240411
5.225617
5.7105103
5.762203
7.1875896
3.0130775
7.1670523
5.9298387
4.2973504
7.39772
7.1598167
7.1807833
7.1670523
6.558925
7.1807833
7.1670523
7.1670523
3.0130775
7.2670517
5.225617
7.2971773
3.0130775
7.1807833
4.1666403
2.563988
6.748581
7.1807833
3.0130775
7.1807833
5.225617
7.2971773
7.1670523
4.1666403
3.2400136
5.9613805
7.1875896
4.1759996
7.21781
4.1666403
7.239988
6.119012
3.0268083
7.1807833
3.0130775
6.572656
4.1803713
7.239988
7.1670523
7.1670523
7.1670523
7.1598167
6.2199664
4.4722433
7.2624745
7.1670523
4.1759996
7.21781
6.6841683
3.0268083
6.3962607
7.1807833
5.225617
7.0027795
5.239348
6.5919576
5.976634
3.6409025
7.3271327
3.6409025
7.3271327
3.6409025
7.3271327
3.6409025
7.3271327
4.5667963
7.5221314
7.1735477
7.1807833
7.1670523
3.0130775
7.21781
6.2574387
7.1807833
4.1759996
4.5543227
7.198451
4.1666403
7.239988
4.1666403
7.239988
4.1666403
7.239988
4.1666403
7.239988
4.1666403
7.239988
4.1759996
7.21781
7.1670523
3.0130775
6.8142934
1.9840467
7.198451
6.6841683
7.1807833
3.0130775
6.8726544
7.1807833
6.119012
3.143549
7.1670523
5.713045
4.1871777
5.653321
6.16817
5.594116
4.2157984
7.2327523
7.1807833
6.119012
7.1807833
3.0130775
7.249384
4.1666403
6.94559
7.1735477
4.5805273
1.9095278
7.1670523
4.1666403
7.239988
5.9298387
7.1670523
5.713045
4.1871777
5.653321
6.16817
5.594116
6.431688
3.0268083
5.594116
7.208975
7.1735477
6.4755635
7.1807833
7.1670523
6.3825297
7.206612
7.1735477
3.0268083
6.572656
4.1803713
7.239988
7.1670523
6.2574387
7.279415
7.1670523
6.2062354
7.1735477
3.0268083
7.1670523
3.0130775
7.1670523
4.1666403
7.239988
7.1598167
7.1807833
5.798504
3.0322783
4.456789
7.290008
7.1807833
4.1759996
7.21781
5.7800136
3.239824
4.1759996
7.21781
3.0130775
7.2162104
7.1670523
4.1666403
7.239988
3.4168775
6.954986
3.0268083
7.1670523
6.6841683
5.594116
4.239819
4.5489764
7.2576556
7.1598167
6.4755635
4.1803713
7.239988
4.1666403
7.2327523
4.1803713
7.239988
7.1670523
7.1598167
7.1807833
3.0130775
7.1807833
7.1670523
6.8726544
7.1807833
3.0130775
7.21781
4.4276857
6.4332876
7.163271
7.1735477
6.8863854
4.1803713
7.2327523
5.642432
7.213805
4.1759996
6.609683
7.240411
4.1666403
7.239988
7.1670523
5.580385
7.2162104
3.0130775
5.762203
7.1875896
6.8726544
6.8266644
6.3962607
7.1807833
7.1598167
6.2711697
7.1807833
4.1666403
7.239988
6.558925
7.1807833
3.0130775
5.762203
6.1395493
7.1807833
4.1666403
5.2985525
7.2971773
7.1670523
7.1670523
3.0130775
5.239348
7.2971773
4.1666403
7.239988
3.0130775
7.39772
6.8726544
7.1735477
6.3962607
4.222795
4.0562763
7.2576556
6.8726544
7.302313
7.1735477
7.1735477
7.1735477
3.0268083
7.1807833
3.0130775
7.1807833
6.558925
4.1803713
6.94559
7.1735477
7.1807833
3.0130775
7.1911974
6.3825297
5.9435697
7.1807833
7.1670523
3.0130775
5.239348
7.2971773
4.1666403
7.2327523
7.1735477
7.1807833
7.1670523
3.0130775
7.1807833
4.1666403
7.239988
7.1598167
6.6978993
7.1807833
3.0130775
7.19494
7.1670523
4.2973504
7.39772
4.1759996
2.6029403
4.1897306
7.21781
7.1670523
6.6841683
7.1807833
7.1670523
4.1759996
7.21781
3.0130775
7.1670523
7.1670523
7.1670523
4.1666403
7.239988
6.2062354
6.2199664
7.1735477
4.1897306
7.2105746
3.0268083
7.1598167
4.1803713
6.6318607
7.1807833
3.0130775
7.1670523
6.8726544
3.4306083
7.249384
3.0130775
7.249384
6.8726544
3.1555736
7.1807833
7.1670523
7.1670523
6.1604376
7.1807833
4.1666403
6.6318607
7.1735477
7.1807833
7.1670523
4.1666403
7.239988
6.2062354
7.1807833
5.713045
3.115757
7.1670523
5.9298387
6.9234123
4.715991
6.2509193
4.3110814
7.103322
5.9435697
7.1670523
4.1759996
5.631143
5.762203
6.403067
7.1807833
4.1666403
5.653321
5.762203
5.7335825
5.029778
7.1911974
7.1670523
5.9298387
3.0130775
7.1807833
7.1670523
3.0130775
6.9234123
7.1807833
7.1670523
7.1670523
6.6841683
7.1807833
7.1670523
3.0130775
7.1670523
7.1670523
7.1670523
7.1670523
7.1670523
6.8726544
7.2105746
4.1803713
5.2985525
7.2971773
7.1670523
3.0130775
7.1807833
4.1759996
5.631143
7.2162104
7.1670523
3.0130775
7.1950088
6.6841683
6.060141
6.902603
6.329227
6.915177
7.1807833
3.0130775
7.290008
7.255239
7.1807833
4.1666403
6.6318607
7.2331753
6.4755635
7.2278123
6.8726544
7.302313
7.1735477
7.1735477
5.969912
7.233487
3.0130775
7.1807833
7.1598167
7.1807833
5.225617
7.289942
7.1735477
7.1807833
7.1598167
7.1670523
7.1670523
4.573495
7.211736
4.5667963
5.9427
7.2162104
4.1666403
7.239988
7.1670523
3.0130775
7.1735477
3.0268083
4.1759996
5.631143
7.2162104
4.1666403
6.3884315
4.506431
5.631143
7.2162104
3.0130775
7.21781
7.1670523
3.0130775
7.1670523
4.1666403
7.239988
6.2062354
7.1807833
3.0130775
7.21781
3.0130775
6.132743
4.1897306
7.21781
5.9298387
7.2229266
7.1670523
7.1670523
4.1666403
6.94559
5.904775
7.1807833
6.119012
5.594116
7.2162104
3.0130775
7.21781
3.0130775
5.762203
5.0407577
7.890858
7.1670523
7.1598167
7.1735477
7.1807833
7.1670523
4.4585123
5.6758075
5.762203
5.7335825
7.269732
4.1666403
7.239988
7.1598167
7.1807833
7.1670523
7.1598167
7.1807833
3.4168775
7.249384
7.1670523
3.0130775
7.1598167
4.3110814
7.3904843
4.1803713
5.2985525
7.2971773
4.1759996
7.21781
6.8726544
6.8266644
7.1807833
7.1670523
3.0130775
5.368113
7.2971773
7.1670523
4.1666403
5.2985525
7.2971773
4.1759996
6.734926
7.1735477
7.1807833
4.1666403
7.239988
6.558925
6.946013
7.1807833
5.225617
5.84317
6.5645123
7.1807833
7.1598167
6.6978993
4.961639
6.119012
4.297112
7.2327523
6.3962607
7.2138476
7.1598167
3.0268083
4.573495
6.603609
4.5805273
4.7363524
7.2360053
5.683073
7.4086742
3.0130775
6.001829
6.4489646
4.2134356
6.757104
7.1735477
7.1807833
4.1666403
7.2327523
7.1807833
7.1670523
6.6841683
7.1735477
7.1735477
5.594116
5.762203
7.180354
4.1803713
7.239988
7.1670523
7.1670523
3.0130775
7.275574
7.1670523
5.628701
4.213393
7.239988
4.1666403
7.2327523
4.1803713
7.2327523
7.1807833
3.0130775
6.7895927
7.1807833
4.1666403
7.239988
4.1759996
7.21781
4.2973504
7.39772
3.0130775
4.1759996
7.21781
4.2973504
7.39772
7.1670523
6.8726544
4.1803713
7.239988
7.1670523
4.1666403
7.2327523
5.239348
7.2971773
3.0130775
7.1670523
4.1666403
7.239988
6.8726544
3.0268083
6.572656
6.3962607
7.1807833
6.315496
3.1582894
7.2162104
3.0130775
7.1598167
7.1807833
4.1666403
7.2327523
7.1807833
4.5667963
3.9760242
6.963258
7.302313
7.1807833
7.1670523
4.573495
7.211736
6.6841683
7.1807833
7.1670523
5.7800136
4.6959767
1.9095278
5.580385
5.762203
7.180354
7.1807833
7.1670523
4.1759996
7.21781
4.1666403
6.757104
7.262256
6.119012
4.1803713
6.233373
5.239348
7.2971773
4.1759996
7.21781
7.1670523
7.1670523
3.0130775
3.0130775
3.431804
7.226749
3.3252456
7.2339845
3.3115149
7.2339845
3.0130775
7.1670523
7.1670523
7.1670523
3.0130775
6.6841683
7.1807833
3.0130775
3.0130775
4.2586584
3.0925322
7.1670523
3.0130775
4.2227526
6.9234123
3.0268083
7.1807833
4.1759996
7.21781
4.1666403
6.1919475
7.1877046
7.1735477
3.0268083
4.1666403
5.2985525
5.7105103
5.762203
7.1875896
6.119012
4.1897306
7.21781
4.1666403
7.239988
6.8726544
4.1803713
7.239988
5.798504
6.9062104
4.1803713
7.239988
3.4168775
7.249384
7.1670523
4.2973504
7.39772
3.0130775
7.1670523
7.1670523
7.1670523
7.1670523
3.0130775
7.1911974
4.1666403
7.239988
3.0130775
4.1666403
7.239988
7.1670523
3.0130775
6.366254
4.1803713
6.4554653
6.0279365
7.2138476
4.2973504
7.3904843
7.1735477
5.594116
7.208975
4.1803713
7.2327523
7.1807833
7.1670523
7.1670523
5.225617
5.7105103
6.7333264
7.5819244
3.0268083
5.239348
7.2971773
4.1666403
7.239988
4.1666403
7.239988
3.0130775
4.1759996
7.21781
5.713045
7.1875896
4.1666403
5.2985525
7.2971773
3.0130775
7.1670523
6.558925
3.0268083
5.225617
6.68905
5.726776
7.1875896
3.0130775
7.275574
4.1666403
6.757104
7.1807833
4.947908
3.0130775
7.1670523
5.9298387
7.1807833
7.1670523
7.1670523
4.1666403
6.1919475
7.19494
7.1598167
6.2199664
6.132743
3.0268083
5.726776
7.1875896
6.0811954
5.659948
5.762203
7.1875896
4.1666403
7.239988
5.713045
7.1875896
3.0130775
6.572656
4.1897306
6.9234123
6.6978993
4.1803713
7.2327523
7.1735477
5.9435697
7.1670523
6.8863854
7.1807833
4.1666403
7.2327523
4.1803713
7.2327523
6.4755635
3.065637
4.367711
7.103322
6.8863854
4.1897306
7.21781
4.1666403
6.4554653
6.0279365
7.1753783
7.1807833
5.905003
7.1861086
3.4306083
7.2421484
3.0268083
7.1735477
7.1807833
4.4276857
7.8777566
6.6841683
3.0268083
6.68905
5.726776
7.1875896
4.1666403
7.239988
5.435866
5.611579
5.762203
2.728482
7.1735477
6.4755635
6.9653373
7.1807833
3.0130775
4.3110814
7.103322
4.1803713
7.239988
4.1759996
7.21781
4.2973504
7.39772
4.1666403
7.239988
5.251633
3.0495558
4.1897306
7.2105746
7.1735477
4.1803713
7.2327523
7.1807833
7.1670523
7.1670523
7.1670523
6.2062354
7.1807833
4.1666403
7.239988
7.1670523
7.1670523
5.713045
7.1875896
7.1670523
7.1598167
5.265364
3.0495558
5.905003
3.0393696
6.2062354
6.604654
7.2278123
6.3825297
4.1897306
6.366254
4.3442225
7.239988
6.8726544
6.3962607
7.1807833
7.1670523
3.0130775
6.6057205
7.1807833
4.1666403
4.5230193
6.590324
7.1807833
7.1670523
4.1666403
5.653321
7.2162104
4.2973504
7.39772
3.4168775
7.249384
4.1666403
6.233373
4.3877687
6.627878
7.1807833
7.1670523
7.1670523
7.1670523
7.1670523
7.1670523
3.4168775
7.249384
3.0130775
6.8142934
7.1807833
3.4168775
7.249384
3.0130775
5.905003
3.0393696
4.1803713
7.239988
4.1666403
7.239988
4.1666403
7.239988
6.4618325
3.065637
6.8726544
5.368113
6.8142934
6.572656
7.446082
7.1670523
4.1759996
2.6029403
7.1598167
6.572656
4.1803713
7.239988
7.1670523
7.1670523
4.2973504
7.39772
4.190661
7.418631
4.1803713
7.239988
7.1670523
7.1670523
3.0130775
7.1807833
7.1670523
5.435866
5.611579
7.2162104
6.119012
4.1897306
4.3481083
7.39772
4.1666403
6.534768
7.259735
7.1670523
7.1670523
4.2973504
7.39772
3.0130775
4.1666403
7.239988
6.558925
6.946013
7.1807833
5.225617
5.84317
6.5645123
7.1807833
7.1598167
6.6978993
4.1803713
7.239988
6.6841683
7.1807833
7.1670523
5.225617
4.2967653
7.2327523
7.1807833
7.1670523
4.1666403
7.239988
7.1670523
6.6841683
7.1807833
5.9298387
6.572656
3.0268083
5.659199
6.0379558
6.6978993
7.1807833
3.0130775
3.4306083
6.4648614
7.1807833
7.1670523
3.0130775
7.1598167
6.572656
6.087564
7.206612
3.0268083
6.667447
7.1807833
4.573495
6.2509193
4.3110814
7.39772
6.4618325
6.934865
4.1803713
3.2400136
5.9613805
6.1395493
7.1807833
4.5667963
1.9095278
3.0130775
5.594116
6.9218125
4.1803713
7.239988
3.0130775
7.1670523
5.580385
5.762203
5.0407577
3.7368832
7.2421484
7.1735477
7.1807833
4.1759996
6.734926
3.1082816
4.1759996
2.6029403
5.703848
4.239819
8.026758
6.315496
6.572656
6.8863854
4.1803713
7.239988
6.558925
7.240411
7.1670523
7.1670523
4.1666403
6.94559
6.7014213
6.757527
3.1082816
6.6841683
4.1803713
3.2723477
6.243104
7.2138476
6.8726544
7.1807833
6.315496
4.218522
4.0562763
7.2576556
7.1670523
7.1670523
3.0130775
4.3740377
7.2360053
3.0130775
7.302313
4.1803713
7.2327523
7.1735477
3.4306083
7.249384
7.1670523
3.0130775
7.255239
7.1807833
7.1598167
3.0268083
7.1807833
6.558925
7.1807833
7.1670523
5.435866
5.611579
7.2162104
7.1670523
4.1666403
7.239988
7.1670523
6.558925
5.093579
4.890446
7.239988
7.1670523
3.0130775
7.1807833
6.119012
4.1803713
6.233373
5.239348
5.7105103
5.762203
7.1875896
6.119012
4.1897306
7.21781
4.1666403
7.239988
5.798504
6.9062104
4.1803713
7.239988
3.4168775
7.249384
7.1670523
4.2973504
7.39772
3.0130775
7.21781
3.0130775
4.0562763
7.2576556
7.1670523
6.558925
4.1803713
5.7859807
6.975334
7.3095484
4.1666403
5.4696436
6.629286
7.240411
7.1598167
7.1807833
7.1670523
4.1759996
6.3081965
6.9844017
4.1803713
7.2327523
7.1807833
6.3825297
3.0268083
7.2162104
4.1666403
7.2327523
4.1897306
5.631143
7.208975
5.594116
7.2162104
5.580385
7.2162104
5.580385
7.2162104
7.1670523
3.0130775
7.2971773
7.1670523
3.0130775
7.1670523
7.1670523
7.1670523
6.6841683
5.265364
3.0495558
5.225617
6.68905
5.726776
7.180354
7.1807833
3.0130775
5.631143
5.762203
7.1875896
7.1670523
4.1666403
7.2327523
7.1735477
4.1897306
7.21781
3.0130775
7.21781
3.4168775
7.249384
3.0130775
6.597872
6.4558883
6.572656
7.446082
4.1759996
6.16977
3.143549
6.609683
6.955241
7.0151505
4.1803713
6.94559
4.918552
6.996117
4.1897306
6.609683
3.0956643
5.239348
6.68905
5.726776
7.1875896
3.0130775
7.1807833
3.0130775
5.9435697
6.8142934
7.1807833
7.1670523
3.0130775
6.2199664
7.1735477
7.1735477
3.4306083
7.249384
3.0130775
7.1807833
6.8726544
4.3110814
7.3904843
3.0268083
7.1670523
4.1759996
5.763803
5.3282967
7.2971773
7.1670523
7.1670523
7.1670523
4.1759996
7.21781
6.8726544
7.1807833
6.6978993
3.0268083
7.1807833
5.683073
7.4014387
4.1803713
5.4696436
6.629286
7.240411
6.4618325
7.259735
4.1666403
3.2731566
7.316816
7.1807833
6.558925
3.086436
7.39772
3.0130775
3.0130775
4.5543227
7.198451
4.1666403
2.3974364
5.6803846
5.762203
7.1875896
3.0130775
7.1807833
4.1666403
7.2327523
4.1803713
7.239988
6.8726544
6.525026
7.2138476
7.1670523
4.1666403
7.239988
6.8726544
4.918552
7.2832794
6.8863854
3.0268083
7.1598167
7.1807833
7.1670523
4.1666403
7.2327523
7.1807833
3.0130775
7.1670523
4.1666403
5.653321
6.6080832
6.0775337
7.2006083
3.0130775
3.0268083
3.0130775
5.762203
7.1875896
7.1670523
4.1666403
5.653321
5.762203
7.1875896
7.1670523
3.0130775
7.0027795
4.3091364
7.239988
4.1666403
7.239988
3.0130775
7.1807833
6.6841683
3.0268083
7.1807833
6.8726544
3.0268083
7.1670523
7.1670523
4.1666403
6.757104
5.726776
7.269732
7.1598167
7.1807833
4.1666403
7.239988
6.6841683
7.1807833
6.558925
6.837955
4.2134356
7.239988
7.1670523
4.1666403
7.239988
7.1670523
4.1666403
7.239988
7.1670523
3.0130775
7.2683387
7.1735477
3.0268083
4.1666403
7.239988
7.1670523
3.0130775
7.1735477
7.1807833
6.4618325
6.6978993
6.572656
6.0124254
7.1670523
3.0130775
6.68905
5.726776
7.1875896
4.1666403
7.239988
5.713045
7.1875896
3.0130775
7.3904843
7.1807833
7.1670523
7.1598167
6.4755635
4.218522
7.21781
4.1666403
7.239988
4.1759996
7.21781
6.315496
7.1735477
7.1807833
3.0130775
7.1670523
4.1759996
7.21781
4.1666403
7.2327523
6.8863854
5.239348
7.2971773
4.1759996
7.21781
6.558925
7.446082
6.315496
4.4853916
6.590324
7.1807833
4.1666403
5.653321
7.2162104
4.2973504
7.39772
4.1666403
7.239988
3.0130775
7.1670523
7.1670523
5.713045
7.269732
4.1759996
7.21781
3.4168775
7.249384
4.2973504
7.39772
3.0130775
7.1670523
4.1759996
7.21781
3.0130775
4.1666403
7.239988
7.1670523
7.1670523
7.1670523
7.1670523
6.8726544
6.572656
7.1807833
7.1670523
6.8726544
7.1807833
5.9298387
7.1670523
4.1787114
7.205773
7.1670523
3.0130775
7.2105746
6.6978993
6.6978993
6.3962607
7.1735477
7.1807833
3.0130775
6.3825297
3.059873
7.1598167
5.594116
7.2162104
4.1759996
7.21781
4.1666403
7.239988
5.713045
7.1875896
7.1670523
5.225617
5.84317
7.269732
4.1666403
7.239988
7.1670523
3.0130775
4.4414167
7.8777566
5.594116
7.2162104
6.8726544
4.1897306
6.2111955
7.1807833
4.1666403
6.6318607
7.1735477
7.1807833
7.1670523
4.1666403
7.2327523
7.1807833
4.1666403
7.239988
6.558925
7.1807833
7.1670523
6.1604376
7.1735477
6.572656
5.9435697
7.289942
7.1807833
7.1598167
4.1803713
7.239988
3.4168775
7.249384
7.1670523
7.1598167
7.1735477
7.1735477
3.0268083
5.956181
6.16817
4.1803713
5.653321
6.431688
4.5805273
3.9760242
7.2576556
3.4168775
7.249384
7.1670523
7.1670523
6.119012
3.0268083
6.3962607
7.1735477
7.1807833
3.0130775
6.8863854
6.8863854
7.0151505
3.0268083
5.7800136
5.7095656
5.762203
7.1875896
4.1666403
5.653321
5.762203
6.893192
4.1803713
2.3974364
5.6803846
5.762203
7.1875896
3.0130775
7.1807833
7.1598167
4.1803713
6.94559
7.1807833
4.904821
7.290515
5.580385
5.762203
5.0407577
6.9300413
6.6978993
7.1807833
4.1666403
7.239988
7.1670523
4.1666403
7.239988
7.1670523
7.1670523
7.1670523
6.558925
5.726776
5.0407577
4.8998055
7.21781
7.1598167
6.572656
7.1807833
3.0130775
7.1670523
7.1598167
4.4414167
7.8777566
4.1666403
7.2327523
7.1735477
7.1807833
7.1670523
3.0130775
3.025824
4.1759996
4.5543227
7.198451
3.4168775
7.249384
6.558925
7.1807833
3.0130775
7.1807833
7.1670523
4.1666403
6.1919475
7.19494
7.1598167
6.2199664
6.132743
3.0268083
7.1598167
4.1897306
7.21781
3.0130775
7.21781
7.1670523
7.1598167
7.1807833
4.3740377
7.2360053
7.1670523
7.1670523
3.0130775
4.3481083
7.103322
4.1897306
7.21781
4.1666403
6.757104
7.262256
4.1666403
4.202875
6.5353746
7.259735
7.1670523
4.1666403
6.4554653
4.3110814
7.39772
6.8726544
4.4398465
7.39772
5.225617
7.2971773
4.1759996
2.6029403
4.34258
6.1227274
7.182614
7.1670523
3.0130775
7.1598167
6.572656
3.0268083
4.4702516
7.2360053
7.1670523
6.8726544
7.1807833
6.8726544
5.239348
7.2971773
7.1670523
7.1670523
4.1666403
5.653321
7.2162104
7.1670523
4.1666403
7.239988
4.1787114
6.911375
3.0268083
6.6978993
4.1803713
7.239988
4.1666403
7.239988
4.1666403
6.3303742
7.279415
4.1666403
7.239988
4.1666403
6.94559
7.1807833
5.7800136
3.1422582
7.709398
7.1670523
3.0130775
6.226571
7.1807833
5.580385
5.762203
5.0407577
4.8998055
7.21781
3.0130775
7.1735477
7.1807833
3.0130775
7.21781
7.1670523
7.1670523
7.1598167
5.594116
7.2162104
7.1735477
5.594116
5.762203
7.180354
7.1807833
3.0130775
7.1598167
3.0268083
4.2586584
3.0925322
5.762203
7.1875896
7.1670523
4.1666403
7.2327523
7.1807833
7.1670523
4.1759996
6.734926
7.1807833
3.0130775
5.713045
6.5794625
6.132743
4.1897306
7.21781
4.1666403
5.653321
5.762203
7.1875896
3.0130775
4.203119
6.1919475
7.19494
7.1670523
3.0130775
7.1807833
7.1670523
7.1670523
5.628701
7.213805
4.1759996
7.21781
4.1666403
6.6318607
3.0268083
6.535191
7.2278123
7.1670523
7.1598167
2.950957
4.0562763
7.2576556
7.1670523
4.1666403
7.2327523
7.1807833
5.9298387
7.1670523
4.1666403
5.2985525
7.2971773
3.0130775
6.8726544
7.1735477
7.1735477
4.1803713
7.239988
7.1670523
4.947908
6.2062354
7.1735477
7.1807833
7.1670523
7.1598167
4.1803713
6.94559
7.1735477
4.3110814
7.39772
6.3825297
6.4755635
4.389609
7.275574
5.881511
6.743459
5.726776
7.1875896
4.1759996
7.2105746
3.0268083
6.6978993
6.8863854
6.8863854
5.594116
6.6080832
7.1807833
7.1670523
4.1759996
7.21781
3.0130775
7.1912155
7.1735477
7.1807833
7.1670523
3.0130775
7.1807833
5.580385
5.762203
4.26932
6.6318607
5.7864037
6.661605
5.093579
7.890858
7.1670523
7.1670523
3.879952
3.025824
4.4853916
7.1807833
5.9298387
4.1803713
5.068681
4.368546
4.661758
5.893641
3.0358155
4.5489764
6.251041
7.1735477
7.1807833
4.1666403
6.1919475
7.19494
7.1670523
6.558925
3.0268083
7.1670523
7.1598167
5.969912
3.0268083
6.8726544
6.8863854
7.1807833
4.2973504
4.5595164
7.275574
7.1598167
7.1807833
6.1604376
4.320222
2.6029403
7.203921
7.1670523
7.1670523
3.0130775
5.594116
4.239819
4.5489764
7.2576556
7.1670523
7.1670523
4.1666403
7.239988
3.0130775
4.4276857
7.8777566
7.3112745
3.0130775
6.9234123
4.4414167
7.8777566
7.1670523
7.1670523
4.4276857
7.8777566
3.879952
3.025824
5.594116
5.762203
4.317888
6.7895927
7.1735477
7.1807833
3.0130775
7.3904843
5.726776
7.1875896
4.1666403
3.2400136
5.9613805
7.1875896
4.1666403
7.239988
7.1670523
7.1670523
3.0130775
7.1807833
5.9298387
7.21781
4.1666403
7.239988
7.1670523
4.1666403
7.239988
6.558925
5.9435697
7.39772
3.0130775
6.3962607
7.1807833
4.1759996
7.21781
7.1670523
4.2973504
7.39772
4.1759996
4.2267575
5.9805965
7.1807833
7.1670523
5.713045
5.7335825
3.115757
7.1670523
4.1666403
7.239988
7.1670523
3.0130775
3.0130775
5.809259
6.5794625
7.1735477
4.1803713
5.653321
5.762203
6.277976
7.1807833
3.0130775
4.1803713
6.4554653
7.1807833
6.558925
3.086436
7.1670523
4.922048
3.0130775
7.1670523
4.1666403
7.239988
7.1670523
3.0130775
3.0268083
6.8726544
4.1803713
7.239988
7.1598167
3.0268083
4.2686825
4.3481083
7.39772
3.0130775
7.1735477
7.1807833
7.1670523
4.328849
7.275574
4.1759996
7.21781
7.1598167
5.9435697
6.8863854
3.0268083
7.1735477
4.1897306
5.631143
6.9218125
7.1807833
3.0130775
7.1807833
7.1598167
7.1807833
3.0130775
7.205999
5.628701
5.845257
4.1952004
7.21781
3.0130775
6.8726544
4.1897306
7.21781
7.1670523
7.1598167
6.2199664
3.0268083
6.1604376
6.8283906
7.1807833
4.1759996
7.2105746
6.8863854
7.1807833
4.1666403
7.239988
6.6841683
6.572656
4.1897306
7.2105746
3.0268083
7.21781
7.1670523
5.7800136
7.7413497
5.726776
7.269732
7.1670523
7.1598167
4.1803713
6.279171
5.594116
5.762203
6.893192
6.572656
7.1807833
4.1666403
7.2327523
7.1807833
5.580385
5.9306693
7.3515863
6.119012
5.9435697
7.275574
5.956181
7.1807833
7.1670523
7.1670523
7.1598167
7.1735477
6.6978993
4.1897306
7.21781
6.0811954
7.246615
7.1670523
5.9298387
7.1670523
7.1670523
6.1604376
7.1735477
5.9435697
5.2625413
6.896441
4.986616
4.5904675
7.2327523
7.1807833
7.1670523
6.8726544
7.1735477
4.1803713
7.2327523
7.1807833
7.1598167
6.6978993
4.1803713
7.239988
7.1670523
3.0130775
5.239348
7.2971773
7.1670523
6.0811954
7.246615
7.1598167
5.239348
7.2971773
6.3825297
6.8863854
6.329227
4.4722433
6.6543474
7.240411
7.21781
5.225617
5.84317
7.2624965
7.1735477
5.969912
6.119012
4.1803713
7.239988
6.8726544
6.8863854
3.0268083
7.1598167
7.1807833
7.1670523
7.1670523
6.6841683
5.9435697
3.0130775
3.0268083
6.8863854
4.1803713
7.239988
3.4168775
7.2421484
3.0268083
7.1670523
7.1670523
7.1670523
3.0130775
7.206612
7.1807833
7.1670523
5.905003
5.2459526
7.289942
7.1807833
7.1670523
7.1670523
7.1670523
7.1670523
5.762203
2.728482
6.2279997
2.4611259
6.904053
6.572656
7.1735477
7.1735477
6.4755635
7.220577
6.572656
3.0268083
5.9298387
4.249358
4.617554
3.9760242
7.25042
4.1803713
7.239988
7.1670523
3.0130775
4.4414167
7.8777566
6.558925
7.1807833
3.0130775
6.0949264
3.0986044
4.322001
5.811053
5.762203
6.893192
7.1807833
4.1759996
4.0562763
7.2576556
3.0130775
7.1670523
4.1666403
7.239988
4.1759996
7.21781
7.1598167
7.1807833
6.2062354
3.155899
6.6841683
6.572656
6.572656
6.572656
4.1803713
7.2327523
5.449597
5.611579
6.6080832
7.1735477
6.0949264
6.7696953
7.1735477
5.969912
7.2971773
5.798504
5.975382
7.1670523
7.1598167
4.1803713
7.239988
7.1670523
7.1670523
3.0130775
6.329227
6.504355
7.262256
4.1666403
7.239988
6.6841683
7.1807833
4.1759996
7.21781
3.0130775
7.1670523
6.119012
6.234123
5.239348
7.2971773
4.1759996
7.21781
7.1670523
4.1666403
7.239988
7.1598167
3.716832
7.1950088
7.1670523
7.1670523
4.1666403
7.239988
5.9298387
7.2971773
4.1759996
6.16977
4.1803713
5.000034
7.183962
7.1807833
7.1598167
7.1807833
7.1670523
6.8726544
7.1807833
4.1759996
7.21781
5.580385
1.3624244
7.242259
7.1598167
4.4414167
7.8777566
6.6978993
7.1735477
5.969912
7.2971773
7.1598167
7.1807833
7.1670523
7.1670523
6.8726544
4.4414167
7.8777566
6.3825297
7.2138476
5.969912
7.2105746
5.969912
3.0130775
7.1670523
7.3904843
7.1807833
6.3825297
6.253031
7.1735477
7.1807833
5.956181
6.8863854
4.1897306
7.21781
6.558925
7.446082
4.4716606
7.1807833
7.1670523
3.0130775
7.1735477
7.1735477
7.1807833
3.3115149
5.0871525
3.7368832
7.1807833
7.1670523
7.1807833
3.0130775
7.297524
7.1670523
7.1670523
7.1670523
3.0130775
7.1735477
7.1807833
4.9270983
4.2358093
3.0925322
6.8726544
7.1807833
6.6841683
3.0268083
7.249384
3.0130775
6.558925
3.0268083
7.289942
3.4306083
7.249384
3.0130775
5.7105103
7.208975
7.1807833
7.1670523
4.1759996
6.4332876
6.572656
7.3784876
4.1666403
6.4554653
7.1807833
6.8726544
6.2199664
6.8863854
4.1803713
6.4554653
7.1807833
7.1670523
4.1759996
5.763803
5.029778
7.1911974
4.1666403
6.94559
7.1735477
7.1735477
3.0268083
7.249384
3.0130775
7.1807833
6.8726544
5.7711973
4.2227526
7.21781
3.0130775
4.2192
7.239988
4.1759996
7.21781
7.1670523
7.1670523
3.0130775
7.1735477
6.6978993
4.1897306
7.21781
4.1666403
7.239988
7.1670523
3.0130775
6.8967996
7.1807833
6.8726544
3.0268083
3.0130775
6.364654
5.7255974
6.431688
4.587226
6.2509193
4.3110814
7.39772
4.5667963
1.9095278
6.329227
6.726691
4.1803713
7.239988
7.1670523
4.1759996
6.734926
6.4755635
7.2733245
3.0268083
6.062002
7.193344
7.1670523
7.1670523
4.5667963
6.2921534
7.1598167
6.6978993
7.1807833
6.0811954
6.285798
5.642432
4.213393
5.2985525
7.2971773
7.1670523
7.1670523
7.1598167
7.1735477
5.969912
3.0268083
6.558925
6.9811764
4.1803713
7.239988
7.1670523
6.3825297
6.8863854
7.219612
4.1803713
5.653321
4.239819
3.8727832
3.0268083
4.1666403
7.239988
7.1670523
7.1735477
6.2199664
6.3962607
2.3520122
7.1807833
6.3825297
5.8380275
7.1735477
4.34258
7.275574
5.628701
7.213805
3.0130775
7.1670523
7.1670523
7.1670523
4.1759996
7.2105746
5.969912
5.811053
5.762203
5.0407577
7.890858
3.0130775
7.1670523
3.0130775
7.2162104
4.1666403
7.239988
7.1670523
4.1666403
5.9779387
7.193344
3.0130775
4.0562763
7.2576556
6.6841683
6.3962607
5.594116
5.762203
7.1875896
7.1670523
4.1666403
5.8352146
4.1936827
5.8352146
5.844858
7.1801524
6.8863854
7.1807833
4.1666403
2.563988
6.3046246
3.04012
5.225617
7.289942
5.969912
7.21781
7.1598167
5.969912
3.065637
7.1670523
7.1598167
6.6978993
4.4414167
7.8777566
4.328849
7.275574
6.558925
7.1807833
7.1598167
5.969912
7.269732
6.558925
4.1803713
6.6318607
4.1897306
6.9234123
7.3095484
7.1670523
6.230886
6.572656
7.1807833
6.3825297
3.059873
7.21781
7.1598167
7.1807833
6.3825297
5.9435697
6.132743
7.297524
5.225617
6.0599637
7.1735477
6.2062354
7.1807833
7.1670523
3.0130775
5.809259
7.1875896
5.580385
5.762203
7.1875896
3.0130775
7.202339
5.969912
6.2574387
7.279415
7.1670523
4.2973504
7.103322
5.8517585
3.9624367
7.249384
3.0130775
7.2105746
7.1735477
4.1803713
6.94559
4.4398465
7.39772
6.8726544
6.6978993
1.9839765
7.198022
3.0268083
5.6978006
6.486573
6.934865
7.1735477
7.1807833
4.1759996
6.5125904
6.934865
4.1803713
6.94559
7.1807833
6.2062354
6.8863854
4.1803713
6.94559
7.1735477
7.1807833
7.1670523
4.1759996
2.6029403
7.1807833
7.1598167
4.1897306
7.2105746
7.1807833
4.2973504
7.39772
4.1666403
6.4554653
7.4504333
6.2199664
6.572656
6.6978993
3.0268083
4.3110814
7.3904843
7.1807833
7.1670523
5.956181
7.1598167
6.8863854
3.4306083
7.2421484
5.969912
7.2262516
3.0268083
7.1807833
7.1670523
6.4618325
7.220577
4.1897306
7.2105746
5.388534
6.4071803
6.4755635
6.2669954
6.2199664
7.1807833
7.1598167
7.1807833
3.0130775
4.2367597
7.21781
7.1598167
3.0268083
3.0268083
2.285057
7.1912155
6.572656
4.239999
7.239988
7.1670523
5.798504
7.2006083
3.0130775
7.2331753
7.1807833
7.1670523
7.1670523
6.6841683
3.0268083
4.34258
6.064703
7.233487
6.8726544
4.204392
7.7323604
7.1807833
7.1670523
5.683073
7.4014387
3.0268083
4.3110814
6.6131973
4.1897306
7.2105746
5.9435697
6.2062354
7.1807833
7.1670523
3.0130775
7.1807833
4.2973504
6.914836
6.8863854
4.1897306
7.2105746
7.1735477
3.0268083
5.762203
7.1875896
3.0130775
4.4749327
7.39772
7.1735477
5.969912
5.956181
6.586813
6.757527
7.1807833
6.315496
7.2095747
7.1670523
7.1598167
5.969912
3.1582894
6.776851
7.1735477
7.1807833
7.1670523
6.6841683
7.262256
7.1598167
3.0268083
7.1807833
4.1666403
7.239988
5.628701
4.2227526
6.366254
4.3442225
7.239988
7.1670523
4.1108584
4.3089504
1.9271958
5.956181
7.1598167
4.3110814
5.9437127
7.180354
7.1735477
7.1807833
6.6841683
3.4351854
7.289942
4.1803713
7.239988
6.6841683
7.21781
4.2973504
7.3904843
3.716832
6.5868816
7.2331753
4.1803713
7.239988
7.1670523
4.1666403
7.239988
7.1670523
3.0130775
3.1555736
3.0268083
6.329227
7.1735477
6.8863854
4.1803713
6.3884315
7.2095747
7.1670523
6.3825297
3.3477688
7.249384
7.1670523
7.1598167
3.0268083
7.2095747
4.1666403
5.9779387
7.193344
6.4618325
6.6978993
3.0268083
7.290008
4.573495
7.211736
6.3825297
7.1670523
4.1666403
7.2327523
7.1807833
3.0130775
7.1598167
7.1807833
5.9298387
2.8933616
7.21781
3.0130775
7.1735477
5.7937446
8.224234
6.3825297
7.21781
4.1666403
7.239988
7.1670523
4.328849
6.7926903
7.1807833
5.628701
2.8102663
7.1735477
5.969912
6.8726544
5.594116
5.762203
7.1875896
4.1666403
7.2327523
4.34258
7.275574
6.8726544
6.572656
7.1735477
7.1807833
4.1759996
7.21781
5.628701
2.8102663
7.21781
4.408031
7.2229266
3.4168775
6.7665
4.1897306
7.2105746
7.1807833
3.0130775
4.4716606
6.7295227
7.1807833
6.8726544
7.1735477
3.0268083
4.1666403
5.6649055
7.185997
4.1666403
7.239988
3.0130775
7.1670523
3.0130775
6.9005423
7.1735477
7.1807833
3.0130775
4.573495
5.270301
7.2971773
4.5667963
3.9760242
6.963258
7.262256
7.1598167
7.1807833
7.1598167
3.0268083
4.34258
7.275574
6.2574387
6.329227
7.2095747
7.1670523
7.1670523
3.0130775
6.734926
3.0268083
6.8863854
7.1807833
6.2062354
7.1807833
4.1666403
5.9779387
7.1801524
7.1735477
4.1803713
7.2327523
7.1807833
6.6841683
7.1807833
4.573495
6.9173384
7.1735477
7.1807833
6.558925
7.1735477
4.5805273
1.9095278
7.39772
7.1598167
4.1897306
6.9234123
5.997956
6.8863854
4.4398465
7.39772
4.1666403
6.1919475
7.1877046
7.1735477
7.1807833
4.1666403
7.239988
7.1670523
3.0130775
5.276375
7.2971773
7.1598167
5.969912
4.342136
3.0925322
7.1670523
7.1670523
4.1759996
7.21781
4.1666403
2.563988
0.15183553
6.567252
7.2278123
5.817816
7.187388
6.2062354
6.6978993
5.239348
7.2971773
6.3825297
6.91945
4.1897306
7.21781
3.0130775
7.1807833
4.1666403
7.239988
4.2973504
7.39772
3.879952
3.025824
7.1670523
7.1598167
6.6978993
7.1807833
4.1666403
7.2327523
7.1807833
7.1670523
3.0130775
3.0653732
6.2062354
7.1807833
7.1598167
5.969912
6.3825297
7.2138476
7.1670523
7.1670523
4.1666403
7.2327523
7.1807833
7.1670523
7.1670523
3.0130775
4.1666403
7.239988
7.1670523
4.1666403
7.2327523
7.1807833
7.1670523
4.1666403
7.239988
7.1670523
6.558925
7.1807833
4.1666403
6.757104
5.239348
7.2971773
7.1670523
4.1759996
7.21781
6.3825297
5.918734
7.193344
7.1670523
3.0130775
7.1807833
7.1670523
7.1670523
7.1670523
4.9270983
7.1911974
6.558925
7.1807833
4.1666403
7.2327523
7.1807833
7.1670523
3.0130775
3.0925322
6.8863854
7.1807833
6.8726544
6.572656
5.6537437
5.762203
7.180354
7.1807833
4.1666403
6.94559
7.1735477
6.8863854
5.8729563
6.572656
4.249358
7.21781
6.6841683
7.1807833
7.1670523
7.1598167
7.1735477
6.6978993
3.0268083
7.1735477
7.1735477
7.1735477
7.1807833
3.0130775
6.5976458
7.240411
3.0130775
6.3962607
5.642432
7.342738
6.558925
6.946013
7.302313
3.0268083
7.1670523
6.3825297
4.5053077
7.255239
7.1735477
5.594116
4.239819
3.8727832
7.39772
7.1670523
6.8726544
5.594116
7.2162104
7.1670523
4.1666403
2.563988
5.9171486
7.191703
7.1670523
3.0130775
4.3481083
5.811053
5.732231
6.8252945
6.3962607
4.1897306
7.21781
4.573495
6.603609
7.1735477
3.9158874
2.4510024
7.21781
4.2973504
5.811053
5.732231
6.8252945
4.1897306
5.9805965
6.572656
7.446082
5.225617
7.289942
1.5068533
7.314845
6.8726544
6.572656
7.240411
7.1670523
3.4168775
7.249384
4.1666403
7.239988
5.225617
6.8142934
4.204392
8.026758
7.1598167
6.8863854
4.1897306
5.763803
4.26932
6.94559
7.3095484
6.8726544
5.239348
6.8142934
4.204392
8.026758
7.1598167
6.3962607
4.222795
5.763803
4.570182
7.7021623
7.1735477
7.1807833
4.1759996
6.9234123
4.1803713
2.563988
7.709398
7.1670523
3.0130775
5.594116
6.6080832
7.2331753
6.3962607
7.1807833
4.1666403
6.3884315
6.915177
7.1735477
7.1807833
4.947908
4.8433995
3.1183162
6.8726544
6.8863854
7.1807833
7.1598167
7.1807833
7.1598167
5.969912
1.4940088
7.1807833
7.1670523
7.1670523
5.9298387
7.1807833
7.1670523
7.1670523
7.1598167
5.969912
7.1807833
3.0130775
7.1670523
7.1670523
7.1670523
7.1670523
3.0130775
4.2071934
5.631143
7.2162104
3.0130775
5.763803
7.269732
7.1670523
4.922048
4.489061
4.1666403
6.6318607
7.240411
7.1670523
6.6841683
7.1735477
3.0268083
4.1803713
7.239988
7.1670523
5.9298387
7.2196326
4.1897306
7.21781
7.1598167
6.572656
4.1803713
7.239988
3.4168775
7.2421484
6.3962607
7.1807833
6.8726544
7.302313
7.1735477
7.1735477
4.1803713
6.1919475
7.1877046
6.6978993
5.239348
5.84317
6.403067
7.1807833
4.1759996
7.21781
7.1598167
6.572656
3.0268083
4.1666403
7.239988
7.1598167
4.1803713
4.2692246
3.084677
4.573495
7.211736
5.225617
7.2971773
4.5667963
1.9095278
7.1807833
3.0130775
7.1670523
4.456789
7.2827725
7.1735477
3.0268083
6.8726544
7.1807833
3.0130775
7.21781
4.1666403
7.239988
7.1670523
7.1598167
7.1807833
4.1666403
7.239988
5.9298387
5.594116
5.762203
7.1875896
4.5667963
3.9760242
7.2576556
4.1666403
6.94559
3.0268083
7.208975
5.594116
7.2162104
4.1666403
7.239988
4.1666403
6.1919475
4.286929
7.2327523
4.1803713
7.2327523
4.1803713
6.94559
6.6978993
4.4414167
7.8777566
3.3115149
5.0871525
4.890446
7.2327523
7.1807833
7.1670523
7.1670523
3.0130775
4.328849
7.2683387
6.8863854
4.1803713
5.000034
6.8967996
7.1735477
3.0268083
7.21781
4.2973504
5.811053
4.239819
5.318218
2.7993243
3.0130775
7.249384
7.1670523
7.1598167
3.0268083
5.580385
5.762203
2.728482
7.1807833
7.1670523
7.1598167
7.1735477
5.594116
6.9218125
4.1803713
6.1919475
7.1877046
5.594116
5.762203
7.180354
7.1735477
7.1807833
4.1759996
7.21781
7.1670523
6.8726544
5.594116
6.9218125
3.0268083
7.263266
7.1670523
4.1666403
7.239988
4.1666403
6.94559
4.1803713
5.653321
5.762203
7.1875896
3.0130775
5.9823985
5.580385
4.239819
4.552072
7.235478
4.1666403
3.2400136
3.134522
6.6589246
7.240411
6.2062354
3.4306083
7.2421484
7.1807833
3.0130775
3.0822651
7.1670523
3.0130775
6.504355
6.0250425
7.1670523
3.0130775
5.763803
3.115757
7.2421484
4.1803713
7.2327523
7.1807833
7.1598167
6.8863854
6.6978993
4.1803713
7.2327523
7.1807833
4.1666403
6.757104
7.1807833
3.0130775
7.21781
3.0130775
7.1807833
4.1666403
6.6318607
7.1807833
4.1666403
7.2327523
7.1807833
4.1666403
6.94559
7.1807833
5.580385
7.2162104
7.1670523
7.1670523
3.0130775
7.1807833
4.3740377
6.451483
7.1735477
4.3877687
7.2360053
4.3740377
7.2360053
7.1670523
7.1670523
6.3825297
7.1807833
7.1670523
6.4618325
4.259323
7.239988
7.1670523
7.1598167
6.572656
4.1803713
7.239988
6.4618325
4.1803713
7.2327523
7.1807833
7.1670523
4.1787114
7.205773
7.1598167
7.1735477
3.0268083
7.1807833
7.1670523
5.798504
4.185841
7.239988
6.8726544
6.8863854
7.1807833
3.6409025
7.3271327
7.1670523
6.4618325
6.9252143
6.6978993
3.0268083
4.1666403
6.6318607
3.086436
7.1598167
5.594116
6.9218125
3.0268083
5.762203
7.1875896
4.1666403
6.6318607
5.726776
7.269732
7.1670523
3.4168775
7.2421484
6.572656
3.0268083
7.1670523
5.9298387
5.611579
7.2162104
3.0130775
7.1807833
6.3825297
7.1807833
6.2199664
4.4722433
6.9680767
5.25477
7.191703
5.956181
7.21781
4.1666403
7.239988
6.4618325
7.2278123
4.1666403
3.2400136
6.408773
7.0168767
6.8863854
4.1803713
2.563988
4.839696
7.3904843
3.4306083
7.249384
6.8726544
6.8863854
5.594116
5.762203
6.893192
3.0268083
4.1666403
6.757104
7.1807833
7.1670523
4.1666403
7.239988
3.0130775
4.4276857
7.8777566
3.0130775
3.0130775
3.0130775
6.734926
7.1807833
7.1670523
4.2973504
7.103322
6.0279365
6.304234
4.1897306
4.0562763
6.7747717
7.1807833
7.1670523
7.1670523
5.655037
6.253884
6.2199664
7.1807833
7.1598167
7.1807833
7.1670523
3.0130775
7.1807833
5.798504
6.703369
3.0268083
4.2973504
6.914836
7.1807833
7.1670523
7.1735477
7.1807833
3.0130775
5.762203
7.1875896
4.1759996
7.1598167
3.0268083
4.249358
5.8492618
7.1933727
7.1807833
4.1759996
6.734926
3.0268083
4.2973504
6.7895927
7.1807833
7.1670523
7.1670523
6.3825297
7.2138476
6.8726544
7.1807833
7.1598167
6.6978993
3.1082816
7.249384
6.8726544
7.3095484
4.5667963
3.9760242
5.8036485
7.2624965
7.1807833
3.0130775
4.1803713
7.239988
7.1670523
7.1670523
7.1598167
7.1807833
5.762203
7.1875896
4.9270983
7.1911974
5.713045
7.1875896
7.1670523
7.1598167
4.1803713
7.239988
5.225617
7.2971773
5.713045
7.1875896
7.1598167
7.1807833
6.2062354
6.572656
5.726776
5.7335825
3.115757
7.709398
7.1670523
3.0130775
7.290008
7.1735477
6.8863854
7.1735477
4.1803713
7.239988
6.8726544
4.1803713
7.2327523
7.1735477
7.1807833
4.489835
7.205999
6.3825297
6.91945
7.1807833
4.1666403
7.239988
7.1670523
7.1670523
3.0130775
7.1807833
7.1670523
7.1670523
3.0130775
3.0833206
7.21781
6.6841683
4.34258
7.275574
7.1670523
7.1670523
6.558925
6.4394674
7.0168767
4.1803713
7.2327523
7.1807833
7.1670523
4.1759996
7.21781
7.1670523
4.1666403
6.233373
7.1807833
7.1670523
7.1598167
7.1807833
3.0130775
6.132743
4.1897306
7.2105746
6.8863854
7.1735477
4.1803713
5.9779387
7.193344
6.558925
7.1735477
7.1807833
3.4168775
6.641257
4.6530676
7.22877
4.3877687
7.22877
4.3877687
7.2360053
5.683073
7.4014387
3.0268083
5.239348
7.2971773
5.683073
7.4086742
6.6841683
3.0268083
8.436419
7.1598167
4.1803713
6.3303742
7.279415
7.1598167
7.1807833
3.0130775
7.279415
7.1670523
4.1666403
6.6318607
6.0949264
5.659948
5.762203
6.893192
7.1807833
4.1666403
5.2985525
7.2971773
4.1759996
7.21781
6.1604376
7.2036614
7.1670523
7.1670523
7.1670523
6.6841683
4.1897306
7.21781
7.1670523
4.2973504
7.39772
4.1759996
2.6029403
5.763803
7.269732
7.1670523
7.1598167
6.572656
4.1897306
2.6029403
3.0130775
7.1807833
7.1598167
6.572656
4.1803713
7.239988
7.1670523
4.1759996
5.631143
7.2162104
3.0130775
6.954986
4.1803713
2.563988
7.226514
7.1807833
3.0130775
7.2095747
7.1598167
5.9435697
7.1670523
4.4585123
7.2624745
7.1670523
4.1759996
6.006939
7.2140465
5.0202203
7.1063356
3.059873
7.1670523
3.0130775
7.19494
6.6841683
7.1897655
7.1807833
3.0130775
7.1807833
6.6841683
7.1735477
4.1897306
6.4332876
4.587967
6.6131973
6.914836
4.1897306
2.6029403
6.7895927
7.1735477
7.1807833
7.1670523
4.1666403
4.4017844
6.9811764
7.262256
4.1666403
7.239988
7.1670523
7.1670523
4.1666403
6.757104
7.1735477
6.8863854
6.6043286
5.812235
6.572656
3.086436
7.2105746
7.1807833
6.3825297
3.0268083
7.1807833
6.6841683
7.1807833
4.1759996
7.2105746
5.093579
7.890858
4.1666403
4.4276857
7.8777566
4.2267575
7.21781
3.6409025
7.3271327
3.0130775
5.809259
7.1875896
5.580385
5.762203
7.1875896
3.0130775
7.1670523
7.1670523
3.0130775
7.249384
3.0130775
7.1598167
5.831547
7.1801524
7.1807833
7.1670523
6.2062354
6.6978993
7.1807833
3.0130775
7.1807833
7.1670523
4.1666403
7.239988
6.558925
3.0268083
5.762203
7.1875896
3.0130775
7.1670523
4.1759996
7.2105746
7.1807833
4.1666403
4.5627704
7.205999
7.1670523
4.1666403
7.239988
7.1670523
7.1670523
3.0130775
7.1670523
7.1670523
7.1670523
3.0130775
6.366254
3.1906598
3.0130775
7.2105746
4.47052
4.289596
7.2327523
6.572656
6.8863854
6.132743
3.0268083
3.7031012
7.1950088
7.1670523
7.1670523
7.1670523
7.1670523
5.9298387
4.68918
7.255239
7.1735477
4.1897306
7.1598167
6.6978993
4.1803713
6.6318607
6.8863854
7.1807833
7.1598167
7.1807833
4.1666403
7.239988
7.1598167
7.1807833
3.0130775
6.2062354
2.4611259
7.198451
5.798504
3.0322783
5.969912
4.3110814
5.811053
4.239819
6.440091
7.2162104
3.0130775
7.1807833
5.225617
7.289942
7.1807833
4.1666403
6.4554653
7.1735477
6.3962607
6.4755635
6.619685
6.535191
7.28056
3.0130775
7.2140465
7.1670523
6.3825297
4.1666403
6.3884315
4.3118525
7.239988
7.1670523
7.1670523
6.8726544
7.1807833
7.1670523
5.956181
4.573495
7.211736
4.1759996
4.617554
6.3184958
4.1803713
7.239988
5.9298387
7.1670523
7.1670523
5.225617
7.289942
7.1598167
5.969912
7.1735477
5.969912
5.9298387
3.0495558
7.2105746
4.1803713
7.239988
4.2973504
7.3904843
6.8863854
3.0268083
7.1807833
5.225617
5.7105103
7.2162104
7.1670523
3.0130775
3.0130775
7.1598167
3.0268083
7.1670523
4.1759996
7.21781
5.956181
7.1735477
6.132743
4.1803713
7.239988
3.0130775
7.1670523
7.1670523
6.6841683
7.1735477
5.969912
7.21781
7.1670523
5.225617
4.70362
7.211736
4.2973504
7.39772
6.119012
6.3962607
4.1897306
4.617554
3.9760242
7.2576556
6.8726544
6.6978993
3.0268083
5.265364
4.203119
2.563988
7.226514
5.239348
7.2971773
3.0130775
6.329227
7.1735477
7.1735477
3.0268083
3.0130775
7.226514
7.1807833
6.558925
3.086436
4.1666403
7.239988
6.2062354
7.1735477
7.1807833
4.1666403
6.3303742
7.279415
7.1670523
4.1666403
7.239988
7.1670523
3.0130775
7.1735477
6.572656
7.1735477
6.3962607
4.1897306
7.21781
5.7800136
5.2238216
6.6318607
6.8863854
7.1807833
7.1670523
5.7800136
8.216998
6.329227
6.576963
7.1807833
7.1670523
5.580385
6.16817
7.1735477
7.1735477
4.1803713
7.2327523
7.1735477
7.1807833
3.0130775
4.573495
7.2045007
5.812235
7.186253
5.580385
6.364654
4.5805273
7.5221314
7.1735477
4.4414167
7.8777566
7.1598167
6.8863854
7.302313
3.0268083
7.1670523
3.0130775
3.0130775
6.8726544
7.1807833
6.8726544
5.239348
7.289942
1.5068533
6.354028
7.1735477
7.1807833
7.1598167
4.1897306
6.006939
6.4755635
7.259735
4.1759996
7.21781
7.1598167
4.5805273
4.573979
3.0925322
5.928468
7.191793
7.1670523
4.1759996
7.21781
4.1666403
6.6318607
7.1807833
6.558925
5.726776
7.1875896
4.1759996
6.9234123
4.1803713
7.239988
7.1598167
7.1807833
6.119012
4.309347
7.239988
7.1670523
3.0130775
7.1807833
7.1670523
6.6841683
3.0268083
6.91945
6.572656
7.1807833
3.0130775
7.1807833
6.6841683
3.0268083
5.683073
1.0316377
4.1666403
5.653321
5.762203
7.1875896
7.1670523
3.0130775
7.1670523
7.1670523
7.1670523
7.1670523
6.558925
7.1807833
3.0130775
7.2162104
5.225617
6.68905
5.726776
7.1875896
4.1666403
5.2985525
5.7105103
7.2162104
6.119012
7.1807833
4.2973504
5.4562845
7.289942
7.1807833
4.1759996
4.0562763
7.2576556
7.1670523
7.1670523
7.1670523
6.3825297
7.1807833
5.580385
5.762203
7.1875896
3.0130775
7.1598167
7.1807833
4.1666403
2.563988
7.709398
7.1670523
4.1666403
7.239988
7.1598167
6.132743
4.4593205
6.9811764
3.1555736
3.0130775
6.4332876
6.8863854
7.302313
6.6978993
7.1807833
3.0130775
7.28056
3.0130775
7.1735477
7.1807833
7.1598167
5.969912
5.7937446
6.3962607
7.1735477
3.0268083
5.8994966
7.206811
6.3962607
3.059873
5.7800136
4.1897306
7.289942
3.0268083
4.1897306
7.2105746
7.1735477
7.1735477
7.1735477
5.969912
7.1950088
3.0130775
7.21781
7.1598167
6.2199664
7.1807833
3.0130775
7.1670523
6.8726544
7.3095484
6.558925
3.0268083
7.1598167
3.0268083
7.302313
7.1735477
5.594116
5.762203
7.1875896
7.1670523
4.1759996
7.21781
3.0130775
7.215691
7.1807833
7.1670523
7.1598167
3.0268083
7.21781
3.0130775
7.289942
7.1735477
7.1807833
7.1670523
3.0130775
6.9234123
4.1803713
7.2327523
7.1807833
7.1670523
5.580385
7.208975
6.8863854
6.572656
7.1807833
3.0130775
6.6841683
7.1807833
7.1670523
7.1598167
6.6978993
4.1803713
7.239988
6.8863854
7.3095484
7.1598167
7.1807833
4.1666403
7.239988
5.580385
7.208975
4.4853916
4.1666403
7.2327523
7.1807833
3.0130775
7.1807833
7.1670523
6.3825297
6.508628
5.726776
7.269732
5.7800136
4.556866
7.870521
4.1803713
7.239988
4.1666403
7.2327523
3.0268083
7.1670523
6.6841683
7.1735477
7.1807833
7.1670523
6.4618325
7.1807833
7.1598167
4.1803713
5.8907514
7.187388
6.6841683
7.1807833
7.1670523
6.558925
5.7283955
6.920303
6.572656
4.249358
7.21781
3.0130775
7.1670523
6.558925
7.1807833
4.4716606
2.4474266
6.8863854
7.1807833
3.0130775
7.1735477
5.9435697
5.969912
4.1666403
7.239988
7.1670523
4.1666403
7.239988
7.1670523
3.0130775
7.1807833
6.3825297
4.2134356
6.94559
6.525026
7.2138476
7.1598167
7.1807833
7.1670523
7.1670523
3.0130775
7.1735477
7.1807833
7.1670523
4.573495
5.8246975
7.2962327
6.4618325
4.619356
3.9760242
7.2576556
7.1670523
7.1670523
7.1598167
3.0268083
7.1670523
6.558925
3.0268083
4.1897306
7.21781
7.1670523
6.3825297
4.1803713
7.2327523
5.918734
5.695121
7.2140465
7.1670523
4.1759996
2.6029403
5.225617
7.0027795
7.1807833
4.573495
5.8246975
7.2962327
4.1666403
7.239988
4.1666403
7.239988
4.1666403
6.94559
4.1803713
6.534768
4.619356
3.9760242
7.25042
7.1807833
7.1670523
7.1670523
4.1666403
6.94559
6.525026
7.2138476
6.2574387
7.1807833
3.0130775
6.132743
7.297524
4.328849
6.9811764
3.1555736
6.558925
6.4558883
4.34258
5.737223
7.213805
4.1666403
6.94559
7.1807833
7.1670523
3.4168775
7.249384
7.1670523
4.1666403
7.239988
7.1670523
3.0130775
7.1908026
6.6841683
6.572656
6.329227
5.9435697
7.1908026
6.6841683
6.572656
6.329227
5.9435697
7.1670523
7.1670523
7.1670523
7.1670523
3.0130775
6.8726544
7.1807833
4.2973504
7.3904843
5.9435697
4.839696
7.39772
3.0130775
7.2138476
6.8726544
7.302313
4.1897306
4.5224185
2.4474266
6.9356766
7.1807833
7.1670523
7.1670523
4.1666403
7.239988
7.1670523
4.1759996
6.9234123
4.1897306
7.21781
4.2973504
6.068695
6.361157
7.1735477
5.969912
6.315496
5.9435697
4.1759996
7.21781
3.4168775
6.544164
7.3784876
3.0130775
3.0130775
7.290008
7.21781
4.1666403
5.433726
4.226456
5.8714395
7.1933727
7.1807833
4.1666403
7.2327523
7.1807833
7.1598167
4.1897306
7.21781
6.1604376
7.1807833
7.1598167
4.34258
7.275574
3.0130775
4.4414167
7.8777566
3.0130775
4.4398465
6.914836
3.0268083
7.2624745
5.0202203
7.1735477
4.3110814
7.39772
6.558925
7.1807833
7.1598167
5.969912
7.1670523
7.1598167
5.316522
7.198466
4.2973504
7.39772
4.9270983
7.1911974
6.8726544
5.7937446
7.393799
7.1670523
6.8726544
6.6978993
4.261844
7.2327523
7.1735477
6.8863854
5.7937446
7.393799
4.1666403
7.239988
4.2973504
7.103322
3.0268083
4.1666403
6.279171
6.3962607
4.3110814
7.39772
3.1854696
2.7229059
3.1667345
7.191703
7.1670523
7.1598167
7.1807833
7.1670523
5.9298387
7.1735477
7.1670523
7.1598167
3.0268083
7.1735477
3.0268083
7.1670523
3.0130775
5.9435697
7.1807833
7.1670523
3.0130775
3.0268083
7.1598167
7.1807833
7.1598167
6.572656
7.1807833
4.1759996
7.21781
7.1670523
6.2062354
5.594116
6.033383
5.239348
7.2971773
4.1759996
5.763803
4.6761746
3.4615614
6.288567
4.318821
7.21781
4.5667963
7.529367
7.1670523
4.328849
7.2683387
6.8863854
5.642432
7.213805
7.1598167
7.1807833
3.0130775
5.3340526
4.2040973
6.757104
7.2550206
7.1807833
3.0130775
3.086436
7.1807833
7.1670523
4.1759996
7.21781
7.1670523
5.9298387
6.572656
6.946013
7.1807833
6.6841683
7.1807833
7.1670523
7.1598167
6.6978993
6.2199664
6.6978993
7.1807833
7.1670523
6.558925
4.249358
6.734926
5.9435697
7.2105746
3.0268083
7.290008
3.0130775
4.1666403
7.239988
7.1670523
7.1670523
3.0130775
7.2971773
4.1759996
6.734926
6.2199664
7.1735477
7.1807833
3.0130775
7.1807833
7.3095484
7.1670523
7.1670523
6.3825297
6.8863854
4.2192
7.239988
7.1670523
6.6841683
7.1807833
4.1666403
7.239988
7.1670523
4.1666403
7.239988
3.0130775
6.315496
6.1741686
7.1807833
4.1666403
5.653321
7.2162104
4.904821
7.290515
3.4168775
7.249384
3.0130775
5.969912
3.059873
4.1897306
7.2105746
4.1803713
5.8352146
7.1807833
7.1670523
7.1670523
6.3825297
6.6978993
3.0268083
7.21781
6.8726544
4.4398465
6.914836
7.1807833
3.0130775
7.21781
3.0130775
6.734926
6.611485
7.1807833
4.1759996
6.734926
3.0268083
7.191793
6.4618325
2.201322
7.2576556
7.1670523
6.8726544
7.3095484
7.1670523
3.0130775
7.21781
4.1759996
6.609683
3.0268083
7.1735477
7.1735477
6.572656
7.240411
7.1670523
7.1670523
7.1670523
7.1598167
6.6978993
5.969912
4.3091364
7.239988
6.2062354
7.1807833
5.9298387
7.3095484
4.2973504
6.010681
4.1897306
4.0562763
7.2576556
7.1670523
6.8726544
4.1803713
6.4554653
7.1807833
3.0130775
5.969912
6.5125904
6.0029764
6.4859776
7.2524996
7.1807833
7.1670523
4.1759996
6.734926
3.1082816
6.9234123
4.1803713
7.239988
7.1598167
6.572656
7.240411
4.2973504
7.39772
4.1759996
4.0562763
7.2576556
7.1670523
6.315496
3.1145062
5.594116
7.2162104
7.1670523
3.0130775
7.2105746
7.1807833
4.1666403
7.2327523
5.7937446
4.1897306
7.1670523
7.1670523
7.1670523
4.4276857
7.8777566
6.4618325
4.259323
6.4554653
6.8863854
6.6978993
7.1807833
4.573495
7.211736
4.5667963
1.9095278
6.6978993
7.240411
7.1670523
5.225617
6.68905
7.1670523
7.1670523
7.2138476
4.1666403
6.94559
7.1735477
7.1735477
5.8517585
7.1807833
7.213805
4.1759996
7.21781
6.4618325
7.1807833
7.1670523
6.8726544
3.065637
7.2095747
6.6841683
4.1897306
7.21781
7.1670523
6.6841683
3.0268083
4.1897306
7.21781
6.8726544
6.3487315
2.4611259
2.4786508
3.0499463
6.586813
4.6468534
7.2045007
4.5805273
6.1245937
7.1794524
3.4306083
7.249384
7.1598167
7.1807833
7.1670523
4.1666403
7.239988
5.762279
5.6884646
6.9196486
6.3962607
4.2134356
6.4554653
7.1807833
7.1670523
6.119012
7.2902884
7.1807833
7.1670523
7.1670523
6.3825297
3.0268083
4.1666403
6.1919475
7.19494
6.6841683
7.1807833
7.1598167
3.0268083
7.1598167
6.6978993
6.6978993
6.572656
7.240411
7.1670523
5.817816
6.226571
7.1735477
7.1807833
4.1666403
7.239988
6.4618325
6.572656
7.240411
7.1598167
7.1807833
7.1598167
7.1735477
6.6978993
4.1803713
7.239988
7.1670523
5.9298387
7.1807833
7.1670523
4.1666403
6.233373
7.1807833
7.1670523
7.1598167
6.572656
3.0268083
3.0130775
6.586813
4.6468534
7.2045007
4.5805273
6.1245937
7.1794524
3.4306083
7.249384
7.1598167
7.1807833
7.1670523
4.1666403
7.239988
5.762279
5.6884646
6.9196486
6.3962607
3.059873
7.1598167
4.1803713
7.239988
7.1670523
5.580385
5.9306693
3.1976116
7.2837515
7.1807833
4.1666403
7.2327523
7.1735477
7.1807833
3.0130775
5.713045
4.2786794
7.2105746
6.0949264
6.4620924
7.1735477
5.9435697
6.558925
7.446082
7.1670523
3.0130775
6.8726544
5.368113
6.1443305
4.2016215
4.0562763
5.3162203
5.84317
6.661605
7.2331753
6.132743
5.05757
7.1911974
7.1598167
7.1735477
3.0268083
7.1735477
7.1807833
7.1670523
4.1666403
6.6318607
7.1807833
7.1598167
5.410439
6.629286
7.240411
4.1666403
7.239988
7.1670523
7.1670523
7.1598167
4.3110814
7.39772
6.558925
5.9435697
6.3081965
6.7959156
4.1803713
3.2400136
7.4153876
6.558925
6.2199664
4.2936883
7.21781
7.1598167
3.0268083
6.667447
7.2331753
7.1807833
7.1670523
4.4276857
7.583359
7.1807833
4.1666403
7.239988
7.1670523
4.1759996
7.21781
7.1670523
7.1670523
6.0142055
4.6202903
7.2045007
7.1807833
4.5667963
4.1803713
7.2327523
7.1807833
7.1670523
6.3825297
7.1670523
7.1598167
5.969912
4.4398465
4.397308
6.94559
5.368113
5.84317
6.975334
6.3962607
6.8863854
6.8863854
3.1555736
5.969912
7.1670523
6.2062354
7.382336
3.0130775
7.21781
3.4168775
7.249384
4.1666403
7.239988
7.1598167
3.0130775
3.4168775
7.249384
7.1670523
3.0130775
6.8726544
7.1735477
7.1735477
4.1803713
7.239988
7.1670523
4.947908
7.1735477
7.1735477
7.1807833
3.0130775
7.1807833
6.2062354
6.2199664
6.329227
7.2095747
6.6841683
7.1735477
4.1803713
7.2327523
7.1735477
7.1807833
7.1598167
5.969912
7.1598167
6.4755635
7.1735477
3.0268083
7.1598167
7.1807833
3.0130775
3.4168775
7.249384
7.1670523
7.1670523
5.580385
7.2162104
4.1666403
6.279171
7.1735477
7.1807833
6.3825297
4.1803713
7.239988
7.1670523
4.1666403
5.7859807
7.2624965
6.572656
7.1807833
7.1807833
7.1670523
7.1670523
7.1670523
7.1670523
7.1598167
6.2711697
7.279415
3.0130775
7.2421484
7.1735477
7.1735477
3.0268083
7.1735477
4.1897306
6.5125904
6.934865
3.0268083
7.1807833
6.6841683
6.572656
7.240411
4.1666403
2.563988
7.1012707
6.6322837
5.2989755
7.289942
1.5068533
7.314845
5.956181
6.4004073
6.6057205
7.446082
3.0130775
3.0130775
7.1598167
7.1807833
4.1759996
7.21781
4.1666403
6.94559
7.3095484
6.8726544
3.4306083
7.249384
3.0130775
6.8863854
6.8863854
7.1807833
7.1670523
5.956181
5.8112073
6.813349
7.1807833
4.1759996
7.2105746
7.1807833
3.0130775
7.39772
7.1598167
7.1735477
4.1803713
7.239988
7.1598167
6.8863854
7.1807833
7.1670523
6.4755635
7.1807833
3.0130775
3.0130775
4.1759996
7.21781
3.0130775
7.1598167
7.1807833
7.1670523
7.1670523
4.1759996
6.734926
3.0268083
7.2105746
7.1735477
6.6978993
3.0268083
3.0130775
2.6029403
4.1666403
6.94559
7.1807833
6.8726544
7.1735477
6.6978993
7.1807833
5.225617
7.2971773
5.59197
7.193
4.1759996
7.21781
4.1666403
5.7279725
6.430178
4.4548264
6.7400427
7.262256
7.1670523
3.0130775
6.0029764
5.340248
7.1912303
7.1807833
6.8726544
6.572656
4.5010443
7.8777566
3.0130775
5.956181
7.198466
7.1598167
7.1807833
7.1670523
4.1666403
7.239988
7.1670523
3.0130775
7.1670523
5.9298387
4.1666403
7.239988
6.8726544
7.302313
4.1897306
7.21781
3.0130775
7.1735477
7.1807833
6.3825297
4.1897306
6.734926
7.1735477
7.1807833
5.713045
6.7047057
7.1807833
4.1666403
7.239988
5.668829
4.3285503
2.8933616
5.713045
7.1875896
7.1670523
5.713045
6.893192
7.1807833
4.1759996
7.21781
4.1666403
6.6318607
6.641512
3.0268083
4.328849
7.275574
7.1670523
6.8726544
7.1735477
6.3962607
3.177209
7.1807833
6.6841683
7.1807833
4.1666403
7.239988
3.4518228
7.386516
3.3115149
5.511072
3.430419
6.1133423
3.0707443
7.1670523
3.0130775
7.1735477
7.1807833
4.1666403
7.2327523
7.1807833
3.0130775
7.1670523
6.6978993
5.969912
3.0795124
7.1807833
7.1670523
7.1670523
7.1598167
7.1807833
5.628701
7.213805
4.1759996
7.21781
4.1666403
6.6318607
3.0268083
6.3962607
4.4722433
7.2624745
4.947908
7.1670523
3.0130775
7.279415
4.1666403
7.239988
7.1598167
7.1807833
3.0130775
6.8863854
3.0268083
6.3825297
7.2138476
7.1670523
7.1735477
7.1735477
7.1807833
4.1666403
7.239988
5.9298387
7.1912155
7.1735477
7.1807833
7.1670523
3.0130775
6.6322837
6.572656
7.2331753
7.1735477
7.1735477
6.6978993
6.3962607
4.1803713
6.4554653
7.1807833
6.558925
7.2331753
5.969912
7.206612
7.1807833
7.1670523
7.1670523
7.1670523
7.1670523
4.1803713
7.239988
7.1670523
4.4716606
7.1807833
4.4585123
6.6543474
6.572656
3.0268083
5.225617
7.2971773
7.1670523
4.1666403
4.1666403
7.239988
5.905003
7.193344
7.1598167
4.1803713
6.4554653
4.1897306
7.21781
7.1598167
7.1807833
4.573495
7.2045007
4.5805273
3.9760242
7.2576556
5.9298387
4.023972
3.1071026
7.21781
6.1604376
7.304039
7.1807833
4.1666403
6.94559
7.1807833
5.798504
5.599586
4.239819
7.7323604
4.1803713
7.239988
6.558925
3.0268083
4.573495
6.4272137
7.2138476
4.5667963
7.21781
7.1670523
7.1670523
7.1670523
3.0130775
5.225617
7.289942
7.1735477
7.1807833
4.1666403
7.239988
7.1670523
4.1666403
7.2327523
7.1735477
4.1803713
7.2327523
5.239348
6.5919576
6.651608
7.1807833
3.0130775
6.3825297
2.3520122
4.198039
7.239988
7.1670523
5.9298387
3.0130775
7.249384
7.1670523
7.1670523
3.0130775
7.1670523
4.1666403
7.239988
6.558925
4.1803713
7.2327523
7.1807833
7.1670523
7.1598167
3.0268083
6.943015
7.1807833
7.1670523
7.1670523
4.1666403
7.239988
7.1670523
3.0130775
6.3825297
4.935779
3.103681
6.8726544
6.8863854
7.1807833
4.2973504
4.5595164
7.275574
7.1670523
6.1604376
4.320222
2.6029403
7.2670517
5.713045
7.1875896
4.1666403
3.0130775
5.9298387
2.4611259
7.198451
6.2062354
4.6333485
6.4554653
5.3745213
7.2196326
7.1807833
7.1598167
6.2711697
7.2721796
4.1803713
4.1666403
7.239988
7.1670523
7.1670523
3.0130775
7.1598167
4.1803713
7.2327523
7.1807833
3.0130775
7.21781
7.1670523
4.1666403
7.239988
7.1670523
6.558925
3.0268083
6.558925
7.446082
3.0130775
7.1807833
7.1598167
6.6978993
7.1670523
5.9298387
7.1670523
5.9298387
6.1096277
7.192674
4.1666403
7.239988
3.4168775
7.2421484
3.0268083
7.2162104
4.2973504
7.103322
7.1807833
3.4168775
7.249384
6.1604376
7.1807833
4.2973504
6.7895927
5.726776
7.1875896
6.3825297
7.1807833
7.1670523
3.0130775
3.7368832
7.1807833
7.1670523
3.0130775
7.1670523
7.1807833
5.713045
7.1875896
4.1666403
5.653321
5.762203
7.1875896
3.0130775
5.662717
5.762203
7.1875896
3.0130775
4.1666403
7.239988
7.1670523
6.8726544
3.0268083
7.1807833
4.1666403
4.2846
3.0925322
7.1807833
6.9234123
4.1803713
5.8352146
7.1807833
7.1598167
6.132743
3.0268083
7.205773
4.947908
4.947908
4.573495
7.2045007
7.1807833
7.1670523
4.5667963
7.529367
7.1670523
5.9298387
7.1598167
7.1807833
7.1670523
7.279415
4.1666403
6.279171
7.1807833
6.8726544
5.808249
5.0407577
7.890858
3.0130775
7.1807833
4.1666403
7.239988
7.1598167
7.1807833
7.1670523
7.1670523
4.1666403
7.239988
7.1670523
3.0130775
4.34258
7.275574
4.1666403
7.239988
6.8726544
7.302313
6.572656
4.1803713
5.2985525
7.2971773
7.1598167
7.1807833
7.1598167
7.1735477
7.1807833
7.1670523
7.1670523
3.0130775
4.4156556
3.0779624
7.1670523
6.8726544
7.3095484
3.0130775
6.132743
4.1897306
7.21781
4.1666403
7.239988
7.1598167
7.1735477
7.1807833
6.558925
4.1803713
7.239988
7.1670523
6.8726544
7.3095484
7.1670523
4.1666403
7.239988
7.1670523
4.1666403
7.239988
7.1670523
4.947908
2.2497098
2.9110296
7.21781
3.0130775
6.3363605
3.4306083
7.249384
6.6841683
7.1807833
7.1670523
3.0130775
7.8777566
6.558925
6.3825297
5.8452992
3.0322783
7.1807833
7.1670523
7.1670523
7.1670523
7.1670523
3.4168775
7.249384
3.0130775
5.7800136
5.484867
7.8777566
4.1759996
7.21781
3.0130775
5.668829
7.1807833
5.235837
7.635551
7.2140465
6.8726544
4.1803713
6.233373
7.1735477
3.0268083
7.2683387
6.6978993
4.1803713
6.4554653
7.1735477
7.1735477
7.1807833
4.1666403
7.2327523
6.6978993
6.572656
5.2989755
7.2971773
5.713045
7.180354
3.0268083
7.1735477
4.1803713
7.239988
7.1598167
4.3110814
7.3904843
4.1803713
7.2327523
7.1807833
6.558925
7.1807833
7.1670523
3.0130775
6.329227
7.2095747
6.3825297
4.1803713
7.239988
6.3825297
7.2138476
4.1666403
5.2985525
7.289942
7.1735477
6.3962607
7.1735477
6.6978993
7.1807833
3.0130775
6.572656
7.1807833
4.947908
3.0130775
6.558925
7.1807833
4.1666403
6.757104
7.1807833
6.8726544
7.302313
7.1807833
7.1670523
3.0130775
5.9298387
7.1807833
4.1759996
7.21781
4.1666403
6.233373
7.1807833
5.225617
7.289942
7.1807833
3.4168775
7.249384
3.0130775
7.2971773
7.1598167
7.1807833
7.1598167
6.8863854
7.1807833
6.8726544
7.1735477
7.1807833
3.0130775
7.1807833
5.713045
7.1875896
4.1666403
6.3884315
7.202339
6.6978993
6.6978993
7.1735477
7.1807833
3.0130775
7.249384
4.1759996
7.21781
7.1670523
5.9298387
7.1670523
7.2971773
4.1759996
7.21781
7.1670523
4.1759996
7.21781
4.1666403
2.563988
7.709398
7.1670523
7.1598167
4.1803713
7.2327523
7.1807833
3.0130775
7.1670523
6.8726544
6.8863854
3.1555736
0.15183553
7.272472
6.2574387
7.196426
3.0268083
4.4414167
7.870521
7.1807833
7.1670523
4.3740377
7.22877
5.594116
7.2162104
4.947908
6.1096277
7.192674
5.683073
1.0316377
7.1807833
4.1666403
5.2985525
7.2971773
3.8672326
7.1950088
6.4558883
7.1807833
7.1670523
6.6841683
6.8863854
7.1807833
7.1670523
5.9298387
7.249384
6.558925
6.8863854
6.8863854
4.4853916
6.71115
7.1807833
7.1670523
3.0130775
7.1807833
7.1670523
4.1666403
7.239988
7.1670523
4.1666403
7.239988
5.683073
1.0316377
6.946013
4.570182
5.225617
6.8142934
7.1735477
3.0268083
6.315496
7.1807833
4.1666403
7.239988
6.558925
4.1897306
7.21781
4.5228896
5.762203
7.1875896
4.1666403
7.2327523
6.6978993
4.204392
5.188555
6.3659606
6.7959156
5.594116
6.5109906
7.3784876
3.6409025
6.7190056
4.427822
4.136136
3.0999331
4.1759996
5.631143
5.762203
7.1875896
4.1666403
7.2327523
7.1807833
5.225617
7.2971773
6.558925
3.0268083
6.734926
7.1807833
3.0130775
7.249384
7.1670523
3.0130775
4.1666403
7.2327523
4.47052
7.290008
7.1598167
6.572656
6.572656
7.1735477
7.1807833
7.1807833
3.0130775
7.1598167
5.594116
7.2162104
4.1666403
7.239988
5.435866
5.611579
7.2162104
7.1670523
3.0130775
5.811053
7.2162104
5.580385
7.2162104
4.1666403
5.653321
7.2162104
4.1666403
7.239988
3.0130775
5.6045303
5.762203
5.7335825
6.0325184
5.594116
5.9306693
7.3515863
6.119012
7.1807833
4.1666403
7.239988
4.2973504
7.39772
6.558925
7.1807833
4.1759996
7.21781
3.0130775
7.208975
5.594116
7.2162104
3.0130775
7.2162104
5.580385
6.364654
4.405176
7.239988
6.558925
7.1807833
3.0130775
7.1807833
3.0130775
6.954986
4.1803713
7.239988
5.225617
6.512655
7.1807833
3.0130775
7.259816
7.1807833
3.0130775
6.16977
3.143549
5.580385
7.2162104
6.3825297
7.1735477
7.1735477
6.6978993
5.239348
5.84317
6.5645123
6.3962607
3.3477688
6.954986
4.1803713
7.239988
5.225617
6.512655
7.1807833
3.0130775
4.1759996
7.21781
3.4168775
7.249384
6.8726544
7.3095484
4.947908
4.1666403
7.239988
4.4716606
5.239348
7.289942
7.1807833
7.1670523
4.922048
7.1807833
3.0130775
4.5667963
4.1666403
4.1759996
5.631143
5.762203
7.1875896
4.1759996
5.631143
5.762203
7.1875896
4.4414167
7.1598167
4.4414167
7.8777566
7.1807833
6.8726544
5.9435697
5.594116
5.762203
7.1875896
4.1759996
5.763803
7.2624965
4.1803713
6.94559
5.594116
5.762203
7.1875896
4.2973504
7.39772
4.1666403
7.239988
7.1670523
4.1666403
5.7859807
7.269732
6.558925
4.1803713
7.239988
7.1598167
7.1807833
3.0130775
7.1807833
7.1670523
4.1759996
6.9234123
7.1807833
3.0130775
7.1807833
7.1598167
3.1555736
7.302313
7.1807833
7.1670523
5.9298387
5.68256
7.206811
7.1807833
6.6841683
5.594116
4.239819
7.1598167
7.1807833
7.1670523
4.1759996
7.21781
3.0130775
7.1598167
4.4414167
7.1670523
7.1735477
7.1807833
4.1666403
7.239988
6.8726544
7.302313
6.572656
3.0268083
6.667447
7.1807833
4.1666403
6.94559
6.3487315
6.8863854
6.132743
7.1807833
4.1666403
2.563988
7.709398
4.1666403
7.239988
7.1670523
3.0130775
7.1735477
7.1807833
4.1666403
7.239988
7.1670523
7.1670523
7.1598167
7.1735477
6.4755635
3.0268083
7.1807833
7.1670523
7.1670523
7.1670523
7.1670523
6.8726544
6.132743
4.1897306
5.631143
7.2162104
7.1670523
3.0130775
7.21781
4.1666403
7.239988
4.904821
7.290515
6.8726544
3.4306083
7.249384
6.8726544
6.3962607
3.177209
6.2199664
7.1807833
5.9298387
7.1670523
7.1670523
6.3825297
3.0268083
7.1670523
4.573495
7.211736
7.1670523
4.5667963
5.631143
5.0693784
7.890858
7.1670523
3.0130775
7.1735477
6.2199664
4.4722433
6.9680767
7.1807833
7.1670523
4.1759996
2.6029403
6.6978993
3.0268083
7.1807833
7.2065697
5.239348
5.84317
6.1395493
7.1807833
3.0130775
7.1801524
7.1735477
7.1807833
4.1759996
7.21781
7.1670523
3.4168775
7.2421484
4.4722433
7.2624745
4.1759996
7.2105746
7.1735477
5.9435697
5.811053
5.762203
7.1875896
7.1670523
7.1670523
4.1759996
7.2105746
7.1807833
4.1666403
6.94559
5.2724123
6.68905
7.1807833
7.1598167
5.8517585
7.1807833
3.0130775
7.1670523
3.0130775
7.1670523
2.8081417
7.2290716
7.1670523
6.8726544
3.0268083
4.2134566
5.631143
5.762203
6.7047057
7.1807833
4.1666403
7.239988
4.904821
4.5511484
7.8777566
3.3115149
5.0871525
3.7368832
4.1759996
4.0562763
7.25042
7.1807833
7.1670523
3.0130775
7.1807833
5.225617
7.2971773
7.1670523
4.1666403
3.2400136
5.9613805
7.1875896
7.1670523
4.1759996
7.21781
4.1666403
7.239988
6.119012
3.0268083
7.1807833
4.1666403
2.563988
6.748581
7.1807833
3.0130775
7.1807833
3.0130775
6.2199664
5.77601
7.186688
5.668829
4.3576527
3.0940351
7.1670523
7.1807833
4.1666403
5.653321
5.762203
7.1875896
5.7800136
7.2962327
4.5667963
1.9095278
6.572656
4.1803713
7.239988
7.1670523
7.1670523
7.1670523
7.1598167
6.2199664
4.4722433
7.2624745
7.1670523
4.1759996
7.21781
6.6841683
3.0268083
7.249384
7.1598167
3.0268083
7.183962
7.1807833
7.1598167
6.572656
6.2199664
7.1807833
3.0130775
5.239348
5.7105103
5.762203
7.1875896
4.1666403
7.239988
7.1670523
3.0130775
4.816176
3.1171305
7.2162104
5.580385
7.2162104
4.1666403
7.239988
6.558925
7.1807833
3.0130775
5.812235
6.8918552
7.1735477
6.6978993
4.1897306
3.2362273
2.7229059
7.5905113
6.572656
5.992075
7.180354
7.1807833
7.1670523
7.1670523
6.2062354
4.3110814
7.3904843
4.1897306
4.617554
4.0347476
7.1807833
4.1666403
6.4554653
6.4755635
6.9334145
7.1807833
7.1670523
3.0130775
7.2971773
3.0130775
6.558925
7.2331753
4.1897306
7.21781
7.1598167
7.1735477
5.969912
7.1670523
6.8726544
6.2199664
6.8863854
7.1735477
3.4306083
7.249384
3.0130775
6.4733796
6.91945
7.1807833
6.8726544
7.1735477
7.1735477
4.1803713
7.239988
7.1670523
4.947908
7.2105746
5.969912
7.1807833
4.1666403
6.4554653
7.1807833
6.2062354
6.8863854
7.1807833
7.1670523
3.0130775
7.1670523
7.1670523
4.1759996
7.21781
6.558925
7.1807833
4.1666403
7.2327523
6.6978993
7.1807833
7.1670523
7.1670523
3.0130775
7.1598167
4.1803713
7.239988
6.8726544
7.1807833
4.328849
7.275574
3.0130775
7.1807833
6.8726544
7.1735477
5.84317
7.1875896
6.8726544
7.1807833
6.8726544
4.1803713
7.239988
6.4618325
7.2138476
6.4618325
4.2134356
7.239988
7.1670523
6.558925
4.1803713
7.2327523
7.1807833
6.8726544
5.368113
7.289942
4.1803713
7.239988
7.1670523
6.8726544
7.1807833
3.0130775
2.4510024
3.0268083
2.4510024
2.4510024
1.9104822
3.9409318
6.6577125
7.2331753
6.3962607
7.2138476
7.1598167
6.8863854
