7.3514414
7.3514414
7.0391965
7.21781
6.8726544
7.8777566
7.2971773
7.297524
7.1598167
7.1875896
7.1598167
7.249384
7.2971773
6.6978993
7.269732
6.558925
7.1670523
7.1670523
5.225617
7.481098
6.8726544
7.2278123
7.1598167
7.3514414
7.1670523
6.757104
7.8777566
7.0391965
7.2971773
8.026758
7.1807833
7.2971773
5.320925
7.269732
7.1670523
7.1807833
7.3904843
7.21781
7.2162104
7.3514414
7.239988
7.1940947
7.3514414
6.558925
6.8726544
6.3303742
7.4738626
7.21781
7.269732
7.1670523
7.259735
7.1807833
7.310274
7.870521
7.249384
7.21781
6.3825297
5.7800136
7.239988
7.1670523
6.4618325
6.207384
7.289942
6.8129935
4.552072
6.4332876
6.8726544
7.21781
7.1807833
7.2234406
6.8726544
6.277976
7.1875896
5.9116597
7.3514414
6.8863854
7.1598167
6.8142934
7.3514414
7.275574
7.1670523
7.3514414
6.8726544
6.968143
7.2971773
7.239988
7.1807833
7.0391965
7.39772
6.8343325
6.386715
7.1670523
7.1670523
6.6042795
7.1807833
7.3514414
7.1807833
7.1670523
7.8777566
5.653321
7.2348633
7.2971773
7.1875896
7.3514414
6.8967996
7.1807833
7.21781
6.8726544
7.1807833
6.8726544
7.1670523
6.8726544
6.8726544
7.290515
7.1807833
7.2971773
7.0391965
7.0391965
7.1670523
7.269732
7.2971773
7.1950088
7.21781
7.1807833
7.1807833
7.1807833
7.2683387
7.1807833
6.914836
7.1875896
7.1875896
6.8726544
6.315496
6.8726544
4.1759996
7.1670523
7.39772
5.783617
6.8863854
6.3825297
6.8726544
7.1875896
6.7014213
7.2971773
7.4738626
7.1875896
7.3514414
7.3514414
7.21781
6.8967996
7.3514414
7.290987
6.996589
7.3514414
7.1807833
7.3514414
7.2971773
6.6978993
7.1447806
7.1598167
7.3514414
6.8863854
7.198451
7.2971773
7.239988
7.3514414
7.1807833
7.269732
7.1670523
7.1670523
4.9270983
7.0391965
7.1875896
7.1875896
5.470902
7.21781
7.344206
6.3303742
7.239988
7.0391965
7.3514414
7.1670523
7.1807833
6.91945
7.1875896
2.4611259
6.3242297
6.893192
7.3514414
7.239988
7.1807833
7.21781
7.1670523
7.21781
6.8726544
7.0391965
5.7636557
7.1807833
7.0391965
6.558925
6.8726544
7.1875896
7.1875896
7.1875896
6.415766
7.1875896
6.6258574
7.257902
7.239988
6.3021226
7.1670523
6.2574387
6.558925
7.1807833
6.8726544
7.2962327
6.284638
6.8726544
7.0391965
7.239988
7.0391965
7.239988
7.2962327
6.8726544
7.1670523
6.572656
6.893192
6.6258574
7.0391965
7.0391965
7.239988
6.119012
7.3514414
6.2711697
7.269732
6.9173384
6.94559
7.1598167
7.257902
6.8726544
7.21781
7.3514414
6.4881063
6.8726544
7.1875896
7.1875896
7.3514414
7.481098
7.21781
6.558925
6.8863854
6.609683
4.5230193
7.1807833
7.0391965
7.0391965
3.2400136
7.39772
7.870521
6.9218125
7.249384
6.893192
7.1670523
7.1670523
7.39772
7.0391965
6.902603
6.900611
7.3514414
7.289942
7.1670523
7.239988
7.103322
6.893192
6.8726544
6.8726544
7.239988
6.277976
6.0870333
7.3514414
7.1670523
7.1807833
7.1735477
7.0391965
7.1807833
7.1670523
6.2837305
7.3514414
7.3514414
7.3514414
7.1598167
7.1670523
7.1875896
7.1670523
7.1670523
6.9809256
7.0391965
7.1670523
7.1807833
7.21781
7.1670523
7.1807833
7.2962327
6.8726544
7.3514414
6.558925
7.211736
7.3514414
7.211736
7.239988
6.9234123
7.1670523
7.1670523
7.3514414
7.249384
7.1670523
7.3514414
7.2971773
7.0391965
7.103322
7.0391965
4.2635965
6.3242297
6.893192
7.3514414
7.8777566
7.1807833
6.1786547
7.0027795
7.1670523
6.8726544
6.9234123
7.3514414
6.558925
7.1875896
7.239988
6.8863854
7.198451
7.3514414
7.1670523
7.3514414
7.1670523
7.239988
7.211736
7.21781
5.783617
7.1875896
7.1670523
7.1807833
7.275574
7.583359
7.3514414
7.1807833
6.603609
7.239988
7.0391965
7.21781
7.1598167
7.1807833
7.3514414
7.21781
6.6318607
6.8726544
7.1875896
7.1807833
7.1670523
7.3514414
7.2421484
7.1670523
7.1598167
7.3514414
7.198451
7.344206
7.1670523
7.3514414
6.9234123
7.3514414
7.21781
7.1670523
6.8863854
6.8863854
7.8777566
7.0391965
7.2971773
7.0391965
7.0391965
7.0391965
6.872971
7.2360053
7.583359
6.8726544
7.1807833
7.8777566
7.1670523
7.3514414
7.1670523
7.344206
7.3514414
6.8726544
7.1598167
5.0871525
7.2971773
7.1670523
7.21781
4.5230193
6.572656
8.176075
6.572656
6.590324
7.1670523
6.851959
7.1670523
7.1670523
7.21781
7.19494
7.8777566
7.1598167
5.0871525
7.21781
6.6318607
7.2162104
6.8726544
7.3805737
7.1670523
6.7895927
7.1670523
7.1875896
7.0391965
7.249384
7.0391965
7.344206
5.331196
6.8726544
6.6841683
7.21781
6.8918552
7.21781
7.1598167
6.904053
8.026758
7.1875896
7.21781
7.1807833
7.3514414
7.0391965
7.1911974
5.283032
7.1875896
7.1807833
5.9116597
7.1670523
7.1807833
7.1670523
7.1670523
7.2971773
7.1670523
7.3514414
7.0027795
7.1911974
6.558925
6.558925
7.103322
7.1807833
7.1911974
7.3514414
7.1670523
6.3303742
6.558925
7.1670523
7.21781
7.21781
7.2095747
6.9234123
7.183962
7.21781
7.21781
6.8726544
7.1875896
7.21781
7.1670523
7.21781
7.1670523
7.870521
6.914836
7.275574
6.558925
7.2198033
7.198451
7.1912155
7.2327523
6.3303742
6.8726544
6.968143
7.1807833
7.21781
7.1670523
6.6978993
7.19494
7.239988
7.3514414
7.1670523
7.1807833
6.94559
7.211736
7.3514414
7.275574
7.2045007
7.1807833
5.6503654
7.3948727
7.1670523
6.558925
7.1598167
6.315496
7.8777566
6.4881063
7.3514414
7.3514414
7.1807833
6.94559
7.3514414
7.3904843
6.4881063
5.6503654
6.284638
6.5794625
7.2105746
7.1807833
7.3514414
7.2105746
7.1807833
5.6503654
7.1950088
7.239988
7.39772
7.1670523
5.6503654
7.1807833
7.1670523
7.1670523
6.2574387
7.1807833
7.1670523
7.239988
4.9350047
6.284638
7.1598167
7.3514414
6.3303742
6.94559
7.246615
7.239988
6.5794625
7.239988
7.1807833
7.3514414
7.1807833
7.21781
7.3514414
7.1807833
7.3514414
6.558925
7.1912155
6.609683
7.3514414
6.4881063
6.2574387
7.1735477
7.21781
6.4755635
6.195564
7.21781
7.1807833
7.8777566
7.1735477
7.1670523
7.103322
7.39772
6.904053
7.1735477
7.1598167
7.2095747
7.1807833
7.3514414
4.4017844
7.310274
7.193344
7.1598167
7.1670523
6.308465
7.4086742
7.1670523
5.0871525
7.1807833
7.1670523
7.21781
7.290515
7.201531
7.1670523
7.202339
6.3962607
7.1670523
7.1670523
7.3514414
6.3839216
6.9982142
6.3962607
4.2973504
7.209739
7.198451
7.239988
7.21781
7.1670523
7.193344
7.211736
7.39772
5.653321
7.1875896
7.3514414
7.279415
6.7433143
7.2229266
7.1670523
6.9234123
6.6627083
7.180354
5.2231627
7.249384
6.8726544
7.1670523
7.3514414
6.2711697
7.3514414
5.554334
6.4648614
7.1807833
7.3514414
7.917295
7.193344
5.703848
6.558925
5.580385
5.580385
7.1670523
7.1670523
7.193344
7.1807833
7.1670523
7.1670523
6.558925
7.1670523
7.2327523
7.1807833
7.3514414
7.1670523
7.249384
7.198451
5.096284
7.1875896
7.1807833
7.290515
7.279415
7.198022
7.2105746
7.1598167
7.3514414
7.344206
7.1598167
7.2105746
7.2105746
7.1807833
7.21781
7.39772
7.207458
6.3825297
7.1598167
6.6131973
5.6493382
7.249384
6.284638
7.269732
7.21781
7.289942
7.1670523
7.310274
7.211736
7.193344
7.21781
7.1807833
7.1670523
7.8777566
7.2576556
6.715567
6.6841683
7.193344
7.211736
6.572656
7.1875896
7.1670523
7.275574
7.3514414
7.198451
7.1670523
7.3514414
7.2095747
7.1807833
7.193344
7.198451
7.198451
7.1807833
7.3514414
6.195564
7.215691
7.1807833
7.1807833
7.1735477
7.1670523
7.2708354
7.1670523
6.119012
7.3904843
7.39772
7.1875896
7.21781
8.026758
6.1918364
7.39772
5.2570305
7.21781
7.1807833
7.2683387
7.21781
7.3514414
6.3825297
7.1598167
7.344206
7.3514414
7.1807833
7.3514414
7.1875896
6.8726544
6.8863854
7.3514414
7.39772
7.1735477
7.3514414
5.225617
6.94559
7.3514414
7.3112745
7.1598167
7.180354
7.21781
7.0571885
7.1807833
7.1807833
6.8863854
7.1670523
7.093234
7.0570436
7.3514414
7.259735
7.3514414
5.811053
5.653321
7.1598167
7.1735477
7.3514414
7.1912155
7.1670523
7.255239
7.290987
6.315496
6.315496
7.3514414
7.1807833
7.198451
7.1598167
7.1807833
7.1807833
7.2327523
7.3514414
7.1875896
7.093234
6.6322837
5.937234
6.8726544
7.1807833
7.344206
6.572656
7.1598167
6.1395493
7.3514414
6.7991915
6.284638
7.289942
7.193344
7.1670523
5.0871525
6.572656
7.2576556
6.9850173
6.4755635
7.1670523
7.3514414
5.320925
7.1670523
7.1807833
7.1670523
7.1807833
6.6841683
7.2421484
7.8188686
7.1670523
7.198451
7.1670523
7.1807833
7.1807833
7.21781
7.3514414
6.4618325
7.3514414
7.0391965
7.39772
6.284638
6.4496098
7.1670523
6.590324
5.811053
7.1670523
7.21781
7.1807833
7.1516843
7.1516843
7.1670523
7.1807833
7.290515
7.2360053
7.3122644
7.3514414
6.8863854
5.811053
7.180354
6.226773
6.7047057
5.594116
6.8726544
7.1807833
7.3514414
7.1670523
6.558925
7.275574
7.103322
7.21781
7.21781
7.3514414
7.1875896
7.1735477
7.4153876
7.279415
7.1807833
7.1598167
6.7895927
7.1670523
5.7800136
7.249384
7.239988
7.481098
7.1875896
6.3303742
6.558925
5.798504
7.2138476
7.239988
6.299195
6.9173384
7.239988
7.0168767
6.6543474
6.3702464
6.9234123
7.198451
6.9320707
5.6503654
6.893192
7.21781
7.310274
7.1807833
6.081655
7.2105746
7.344206
7.1670523
7.1735477
7.1670523
7.1670523
7.198451
7.3514414
7.3514414
7.1807833
7.2971773
7.1807833
7.1735477
7.198451
7.3514414
7.3514414
7.1670523
7.211736
7.1670523
6.4332876
7.344206
7.344206
7.1670523
7.2327523
7.180354
7.1807833
7.1735477
7.1875896
6.9982142
7.3514414
7.239988
7.1670523
6.8989463
7.1598167
6.953135
7.2624965
7.205999
7.382336
7.1875896
7.1875896
7.1670523
6.8863854
6.8726544
7.1950088
7.3514414
6.8726544
6.8863854
7.1735477
6.8863854
7.1670523
6.7433143
7.1670523
7.1807833
7.1807833
7.1670523
6.7433143
7.39772
7.1670523
6.7433143
7.2105746
7.1807833
7.262256
6.734926
7.1670523
7.3904843
6.8726544
7.2327523
7.310274
7.249384
7.1598167
7.3904843
7.1735477
7.239988
6.7433143
7.39772
7.180354
7.1598167
7.1801524
7.290987
7.1670523
7.1735477
7.3514414
7.3514414
6.8726544
7.1735477
7.1670523
6.7433143
7.21781
6.6978993
7.2524996
7.279415
7.2105746
6.9234123
7.1735477
7.186859
7.255239
7.22428
7.1875896
7.3948727
7.1807833
7.239988
7.2327523
6.9635043
6.6131973
7.239988
7.2095747
7.1670523
5.7937446
5.7937446
7.3514414
7.1807833
7.206612
7.1598167
5.7799773
7.1670523
7.2095747
6.572656
4.5230193
7.310274
7.1807833
7.220577
7.1807833
7.2095747
7.1807833
6.558925
7.1670523
7.2971773
7.344206
6.7433143
5.225617
7.344206
7.3514414
7.3514414
7.2105746
7.1670523
5.225617
7.3514414
7.198451
7.39772
6.284638
7.198451
7.310274
7.310274
7.2140465
7.3514414
7.1670523
7.1670523
7.275574
7.436382
7.2105746
7.2105746
6.8726544
7.1735477
7.344206
7.206811
7.1598167
7.344206
7.3514414
7.2360053
7.1911974
7.1670523
7.1933727
7.1670523
7.239988
7.1807833
6.619685
5.77362
7.310274
7.239988
6.68905
7.1807833
6.872971
7.249384
6.3962607
7.1598167
7.1807833
6.558925
7.1807833
5.9269385
7.310274
7.1911974
7.1807833
7.1807833
7.1670523
6.7433143
7.2105746
7.1807833
7.1807833
7.1598167
7.2105746
7.1598167
6.3962607
5.631143
7.1670523
6.9234123
7.3514414
6.8863854
7.21781
6.6978993
7.1735477
6.9343615
7.6717052
7.2095747
7.1807833
7.198451
7.310274
6.6841683
7.21781
7.1735477
7.21781
6.2199664
6.2711697
7.1807833
6.132743
7.1807833
7.103322
5.7937446
7.3514414
7.3514414
7.1670523
7.3514414
7.1807833
7.1807833
7.0570436
7.1598167
7.275574
7.21781
6.893192
7.1807833
7.1735477
7.344206
7.39772
7.310274
7.1807833
7.246615
7.4291463
7.274627
6.6841683
7.2837515
6.51126
7.1670523
7.1598167
7.3514414
7.3514414
6.7433143
6.572656
7.2696295
7.21781
7.1807833
7.226868
6.3825297
6.715567
6.5610642
7.39772
6.8726544
7.1670523
7.1735477
6.3825297
7.2095747
6.2062354
6.558925
7.3904843
7.1735477
6.2574387
6.572656
7.2971773
7.1670523
7.103322
7.246615
7.446082
7.1670523
7.39772
6.8863854
6.7433143
6.2888374
6.7433143
7.3514414
6.7433143
7.1807833
5.039553
6.715567
6.8726544
7.1670523
7.310274
7.1670523
7.1807833
7.1670523
7.1807833
7.1735477
6.3962607
7.1807833
7.213805
7.3514414
6.315496
6.572656
7.1735477
7.235478
7.3076096
7.21781
7.1670523
7.21781
7.310274
6.329227
7.344206
7.0391965
7.1875896
7.226868
7.198451
7.1735477
7.583359
7.1670523
7.1598167
7.21781
5.580385
5.769229
7.1735477
7.3514414
7.1670523
7.239988
7.239988
7.1807833
6.9234123
7.3514414
7.1598167
6.572656
7.239988
7.1912155
6.7433143
7.1670523
7.1807833
7.198451
7.290987
7.1670523
7.3514414
6.9234123
7.239988
7.21781
6.9234123
6.3906245
7.1670523
7.3514414
7.3514414
7.180354
7.3514414
7.344206
7.1598167
6.2574387
7.870521
7.3514414
7.1670523
7.239988
7.21781
7.1807833
7.21781
6.94559
7.180354
7.0570436
7.1807833
7.1670523
7.21781
7.1670523
7.8777566
6.3962607
6.284638
7.239988
7.1598167
6.2888374
7.4153876
7.39772
7.1670523
6.558925
7.1598167
6.7531214
6.6978993
5.9779387
6.829716
7.1670523
7.289942
7.3514414
6.132743
7.481098
7.1670523
7.1940947
7.3514414
7.1875896
7.3514414
7.1807833
7.8777566
7.21781
7.198451
7.1670523
7.1875896
6.8726544
7.3514414
6.284638
7.1670523
7.180354
7.310274
7.239988
7.2971773
7.1875896
7.1670523
7.180354
6.9234123
8.026758
6.572656
4.9408293
7.481098
7.1807833
7.8777566
7.583359
7.3514414
6.315496
7.21781
7.1670523
7.3514414
7.1670523
7.3514414
6.8685575
6.2062354
6.3825297
7.21781
7.249384
6.558925
7.21781
6.572656
7.1875896
7.1670523
6.757104
7.193344
7.3514414
7.2348633
7.1735477
7.1670523
7.3514414
7.289942
7.8777566
7.3514414
7.1875896
7.1670523
7.1735477
7.2971773
7.211736
7.1735477
8.026758
7.3514414
7.239988
7.1670523
7.2105746
6.8863854
6.315496
7.310274
7.2624965
7.3416157
7.1807833
7.310274
7.583359
7.1670523
7.3514414
7.1670523
7.1807833
7.1670523
7.239988
6.417439
7.1807833
7.3514414
7.1875896
7.3514414
7.3514414
5.580385
7.1807833
7.3514414
6.572656
7.2162104
7.1807833
7.3514414
7.8777566
7.103322
7.2971773
6.132743
5.096284
7.666819
7.290515
7.3514414
6.8863854
6.8863854
7.1670523
7.2971773
6.572656
7.249384
7.2971773
7.3514414
7.275574
7.3794913
7.21781
7.3514414
7.3514414
7.3514414
6.284638
7.3514414
7.1735477
7.2624965
6.315496
7.1598167
7.1807833
7.239988
7.3514414
7.3514414
7.21781
5.852949
7.3514414
6.558925
7.290987
7.3514414
6.9635043
6.9234123
7.1807833
7.3514414
7.21781
7.3514414
7.1670523
6.572656
7.239988
7.344206
7.211736
5.0202203
8.026758
6.715567
7.2421484
6.94559
7.1807833
7.235478
7.3514414
7.239988
7.21781
7.1670523
7.1670523
7.21781
7.3514414
7.1807833
7.1670523
7.0391965
5.7636557
7.1670523
7.3514414
7.1670523
7.1598167
7.1875896
6.415766
7.180354
7.1875896
7.21781
7.1807833
7.21781
7.202339
6.893192
7.257902
7.3514414
7.2624745
6.3875637
7.1670523
7.1670523
6.8863854
7.1875896
7.0027795
6.9982142
7.3514414
7.1807833
7.3514414
7.1867003
6.8863854
6.8863854
7.1735477
6.51126
7.2262516
6.558925
6.8863854
7.1807833
7.1867003
7.2105746
7.344206
7.3514414
7.1807833
7.1598167
7.3514414
7.3514414
7.344206
