7.2327523
5.668829
6.904053
7.1807833
3.4168775
3.2731566
7.211736
7.21781
7.1807833
7.1807833
5.7279725
7.1807833
4.1924424
6.8726544
7.1598167
7.1670523
4.1759996
3.4306083
6.871142
3.7031012
7.198451
7.1670523
7.1807833
7.239988
7.1670523
5.7279725
7.1598167
7.2327523
4.9270983
4.1897306
7.1670523
6.8726544
7.1670523
7.1735477
7.1670523
7.1807833
3.4306083
7.239988
7.1807833
7.1670523
7.1735477
7.1735477
7.198451
5.594116
6.558925
6.6978993
7.239988
2.563988
6.2062354
4.4722433
7.1735477
4.1759996
4.9408293
7.239988
7.1598167
6.3825297
7.3514414
7.239988
7.1598167
7.8777566
2.3974364
7.1735477
7.1735477
7.1670523
7.1670523
7.8777566
4.1897306
7.1807833
7.239988
7.2105746
6.904053
7.2327523
6.94559
7.1670523
4.1897306
7.1807833
7.239988
4.2973504
3.4306083
7.239988
7.2327523
7.39772
6.8863854
6.2199664
6.94559
4.1897306
7.239988
4.1897306
7.1670523
6.1919475
7.1670523
6.715567
4.3602476
6.928529
3.4168775
7.1670523
7.1598167
7.1807833
4.1759996
4.1759996
4.4585123
4.1759996
3.4306083
6.572656
7.1807833
6.609683
6.94559
6.72491
7.1735477
4.1897306
5.2985525
7.2327523
3.4306083
7.239988
7.1670523
4.9270983
6.8726544
7.2327523
6.6318607
7.1670523
6.3962607
6.6841683
6.558925
7.1670523
4.1897306
6.2199664
7.1670523
3.7031012
3.4168775
7.239988
7.1670523
7.1670523
5.580385
5.9779387
7.211736
7.1807833
5.2570157
7.1598167
7.1598167
7.2138476
7.8777566
6.94559
6.6978993
7.2140465
7.1670523
7.1598167
6.572656
7.1598167
7.1670523
6.9169397
3.4168775
6.8726544
6.757104
7.1807833
6.4139285
7.239988
7.1670523
2.3974364
TODO
6.8863854
6.6841683
7.1598167
7.1598167
7.1598167
7.1807833
4.1759996
5.2985525
7.239988
7.239988
3.4168775
7.8777566
7.239988
6.904053
7.1598167
7.8777566
7.1670523
7.1670523
6.279171
7.1807833
5.653321
7.198451
7.2327523
4.2686825
4.1759996
5.7373633
5.580385
6.6978993
4.2973504
6.572656
7.1598167
4.9270983
7.1598167
7.870521
7.2327523
6.1919475
6.94559
7.1807833
7.239988
7.186253
3.4168775
6.3468947
7.198451
4.1759996
7.239988
7.2138476
7.2327523
4.2424345
7.3514414
4.1759996
6.233373
3.7031012
4.456789
4.4585123
7.1598167
7.239988
7.2262516
7.1807833
4.1897306
4.1897306
7.1670523
4.1759996
7.1598167
4.408031
4.1759996
5.6883945
7.198451
6.94559
7.239988
7.1807833
5.0919185
4.328849
4.2973504
7.1670523
7.239988
6.8863854
5.611784
7.211736
7.1670523
7.1670523
6.119012
7.1807833
7.1670523
7.1670523
5.68256
7.1670523
5.642432
6.2062354
7.1670523
7.3514414
4.9270983
7.1670523
4.1897306
6.715567
7.1807833
7.2576556
7.239988
4.328849
7.1670523
7.8777566
6.4618325
6.6318607
6.8726544
7.1670523
7.2327523
5.4696436
7.5221314
7.1807833
5.225617
6.558925
6.9169397
7.1598167
7.1670523
7.1670523
6.8863854
5.225617
7.1670523
7.25042
7.1670523
7.198451
6.6495285
7.239988
6.8863854
6.94559
7.2327523
7.239988
4.328849
7.1670523
7.2327523
7.1670523
3.4168775
7.1670523
4.904821
7.1670523
7.1807833
6.8726544
4.4585123
7.2327523
5.762279
4.1759996
4.1897306
5.611784
5.2461543
7.198451
7.198451
4.2073984
4.1759996
4.5627704
4.1897306
6.3962607
6.8863854
7.2105746
5.225617
7.5221314
7.870521
7.1670523
7.481098
6.8726544
6.451483
4.2973504
7.1670523
4.1759996
7.1598167
7.1807833
7.1807833
5.881511
7.3812118
5.594116
5.225617
6.6841683
6.315496
7.1807833
4.328849
7.239988
6.4618325
7.1670523
5.225617
4.328749
7.1670523
4.5230193
7.8777566
7.239988
7.1807833
7.2138476
4.1897306
7.1670523
7.1875896
6.3825297
6.315496
5.2570157
7.203531
5.625069
6.8726544
7.583359
7.1670523
7.1598167
7.1670523
7.1670523
3.9528875
7.1807833
6.4618325
7.1670523
4.1897306
4.1759996
6.94559
7.3514414
5.320925
6.8726544
2.563988
5.8907514
7.2327523
4.1759996
6.2199664
7.1807833
5.668829
5.594116
7.239988
5.251633
7.2327523
6.558925
5.8622127
4.1897306
7.1670523
7.239988
7.1670523
7.1598167
6.5755897
7.2750616
6.8726544
6.6841683
7.1598167
7.1598167
4.239819
7.1670523
7.1598167
7.239988
3.2723477
6.6841683
7.279415
7.1670523
6.1604376
4.1759996
6.94559
4.2973504
7.1598167
4.1759996
4.339873
6.6841683
7.1598167
7.239988
7.242259
5.320925
6.3962607
7.1670523
7.1670523
7.239988
7.1598167
7.239988
6.534768
7.2327523
7.1598167
5.8380275
7.1735477
4.5627704
6.558925
7.239988
7.8777566
4.1759996
4.34258
7.2327523
7.2576556
6.3825297
4.1759996
7.1670523
7.1670523
7.1670523
7.1598167
7.1598167
7.1670523
6.3962607
5.580385
6.279594
7.1670523
6.558925
7.2327523
7.1735477
5.3139744
7.269732
7.275574
5.225617
7.239988
7.1807833
7.1598167
7.1670523
5.225617
6.3962607
5.2985525
7.1735477
4.1897306
7.5237536
7.1807833
7.1670523
4.2973504
7.3416157
6.2199664
6.94559
7.1598167
6.6318607
6.119012
7.2327523
7.1807833
3.581009
7.239988
5.239348
5.2985525
3.4168775
TODO
7.0027795
6.4755635
7.1735477
7.529367
5.0177016
7.21781
5.653321
6.2199664
3.2731566
7.239988
7.1735477
8.224234
4.34258
6.6841683
7.1735477
7.1670523
7.1598167
7.2331753
7.239988
7.1807833
7.1807833
7.1670523
4.2973504
7.239988
5.594116
TODO
4.1897306
7.240411
4.1897306
6.4618325
TODO
7.239988
7.1670523
5.7859807
5.3139744
4.1759996
7.1598167
6.6841683
7.1807833
TODO
5.320925
6.315496
7.239988
7.239988
4.1759996
7.1807833
7.093234
7.1598167
7.1670523
6.4554653
6.4755635
7.1598167
6.4554653
6.558925
6.3962607
6.2062354
7.1807833
6.871142
5.580385
6.315496
6.2062354
7.1807833
6.1919475
6.3884315
6.132743
6.94559
7.1807833
7.1670523
5.225617
4.1759996
6.8726544
6.6841683
7.1598167
3.4168775
6.315496
4.456789
7.1670523
8.200497
7.1807833
4.3544917
4.1759996
7.1598167
4.1759996
7.1735477
7.239988
4.1759996
7.21781
7.239988
7.21781
6.1919475
7.2138476
7.1598167
6.8726544
4.1759996
7.093234
4.2973504
6.6318607
4.1759996
6.1919475
7.1807833
7.1670523
7.2327523
7.1670523
7.21781
5.843155
7.1670523
7.239988
7.405588
7.344206
4.211664
6.6841683
6.4554653
4.3428426
7.302313
7.1670523
4.2973504
4.1897306
4.1897306
7.1735477
6.8726544
2.563988
6.8863854
6.119012
7.239988
7.2424035
7.2327523
7.2327523
7.1807833
7.1598167
7.239988
TODO
5.435866
4.1897306
7.1807833
6.6978993
5.433726
7.239988
7.21781
7.1598167
7.8777566
7.239988
4.1759996
7.2045007
5.594116
7.1807833
4.1759996
7.239988
3.4168775
7.1807833
5.77601
5.320925
6.8863854
7.1807833
4.207706
7.2360053
6.315496
7.1670523
4.1759996
3.4168775
4.1759996
6.590324
7.093234
7.2327523
7.1670523
7.1807833
5.580385
7.239988
5.486624
7.2327523
7.1598167
4.1897306
6.2199664
7.21781
7.1670523
7.1670523
7.239988
7.1670523
4.1759996
7.1598167
7.1670523
6.94559
5.594116
7.239988
6.558925
7.1670523
7.2327523
3.5593736
6.8726544
5.580385
2.563988
4.456789
7.289942
7.7990723
5.42756
4.1897306
7.415
7.2327523
5.6503654
6.2574387
7.239988
4.2073984
7.1670523
7.269732
7.2045007
7.1670523
3.4168775
6.315496
7.1670523
5.668829
7.239988
6.1919475
7.1735477
4.2973504
4.2973504
4.1759996
6.4554653
6.572656
7.1670523
4.1897306
5.320925
7.1670523
7.239988
3.4168775
7.3095484
6.757104
5.631143
7.1807833
7.239988
4.1759996
7.3095484
4.1759996
7.269732
4.2973504
7.1807833
7.1807833
7.1598167
7.2327523
6.94559
6.4432898
5.668829
7.348851
7.446082
6.3825297
7.1807833
7.1670523
7.1598167
7.239988
5.251633
4.1897306
7.1735477
7.21781
7.1670523
7.1670523
6.6318607
7.239988
4.1897306
7.1598167
6.572656
7.1670523
2.563988
7.3311834
7.2327523
7.1670523
7.1670523
7.21781
7.239988
7.239988
7.2045007
4.2973504
7.1735477
6.94559
6.94559
7.21781
7.1875896
7.1670523
7.21781
5.594116
7.239988
7.1670523
4.1759996
6.4618325
6.8863854
6.2199664
4.2973504
7.1670523
5.3162203
7.1598167
3.716832
4.1759996
7.198451
7.1670523
6.8863854
4.408031
4.1759996
5.2985525
4.1759996
7.239988
6.4554653
7.1807833
7.1598167
6.558925
7.239988
7.239988
6.315496
7.1598167
6.8726544
7.242259
7.1598167
6.715567
7.198451
6.5202813
7.239988
7.2327523
7.1670523
5.530434
5.530434
7.1807833
7.2576556
2.563988
6.3962607
7.1807833
7.1807833
7.1598167
7.1670523
7.1670523
4.456789
4.1897306
6.3825297
6.8726544
4.4585123
7.1598167
7.8777566
7.1670523
5.4477386
7.1598167
7.1670523
7.1598167
7.3095484
7.1598167
6.4554653
7.1598167
7.239988
7.1807833
6.3825297
7.1670523
6.558925
7.2327523
6.8863854
6.3825297
4.1759996
4.47052
7.21781
7.2095747
5.2985525
7.1598167
6.8863854
7.1670523
7.239988
7.1598167
6.5125904
6.8863854
4.1897306
4.1759996
4.1759996
5.7291994
4.2786794
7.2327523
6.9234123
6.8726544
7.1598167
4.1759996
4.9408293
4.1759996
5.3354278
4.1759996
7.239988
7.1670523
7.1670523
7.1598167
7.1807833
6.3962607
5.628701
6.315496
6.4554653
6.1919475
7.21781
7.1807833
7.2327523
7.1670523
6.1919475
7.1807833
7.21781
6.953135
7.1670523
7.1670523
7.239988
7.1598167
7.1670523
7.1807833
4.1897306
4.328849
6.3825297
7.239988
6.904053
7.1598167
7.1670523
4.1759996
7.254792
7.1670523
4.2585864
7.239988
6.94559
7.1735477
7.1670523
7.239988
7.1807833
7.239988
6.4554653
3.4168775
7.2327523
6.3962607
5.603872
7.1807833
7.1670523
6.4554653
5.5088015
4.40003
7.2327523
7.1670523
7.1670523
7.1670523
7.1670523
4.1897306
7.239988
4.1759996
7.1670523
6.5444193
5.3340526
7.1807833
5.302791
7.1670523
7.1670523
7.2550206
7.1598167
7.1912155
7.2971773
7.239988
6.3825297
7.21781
6.2199664
7.2576556
6.8863854
7.2327523
TODO
6.572656
7.1735477
7.8777566
7.1670523
6.3303742
7.2327523
7.239988
6.572656
6.5755897
6.7433143
6.9295764
6.2062354
7.1598167
7.1807833
7.1670523
6.94559
4.1897306
7.239988
7.1807833
4.1759996
7.1670523
7.239988
7.1670523
7.1807833
3.4168775
7.239988
5.4696436
7.1670523
6.558925
4.2402053
7.239988
2.3974364
7.1807833
7.239988
6.2062354
7.2095747
7.8777566
4.1952004
7.1670523
7.7068634
6.6978993
7.1807833
7.1807833
7.1670523
4.4722433
5.580385
5.0871525
7.1598167
7.1670523
7.1670523
6.3825297
3.4168775
7.1670523
7.1735477
7.2327523
4.1759996
4.1924424
7.21781
7.34907
7.8777566
6.3303742
6.94559
7.1735477
7.1598167
7.239988
6.8726544
4.4585123
4.1897306
5.2985525
4.4276857
7.1670523
7.2327523
7.2708354
7.1670523
5.668829
4.328849
7.2327523
7.1598167
7.1598167
7.1670523
7.239988
7.1670523
6.391105
5.2985525
7.1735477
3.4168775
7.239988
5.225617
7.239988
2.563988
7.1598167
4.4722433
7.2327523
7.093234
6.6318607
3.4168775
5.2570286
7.1735477
6.558925
7.239988
7.39772
6.734926
5.594116
7.446082
6.1504107
7.1670523
7.1670523
4.1759996
3.4168775
7.1670523
7.342956
7.2327523
7.239988
4.2973504
4.9270983
6.94559
6.2910895
5.653321
7.1598167
3.4168775
5.0871525
2.8141544
4.249358
7.1670523
3.4168775
7.1807833
7.1670523
6.6841683
6.1604376
7.1670523
7.1670523
7.1670523
7.1670523
6.8726544
7.242259
7.583359
6.928529
6.558925
6.8726544
6.8726544
6.8726544
7.8777566
7.1598167
7.1670523
7.1670523
7.1670523
7.1598167
4.34258
7.1598167
7.2696295
4.1897306
6.2062354
7.239988
7.1670523
4.8998055
7.1598167
6.8726544
6.757104
5.642432
5.831547
4.2973504
7.1670523
8.224234
7.1670523
7.1670523
7.1670523
5.3340526
7.1670523
TODO
6.6841683
6.8726544
7.1598167
7.2327523
7.1807833
7.2045007
7.1598167
3.4168775
5.683073
4.9270983
7.2327523
7.1598167
4.4585123
5.653321
6.4272137
7.2327523
5.2985525
7.1807833
7.1807833
6.51126
7.239988
4.1759996
7.2327523
7.1807833
7.1670523
7.1670523
7.3514414
6.8863854
5.239348
