7.239988
6.609683
7.0391965
6.734926
7.1670523
7.239988
7.2971773
7.1807833
6.558925
7.1670523
6.8863854
7.2421484
7.289942
6.6978993
7.257902
6.8726544
7.1807833
7.198451
7.1598167
7.481098
7.1670523
7.2278123
6.8863854
7.316704
7.1670523
7.2360053
7.239988
7.1735477
7.481098
7.1875896
6.8863854
7.2971773
6.217055
7.257902
7.1670523
7.198451
7.4153876
7.2105746
5.762203
7.344206
7.239988
7.191703
7.3514414
6.572656
7.1735477
7.239988
7.481098
4.5610795
7.1670523
7.1670523
7.259735
6.572656
7.310274
6.94559
7.205999
6.734926
6.3825297
6.4618325
7.2360053
7.1807833
7.1670523
7.344206
7.481098
7.344206
4.552072
7.21781
5.8762274
7.2105746
6.8726544
7.1911974
5.093579
7.1875896
7.2331753
7.239988
7.1807833
7.1670523
6.3962607
6.8142934
7.3514414
7.275574
7.1912155
7.3514414
7.1670523
7.0391965
6.249137
7.22877
7.1670523
7.3514414
7.39772
6.4816427
7.0570436
7.1670523
6.8863854
6.9416075
6.5835757
7.0391965
7.1807833
7.1670523
7.8777566
6.7190056
7.1807833
7.2971773
7.1807833
7.3514414
7.205999
7.180354
7.21781
7.198451
7.3112745
7.268088
6.4618325
6.132743
7.1807833
7.1940947
7.2971773
6.8142934
7.344206
7.1670523
6.837955
7.1807833
7.2971773
7.1985373
7.21781
7.001835
7.198451
7.1670523
7.1778545
7.446082
7.39772
7.1875896
7.180354
7.1807833
5.918734
7.5484495
4.1759996
7.1735477
7.39772
6.7433143
7.1875896
7.1598167
7.5484495
6.119012
6.558925
7.2971773
7.2971773
7.1875896
7.344206
7.344206
7.235478
6.7665
7.0570436
7.5484495
7.1670523
7.3514414
6.8863854
7.1807833
5.860838
7.1807833
7.39772
7.198451
7.3514414
6.3468947
7.1807833
7.2971773
7.239988
7.2327523
7.1670523
7.1598167
6.7014213
5.642432
4.1924424
7.3514414
5.7335825
7.1875896
5.1263256
7.21781
7.3514414
7.2327523
7.239988
7.0391965
6.1316357
7.1807833
7.1807833
5.093579
7.1670523
6.3825297
7.39772
7.5819244
5.554334
7.239988
6.6841683
7.21781
6.8726544
7.21781
6.0279365
7.1670523
7.0391965
7.262256
4.2973504
7.1807833
7.1807833
7.2327523
6.3825297
7.1875896
6.415766
7.1735477
6.7085767
6.2098618
7.239988
7.239988
7.1670523
7.1670523
6.558925
7.1670523
7.1670523
7.1670523
7.1670523
7.1875896
7.3514414
7.2327523
5.9613276
7.239988
7.1598167
7.1670523
7.885489
7.1807833
6.7504826
7.239988
7.21781
7.0391965
7.8777566
6.2062354
7.1598167
6.132743
7.1670523
7.239988
7.239988
7.1670523
6.9635043
5.093579
7.21781
7.3514414
7.39772
7.1670523
7.1875896
7.1670523
5.9696717
7.481098
7.21781
6.558925
8.452007
7.21781
7.2045007
7.1670523
5.7335825
7.3514414
3.2400136
7.103322
6.757104
7.2162104
7.1807833
7.180354
7.1807833
7.1598167
7.39772
7.2138476
7.1807833
7.249384
7.21781
7.2971773
7.1735477
7.239988
7.103322
7.1875896
7.1875896
6.893192
7.239988
7.1670523
7.0391965
7.3514414
7.1670523
6.6841683
7.408406
7.3514414
6.6841683
7.1670523
6.119012
7.3514414
7.344206
7.0391965
6.558925
7.1807833
7.1670523
7.1670523
7.1735477
7.257902
7.3514414
5.7335825
6.572656
6.9234123
7.1598167
7.302638
6.119012
7.1670523
6.8863854
6.8726544
7.2360053
6.953135
7.8777566
7.239988
7.21781
7.1807833
7.1807833
5.320925
6.8967996
6.8726544
7.3514414
7.2971773
7.3514414
7.39772
7.3514414
7.239988
6.1657844
7.1875896
7.3514414
7.239988
7.1598167
7.3514414
7.2971773
6.3962607
7.1875896
6.9234123
7.344206
7.1670523
7.1735477
7.2327523
7.1807833
7.2327523
7.344206
7.3514414
7.3514414
7.1598167
7.239988
7.239988
7.21781
7.8777566
7.1807833
7.1807833
5.969912
7.2818627
7.583359
7.3514414
7.1670523
5.8907514
7.239988
7.2360053
7.21781
7.1670523
7.1670523
7.3514414
7.21781
7.1807833
7.21781
5.7335825
7.1670523
5.0407577
7.0391965
7.1735477
6.8726544
7.1807833
7.3514414
7.756819
7.3514414
6.6978993
7.344206
7.21781
7.1670523
6.734926
7.1807833
7.1670523
7.1807833
7.8777566
7.2162104
7.4738626
7.3514414
7.3514414
7.3514414
7.481098
7.2360053
6.6318607
7.1670523
7.1670523
7.8777566
7.1807833
7.3514414
7.1875896
7.3514414
7.3514414
7.1670523
6.6841683
5.0871525
7.2971773
7.4373775
7.21781
7.239988
7.1875896
7.666819
6.8863854
7.198451
7.1735477
6.188394
7.3112745
7.1670523
7.21781
7.1877046
7.239988
6.6841683
7.2339845
7.21781
7.239988
7.2162104
7.1670523
7.1807833
7.446082
6.6131973
6.8863854
7.1670523
7.0391965
7.186253
7.1875896
7.0391965
7.1670523
7.1875896
7.1670523
6.5125904
6.682388
6.366254
5.8380275
7.1670523
7.1875896
7.1875896
7.21781
7.1807833
7.3514414
6.3702464
7.249384
7.1807833
7.1670523
7.1807833
5.8899693
7.198451
7.1670523
7.1670523
7.1670523
7.2971773
6.572656
7.0391965
7.2971773
7.187773
6.558925
6.558925
7.39772
7.1807833
6.954986
6.195564
7.1875896
5.2985525
6.119012
7.1670523
7.21781
7.21781
7.1807833
7.21781
7.249384
7.2105746
7.21781
6.8726544
7.1875896
7.21781
7.1598167
6.2569933
7.3240304
7.239988
7.3904843
5.642432
6.132743
6.8726544
7.3499103
7.1670523
7.239988
5.2985525
7.1598167
5.9363213
7.1875896
7.21781
5.7335825
7.1735477
7.1877046
7.032735
7.310274
7.2962327
6.6978993
6.757104
7.239988
7.344206
6.904053
7.234969
7.1670523
5.096284
7.190839
7.1670523
7.1670523
7.222941
7.1598167
6.6318607
7.39772
7.1875896
7.0570436
7.180354
7.2327523
7.3514414
6.996117
7.103322
5.2985525
7.0570436
7.1598167
7.21781
7.1735477
7.3514414
7.21781
7.1807833
5.096284
7.249384
7.2360053
7.39772
7.1937566
6.953135
6.132743
7.709398
7.1735477
5.225617
6.6841683
7.1670523
7.2300744
5.164133
7.1195726
7.1807833
7.1670523
5.096284
7.2327523
7.249384
7.2327523
7.1875896
7.239988
6.9234123
6.195564
7.1598167
6.9234123
7.3514414
7.1598167
6.953135
6.3825297
7.1670523
7.21781
7.3514414
7.39772
7.1670523
7.187388
7.2105746
7.1670523
6.8726544
6.4332876
7.1807833
7.2327523
7.1670523
6.975334
7.103322
6.6925
7.1807833
6.915177
7.3095484
6.8726544
6.0279365
6.7433143
7.8777566
5.470902
7.1807833
7.1670523
7.1735477
7.21781
7.1142764
7.1670523
5.0871525
7.1598167
6.8726544
7.2105746
7.275574
6.8863854
7.2962327
7.1807833
7.1807833
6.8726544
7.1670523
7.1807833
7.2105746
7.1807833
7.240411
4.2973504
7.1912155
6.8726544
5.852949
7.2105746
7.1807833
7.1670523
7.2327523
7.39772
6.2910895
7.1875896
4.7181916
7.279415
6.7433143
6.9811764
7.1735477
7.21781
7.239988
7.1670523
6.6841683
6.5809894
6.9811764
7.1670523
7.3514414
6.0279365
7.1807833
7.0391965
6.9453273
7.1807833
7.198451
7.2683387
7.1807833
7.39772
7.1670523
5.580385
7.1670523
7.1670523
7.1598167
7.1598167
7.1670523
6.8863854
7.3514414
7.1670523
7.240411
6.6318607
7.1807833
7.344206
7.2138476
7.191703
7.1670523
5.096284
5.0407577
7.1807833
7.39772
7.2971773
7.2160783
7.21781
6.8726544
5.77362
7.3514414
7.3024087
7.21781
7.21781
7.2278123
7.21781
6.914836
7.1807833
6.946013
7.2162104
6.6131973
5.7105103
7.1778545
7.0570436
7.1670523
7.21781
7.2971773
7.1912155
6.953135
7.239988
7.1670523
7.2105746
6.8726544
7.1807833
7.239988
6.94559
7.339148
7.1670523
7.197001
7.239988
7.259735
6.8726544
7.240411
6.9811764
7.3514414
6.376256
6.558925
6.284638
7.1807833
7.1735477
7.1735477
7.198451
6.1504107
7.1807833
7.344206
7.239988
7.2140465
7.2278123
7.1670523
6.558925
7.1598167
6.4554653
7.193344
7.1735477
7.431943
7.3904843
7.1875896
7.21781
4.531871
5.594116
7.39772
7.274627
7.21781
6.8863854
7.275574
7.2105746
6.734556
7.198451
6.8726544
7.1670523
6.8726544
7.1807833
7.1807833
5.0407577
7.1670523
7.1807833
7.3514414
6.807631
7.1670523
7.3514414
5.225617
7.239988
7.3514414
2.4609828
7.1670523
7.1875896
7.21781
7.2138476
7.1670523
7.198451
7.1807833
6.8726544
7.211736
7.1807833
7.344206
7.1807833
7.3514414
5.320925
6.2910895
7.1735477
7.1875896
7.3514414
5.918734
6.8863854
7.275574
6.6841683
6.6841683
6.4755635
7.3514414
7.220577
7.3514414
7.1670523
7.1670523
7.1670523
TODO
6.8569107
7.1807833
7.2327523
6.1504107
6.284638
6.9680767
6.6841683
6.8685575
7.1735477
7.255239
7.1875896
6.639204
7.239988
7.3514414
7.2971773
6.590324
7.1670523
5.0871525
7.1670523
4.5921493
7.1807833
6.329227
7.1807833
7.0570436
7.3514414
7.1670523
6.6978993
7.1807833
6.6978993
6.2062354
7.1735477
7.198451
7.1807833
6.3962607
7.1670523
7.1670523
7.1735477
6.366254
7.3514414
7.1598167
5.5598955
7.3514414
7.39772
7.3514414
7.1670523
5.0407577
7.1807833
5.811053
6.3825297
7.2105746
7.1670523
7.1516843
7.1598167
7.1670523
7.1807833
7.1807833
7.2360053
7.1807833
7.0027795
7.1807833
5.811053
7.180354
6.2199664
5.7598405
5.594116
7.1670523
7.1670523
7.3514414
6.8863854
7.1807833
7.2140465
7.39772
5.763803
7.21781
7.3514414
6.403067
7.1735477
7.3904843
7.2971773
6.572656
7.4669394
7.39772
7.1807833
6.7333264
7.187773
7.22877
7.0027795
7.1670523
6.953135
6.558925
7.446082
7.1807833
7.253673
7.0570436
6.3884315
6.6318607
6.7309637
7.1670523
7.1670523
7.2105746
7.1670523
6.572656
5.096284
7.1807833
7.21781
7.3514414
6.8863854
7.3514414
7.2105746
7.3514414
7.2753234
7.1670523
7.446082
7.1912155
7.1807833
7.1670523
6.1316357
7.289942
7.289942
7.1670523
7.1807833
7.198451
7.3514414
7.3514414
7.1670523
7.239988
6.558925
6.734926
7.3514414
6.308465
7.1670523
7.316704
6.1395493
7.259735
7.1807833
5.0407577
7.4738626
7.0391965
7.2729917
7.1670523
7.1735477
7.0729012
7.1912155
7.1670523
7.249384
5.0407577
5.0407577
7.1875896
7.1807833
6.6978993
7.1670523
7.205999
7.1670523
7.1670523
7.2962327
7.1670523
6.572656
7.1670523
7.3514414
6.572656
7.240411
6.8726544
7.1807833
6.5610642
7.39772
7.1598167
6.7433143
7.1807833
7.198451
7.1670523
6.558925
7.1807833
7.3904843
5.0407577
6.6495285
7.0391965
7.1911974
6.6978993
7.39772
6.6978993
7.239988
7.3514414
7.39772
6.403067
6.9680767
7.1807833
7.481098
7.1670523
6.757104
7.239988
6.299195
6.667447
7.1670523
7.1670523
6.7433143
6.366254
7.1670523
6.8726544
7.1807833
7.21781
7.21781
7.1807833
6.8726544
7.39772
7.1670523
7.1875896
5.625069
7.1807833
7.239988
6.94559
6.715567
7.39772
6.279171
6.5220227
7.1670523
7.1807833
7.219612
7.3514414
7.1670523
7.1670523
6.8726544
7.239988
7.1598167
7.2272425
7.1670523
7.239988
7.1598167
6.8863854
7.1670523
7.2138476
6.2711697
6.8863854
7.1670523
7.1807833
7.289942
7.3514414
6.7433143
7.1735477
7.3514414
7.3514414
7.1670523
7.21781
7.1670523
5.3646317
6.734556
7.324964
7.39772
7.344206
6.3825297
7.3514414
7.3514414
6.3659606
7.239988
7.1670523
7.1807833
7.2818627
7.1735477
7.21781
7.21781
7.1807833
7.1670523
7.3514414
7.2324896
6.132743
7.3514414
7.3514414
7.583359
7.1950088
7.1670523
7.1807833
7.2278123
7.239988
7.2624745
6.8863854
7.310274
7.310274
7.239988
7.2971773
5.093579
7.481098
7.249384
5.0407577
7.1807833
7.1807833
6.4618325
7.1670523
7.3514414
6.8863854
6.722889
7.1670523
7.1670523
7.1807833
6.7433143
7.21781
7.2971773
7.1670523
7.1598167
7.2105746
7.1861086
6.6978993
5.631143
6.8863854
7.21781
7.3514414
7.1807833
7.21781
5.580385
6.315496
7.198451
7.5062637
7.2095747
5.0407577
7.231911
7.3514414
5.580385
5.763803
7.1670523
7.21781
6.386715
7.1735477
7.1598167
7.1807833
7.1807833
7.39772
7.1598167
7.0570436
7.0570436
7.198451
7.3514414
7.1670523
6.649775
7.344206
6.904053
7.2624745
6.9234123
7.1875896
6.572656
7.1670523
6.3825297
6.3663993
7.3514414
6.4618325
7.193344
7.141984
7.1912155
7.5223927
7.481098
7.3514414
7.1912155
7.2550206
7.239988
7.3514414
6.7433143
6.558925
6.4554653
7.2105746
7.1735477
5.7335825
7.1670523
5.580385
6.5610642
7.39772
7.7964864
7.1670523
7.1807833
7.180354
7.1670523
6.8726544
7.1670523
7.39772
7.1807833
6.0279365
7.1670523
7.4738626
7.1598167
7.39772
7.1670523
7.1807833
7.1598167
7.39772
7.1735477
6.7433143
7.1670523
7.3514414
7.3514414
6.7433143
7.1735477
5.713513
7.198451
7.2624745
6.329227
6.121686
7.4291463
7.1807833
7.1598167
5.093579
7.446082
6.315496
7.1807833
7.1807833
6.734556
4.190661
7.1670523
7.1807833
7.21781
7.0204473
7.2105746
7.1670523
7.2105746
7.3514414
7.239988
6.4332876
7.3514414
7.1670523
7.1670523
7.198451
6.315496
7.239988
6.8863854
7.1670523
7.21781
7.1875896
6.558925
7.3751006
7.3514414
7.1670523
7.2327523
7.2327523
6.119012
6.609683
7.811633
7.257902
7.1670523
7.316704
7.1670523
6.7433143
7.1807833
7.186253
7.2818627
7.1012707
7.382336
7.8777566
7.21781
6.7511005
7.21781
7.21781
7.3514414
7.1598167
6.020394
7.2971773
7.240411
7.3514414
7.3514414
7.1807833
7.1670523
7.239988
7.3514414
7.1861086
7.239988
6.366254
7.239988
7.21781
7.239988
5.0407577
7.0570436
6.8863854
7.1807833
7.21781
6.8726544
7.239988
7.1807833
7.0570436
7.239988
7.1598167
7.1670523
7.4153876
7.103322
7.1807833
7.1670523
7.1598167
6.603609
6.6978993
7.1807833
6.6042795
6.558925
7.481098
5.093579
6.0142055
7.481098
7.1670523
7.275574
7.3514414
7.180354
7.3514414
7.1807833
7.8777566
6.4332876
7.1933727
6.6978993
7.180354
7.1598167
7.3514414
6.5755897
7.446082
7.180354
7.0570436
7.870521
7.2971773
5.0407577
7.1670523
6.119012
6.609683
6.893192
6.558925
3.4168775
7.4738626
7.1807833
7.239988
7.2327523
7.344206
7.1670523
7.21781
5.7800136
7.602457
7.1670523
7.1807833
7.3514414
7.1670523
4.328849
7.21781
6.3962607
7.1807833
7.21781
7.1670523
7.242259
7.1670523
6.94559
7.1598167
6.3702464
7.1875896
7.1598167
7.1670523
7.310274
7.481098
7.583359
7.3514414
7.3514414
7.1516843
7.2971773
7.289942
7.2708354
7.1670523
5.0407577
7.3514414
7.2327523
6.6978993
4.5543227
7.1807833
7.1912155
7.3514414
7.1807833
6.315496
7.2138476
7.310274
7.2360053
7.1670523
7.1670523
7.1807833
7.198451
7.1735477
7.211736
7.344206
7.1670523
7.1670523
7.2684813
7.3514414
7.3514414
7.1735477
7.1670523
7.3514414
7.1875896
7.1670523
7.1807833
7.3514414
7.583359
6.7895927
7.0027795
6.6841683
5.2570157
7.3240304
7.39772
7.3514414
7.1598167
7.1912155
6.8726544
7.0027795
6.558925
7.249384
7.2971773
6.953135
4.456789
6.6690264
6.609683
7.344206
7.1735477
7.3514414
7.21781
7.3514414
7.1670523
7.1670523
5.817816
7.1670523
7.1670523
7.239988
6.9982142
7.3514414
7.21781
7.8777566
6.8569107
7.1807833
7.198451
7.310274
7.5484495
6.734926
7.1807833
7.1807833
7.21781
6.953135
7.1875896
7.1670523
7.186253
7.3514414
7.239988
7.1670523
7.1670523
7.3199806
7.249384
7.3805737
7.1735477
7.21781
6.734556
7.2576556
7.2105746
7.220577
7.198451
7.21781
6.494863
6.132743
6.8726544
5.1787806
7.344206
7.1670523
7.3514414
6.7449284
7.1807833
7.1875896
7.3514414
7.1875896
4.531871
4.5543227
7.1735477
7.21781
5.54419
7.1807833
7.257902
7.3514414
7.1807833
6.512655
7.1670523
6.119012
7.1807833
7.1807833
7.2971773
6.249137
7.3514414
7.1807833
6.284638
7.2971773
7.2962327
6.558925
7.1875896
7.310274
7.1670523
7.1598167
7.1670523
7.1807833
7.2971773
7.2105746
7.3514414
7.3514414
7.446082
7.1670523
7.1598167
5.956181
6.534768
