4.3777657
4.3976407
8.735376
6.2575774
4.3671575
6.7056246
8.090312
4.866945
4.587075
4.1749787
4.6108036
4.431441
1.823173
3.3522766
4.409446
3.9176433
0.41413483
TODO
3.5477002
5.472309
TODO
8.200979
0.7169859
6.7056246
4.8146243
TODO
3.994584
4.7632365
TODO
8.613034
7.7592635
TODO
0.4780558
6.3012614
6.3747535
3.7350116
5.196397
4.689405
1.8010569
5.854803
3.9620707
TODO
6.8811045
6.206477
3.2483873
4.707431
5.1947956
4.404897
TODO
TODO
3.3893683
1.5665301
6.0814047
3.311642
5.680324
3.2709658
TODO
3.8067067
TODO
7.24104
5.4305625
5.618276
8.141255
3.7198813
1.5052847
1.9896016
0.8634083
3.967597
2.1603994
TODO
7.4531665
3.1494973
3.3114235
0.5834939
1.7853019
5.323341
4.991357
3.8198802
6.250285
7.333035
3.6570647
8.248479
TODO
8.248479
1.9623171
TODO
4.019133
TODO
5.8731065
2.3084245
2.3296232
4.1203575
TODO
4.4946585
TODO
3.4567983
TODO
4.1843386
TODO
TODO
8.133858
TODO
TODO
8.248479
3.1844795
4.590762
3.4501503
3.430584
3.0357232
3.4342005
0.77142906
2.1318514
4.276408
7.857838
TODO
TODO
4.8724017
7.818054
8.591108
7.5763564
1.2749313
6.4535584
TODO
2.876232
3.73452
4.835939
3.7497296
7.9750466
4.0401726
7.707778
8.248479
6.2313023
7.8788457
4.9370923
1.5246788
2.7546117
TODO
8.248479
5.6599855
2.4533002
2.9415855
8.228504
7.657422
8.324909
4.116343
8.230397
TODO
5.8762865
2.6763256
4.4602823
TODO
7.6745872
4.3503995
6.0680285
6.1870685
3.3920162
2.071745
6.266668
4.6920133
TODO
5.903373
TODO
6.0182986
8.252295
4.2082496
4.5843525
3.9092605
5.7097316
3.4047408
4.046175
1.509337
TODO
2.8848157
TODO
8.185874
3.6285007
TODO
6.7056246
TODO
4.6803675
2.6197758
6.2367435
1.5554866
1.4949491
5.2653375
5.4049664
TODO
8.113655
4.6611304
3.1844795
3.8764393
7.8177776
TODO
3.9303598
7.6047964
0.9211502
3.4567983
3.0078685
2.744822
7.8276305
7.3834176
7.4100814
2.4800305
7.4793158
3.7541833
1.2421474
7.310775
7.3198266
1.8098267
4.3687096
5.213131
4.1979785
7.8276305
5.7022886
TODO
4.539043
7.097835
7.439166
TODO
7.4531665
8.248479
4.742911
7.653902
3.0511014
3.553328
7.8276305
4.442648
2.2614021
TODO
8.093796
7.0807047
7.5037932
6.8537474
4.7664886
5.192021
7.7347236
3.961205
7.690388
3.3603914
7.4531665
1.981164
4.8446913
TODO
TODO
4.033594
3.8645835
8.248479
8.607626
4.2629356
3.4150763
3.63376
4.074206
7.89877
6.506683
2.7462173
5.744354
1.5630789
3.1986551
2.5017364
8.6550045
1.3953379
7.7807536
7.2328124
3.2684991
4.587993
TODO
7.618664
6.6329465
1.2265167
7.702723
2.367656
4.3301816
8.203812
7.5943475
4.1749787
3.2173657
3.727376
5.5617895
5.5516524
6.1008515
7.8693256
7.204535
3.6657403
TODO
TODO
7.5615373
7.8763423
TODO
TODO
3.4567983
7.345653
5.633182
4.4330525
7.2190843
3.2020895
4.0209928
8.234435
7.9205055
7.468935
2.5272841
2.1973548
TODO
5.863763
8.020843
2.4258707
2.6384099
TODO
4.9997506
TODO
4.0316467
TODO
3.8742228
1.8789514
0.86262715
7.2685895
TODO
TODO
TODO
TODO
8.759138
8.248479
2.918196
5.0772038
5.260526
8.248479
6.7056246
2.7291276
8.248479
6.68614
3.345255
TODO
8.813424
5.4909415
7.8276305
2.6577268
6.7056246
5.336649
6.7056246
TODO
TODO
3.9964526
6.7056246
TODO
6.7056246
7.8176775
6.7056246
1.7739124
4.1789927
TODO
7.518923
3.311642
TODO
5.7923355
5.5129933
4.631929
2.5479746
TODO
3.6833494
3.5297256
3.8629215
7.2275176
0.97419655
4.0185246
2.7671328
4.671775
1.7008679
8.908801
4.6590843
5.200852
8.083422
7.7004404
4.732427
6.2010756
3.2451508
5.8762865
4.0185246
3.2053125
7.23421
7.5702295
7.092663
2.4034712
6.7056246
TODO
4.2091384
TODO
TODO
TODO
1.8247027
TODO
3.7866528
3.1494262
4.6751947
6.7056246
4.900896
TODO
3.6371195
8.248479
TODO
3.0511014
7.514775
7.4531665
TODO
7.6332564
TODO
7.1684456
3.1755874
4.4105277
0.85748786
3.356095
7.831657
0.47469878
8.61168
TODO
TODO
8.027013
7.789109
7.9961796
4.578654
4.818753
4.734298
7.8765154
5.6056714
7.997937
3.9555833
3.5722532
3.311642
TODO
3.4567983
4.7548814
4.033594
TODO
2.987358
TODO
TODO
2.484324
2.2410853
8.822736
1.9491069
TODO
9.195545
4.82319
5.410186
4.9558415
6.1008515
7.923847
8.067731
TODO
2.3038535
8.340211
0.59718287
3.430584
7.705179
TODO
3.0094194
TODO
1.9441406
3.4567983
TODO
4.7391653
1.1753476
8.099469
TODO
7.7976327
7.690388
3.6570647
3.4467607
1.7115371
7.496431
TODO
TODO
3.4137957
TODO
3.9580317
2.197745
TODO
7.112719
2.2667346
7.859666
5.88881
TODO
6.7277293
4.3520617
4.707431
1.4992263
TODO
7.8276305
3.5080862
TODO
3.8118916
5.0669274
TODO
3.6568553
TODO
5.47872
3.043737
3.0124154
4.9028907
2.6334767
3.6375513
6.0449433
6.947922
7.4590316
6.7056246
6.936577
7.427002
3.693812
1.3589824
TODO
TODO
7.5317254
5.787111
4.822224
3.9449136
7.5537286
3.5730796
TODO
TODO
6.500846
2.6504169
4.9889574
TODO
2.482005
3.824647
3.348315
TODO
3.0076184
6.24277
TODO
TODO
5.050239
5.304537
TODO
2.6588755
3.972263
7.9106903
8.126458
4.6260157
3.6604354
TODO
7.5133715
1.2487845
7.0378413
7.2666435
TODO
7.5887504
7.4181848
7.9552584
6.051258
TODO
TODO
8.038782
2.0044732
2.1487265
3.6635025
TODO
5.420873
4.551774
4.4315324
5.5508423
5.9097304
2.5249417
2.54176
TODO
4.0600557
8.014239
7.466551
6.443455
TODO
7.6984076
TODO
4.4064207
4.0457907
4.927008
TODO
8.864478
7.2527637
TODO
4.991269
4.5555167
0.89794755
8.298732
6.7056246
8.83395
5.1347985
0.5834939
TODO
4.714959
4.9711065
3.2305338
5.029383
2.056126
4.34193
1.4949491
4.241168
TODO
5.1783557
5.1040554
4.2152123
4.6165547
3.6661532
6.6097817
1.4619921
TODO
TODO
2.450563
3.6549141
3.6086295
1.470145
4.262081
2.7847896
3.5145493
6.7056246
6.163392
TODO
4.277851
TODO
0.94405395
3.4948928
8.248479
3.7641153
3.4528947
3.8227363
3.9795194
5.8828793
4.6476154
7.900575
8.899957
3.8079643
TODO
7.667964
TODO
7.3778577
5.744354
4.6803675
7.671843
4.2083306
5.071911
4.509831
TODO
2.0225053
7.8276305
2.6882002
3.0076876
6.02149
4.541114
5.40596
4.4064207
TODO
TODO
7.646399
3.2008407
4.519937
8.056182
0.396145
2.3556287
3.9563386
7.803611
TODO
7.4531665
4.040949
7.889142
7.810646
4.6627035
4.2423406
7.3116317
TODO
1.8525
5.6178727
4.6113076
5.5367746
TODO
7.4770403
7.4894567
4.3369727
2.0942981
TODO
3.2559
3.169183
TODO
8.248479
4.972888
4.0757694
3.0705843
3.6570647
4.368077
6.7056246
TODO
6.153658
5.535888
TODO
5.131052
3.401052
8.248479
0.77709264
7.889584
6.7056246
4.789202
1.4391773
8.307104
7.8963675
2.617693
TODO
7.817838
5.6983924
2.1328282
4.620945
2.9179401
7.870211
4.752155
5.419837
6.7056246
TODO
TODO
3.4391627
TODO
3.1705797
3.345308
3.9006343
4.0773654
2.8403862
5.7392697
3.474385
TODO
5.1333117
1.2354318
1.0493473
3.9081018
TODO
3.051645
3.276531
TODO
3.2052584
6.0487065
6.545781
3.1049657
3.5145493
4.1259947
3.843345
5.0552635
8.070815
7.1973066
7.8769107
7.8299108
7.913391
3.406869
7.159564
2.8374963
6.7056246
4.067294
0.5607954
7.6398315
TODO
4.168713
5.0092316
7.2116246
5.6093526
8.068949
3.5158455
7.3480926
4.721487
4.4064207
3.7152371
4.061749
2.265995
3.2090883
4.6312246
4.6426263
5.7883983
2.408244
2.3342118
9.07234
2.2266314
8.107101
7.5406027
5.811952
8.200979
5.5693007
TODO
3.3904684
8.044174
8.067386
6.538082
4.3827577
5.2782483
4.897763
6.2249837
7.879684
TODO
TODO
7.9106903
TODO
4.024714
TODO
TODO
8.248479
5.5690556
2.7729828
TODO
7.4531665
2.5748901
1.2228127
1.7699726
5.1923785
8.45859
1.9600656
4.6764927
7.237136
2.825672
7.8769107
4.458413
3.2138643
2.224301
5.437104
TODO
8.212086
5.7782307
4.229702
0.1657534
4.438829
6.3126783
1.5640242
1.5092323
TODO
8.437447
TODO
4.664342
2.7663455
6.5044293
4.061749
TODO
3.3542812
2.7841852
2.7875075
7.4195857
5.5433702
5.367371
7.480551
7.8209863
3.4198768
4.5079083
4.663623
4.061749
4.2514324
4.7841787
2.913123
4.579384
7.362689
3.5679457
6.6285233
1.8596908
7.8276305
TODO
2.7008543
7.590012
7.425098
8.248479
1.8392599
8.820056
3.3207877
6.7056246
7.2328124
5.503483
8.106802
6.4054008
7.2121096
TODO
6.7056246
4.1011524
TODO
4.6260157
2.500473
0.29938382
7.9583726
TODO
6.500846
6.7056246
6.153658
7.8120093
7.835776
2.0253649
7.3004274
7.998726
7.464602
1.0371693
5.1213546
6.9407177
TODO
4.5273476
TODO
4.850817
8.248479
3.7302125
7.594217
8.656996
0.18807967
TODO
TODO
5.8737526
8.139133
8.490542
5.026557
3.5071342
TODO
TODO
TODO
3.5559778
TODO
7.5177884
3.6570647
8.248479
5.2880206
5.4843454
4.725853
2.8076334
7.5893726
1.8651069
8.461918
2.8062863
5.313124
5.4690633
7.310748
3.929799
TODO
8.248479
8.069249
5.2145815
8.160242
TODO
3.5925505
4.1766496
4.701236
5.2563896
TODO
TODO
7.6064425
2.6900458
8.109032
2.8993857
4.9907026
2.0508308
0.6832138
7.255307
3.099099
0.06460345
5.134548
8.506635
4.7880616
3.741014
1.8774953
5.0273967
6.7056246
4.2827716
4.5200133
4.6438155
8.425594
3.6159575
1.3589824
7.092007
TODO
4.011506
2.9742808
4.6994877
2.8662066
7.2681594
1.8542186
TODO
TODO
TODO
7.2483845
4.330057
3.8043118
TODO
8.746243
3.6320314
8.720948
2.0508308
5.015521
TODO
4.2566366
4.7426286
7.360677
7.859871
TODO
6.10705
7.333035
3.6603487
7.4100814
7.335496
7.783217
TODO
4.691687
3.3603914
7.796801
2.6871088
TODO
6.7472334
1.4311428
6.2799797
TODO
3.9261448
3.8192904
3.52633
7.0222073
7.617251
7.947294
7.1711645
7.4367604
1.8520638
3.7389526
4.7058153
8.557223
TODO
8.124731
7.3544564
1.7069777
4.277851
7.654857
8.248479
4.4002748
6.0080094
5.342713
4.1457434
4.393279
TODO
1.4466319
4.355179
7.7837877
8.388383
3.2965846
4.061749
TODO
TODO
TODO
4.0593815
2.2755187
7.182247
4.5216866
4.344373
8.0492325
4.168713
7.8871875
TODO
8.248479
3.8320732
3.0990057
5.6409416
TODO
3.311642
5.0387793
4.048109
2.866449
3.2243166
4.1545706
8.593862
3.734822
8.248479
6.290137
4.152592
2.7518368
8.09968
4.918436
TODO
8.600052
TODO
4.999489
1.8364323
2.438391
2.8451695
3.470862
5.3370275
5.2824807
3.0511014
3.0511014
3.968527
8.349937
1.8226061
7.998726
7.3995776
4.975893
8.673893
2.4792514
3.2425392
8.381389
5.664101
4.299727
6.7056246
4.0185246
1.1303606
1.7139481
1.6112977
2.069242
8.481155
2.199773
5.000997
TODO
2.8798146
2.7645192
2.84336
3.3132696
TODO
7.5985403
3.4446461
3.2738018
6.4709177
TODO
3.2360532
TODO
6.500846
TODO
3.745705
8.093796
3.4140358
5.9284244
5.875402
4.1659555
2.6652558
7.850034
7.9320374
4.4844575
4.061749
TODO
3.1844795
3.1362095
5.348216
3.450868
3.5736847
4.5045943
5.700779
2.468803
3.5494814
3.7842684
4.7606664
5.744354
3.4178145
2.271883
5.528424
7.6711435
4.296958
2.7462173
8.3007
TODO
5.134548
TODO
2.489373
TODO
3.9218035
4.2757645
3.0490706
1.8097161
7.646399
TODO
1.6325396
7.118998
4.5337763
6.1552653
7.6828704
3.3390121
5.7883983
5.159421
7.8474984
8.388383
4.2577424
3.268306
2.7220669
6.7056246
4.664342
2.0508308
1.1974895
7.5875335
3.3294368
TODO
7.956636
5.183279
5.9725866
3.6764796
7.2751107
8.09968
6.0066915
7.3854065
8.140534
7.5732155
3.0336642
8.686769
5.5873976
1.4958061
2.7276719
7.3963504
4.5225477
4.3559704
5.3279996
TODO
0.2738739
5.396529
1.6887625
2.6786003
TODO
2.7442274
1.3936222
5.131052
0.7169859
TODO
5.886002
2.8013175
3.1954062
3.0931342
8.248479
3.8049738
TODO
4.375189
3.3545437
3.6428783
5.918043
4.9012876
4.1409135
1.4656289
5.3676314
2.857922
3.3719068
2.8183799
5.179685
3.6570647
4.5933347
TODO
4.620782
TODO
3.6083508
4.368344
8.330037
2.9669645
5.863763
4.056062
4.8409524
4.3520617
3.239613
7.864782
TODO
3.1209528
6.6739063
6.1051345
0.8853182
7.825886
2.1886802
6.508877
7.2520194
2.9892402
4.5970745
8.065285
3.2326336
3.8008316
3.1844795
3.4477258
8.669185
5.535888
TODO
6.7056246
5.0817537
2.8686318
8.043703
4.1386604
4.4060216
7.267628
7.690388
3.3522766
TODO
4.3617325
5.080306
8.141255
7.4531665
7.598572
3.5559778
8.688931
8.579114
2.5142975
4.2452292
6.1008515
1.8258927
6.7056246
4.0959444
8.743022
7.497471
3.2302089
1.9473131
6.215884
TODO
3.7786665
1.678815
6.500846
2.779284
8.230397
7.5576696
4.880437
4.054578
5.4797664
4.8304677
3.5590343
1.0596431
0.36877355
7.410181
4.6077313
7.163823
6.7128053
TODO
4.2139764
4.337525
2.314612
3.3698819
3.2535155
TODO
3.2568111
0.9598086
3.990719
7.307222
5.8466334
1.1937178
8.2814
3.1963437
4.1409135
6.7056246
7.861945
3.9757142
5.260526
3.505755
4.7513685
6.7056246
7.654857
6.7056246
8.248479
4.664342
3.0339062
5.642311
4.5155554
8.248479
5.008135
7.4100814
TODO
3.7360806
4.3574286
3.4273639
2.3270085
4.734298
2.2507966
3.0954947
5.5710177
7.9561386
5.8662386
8.426446
7.731549
6.6739063
3.1559367
8.555309
7.130076
6.7056246
TODO
7.3238325
2.6647837
7.654897
7.5106945
TODO
3.8985095
7.3275623
TODO
2.0711432
3.9793205
TODO
TODO
3.7248805
4.3916407
5.3328767
7.707778
TODO
TODO
7.70976
5.786422
2.6172771
4.249579
6.153658
4.04941
3.9903345
2.5502992
4.4830956
8.819415
1.2816775
5.0772038
4.1657133
3.7904503
2.577925
4.137306
5.744354
6.8726225
3.7366006
0.8222979
0.72663
7.8276305
2.3915193
4.707431
5.362735
4.51853
4.3383102
4.5348363
5.6703825
7.8489494
5.3752756
5.565915
4.3520617
2.9127433
7.534529
4.744859
4.979285
7.023304
3.8113089
3.3819144
TODO
8.248479
4.734298
TODO
4.9109282
TODO
7.9719896
8.803899
TODO
7.222852
6.0487065
3.7360806
4.170267
2.3936808
7.0579095
6.7056246
8.248479
2.9806585
4.370551
3.0763223
TODO
5.4668865
2.8713684
2.4579148
TODO
7.4793158
5.02111
3.6900988
1.4674078
4.203611
0.90407866
5.53675
3.9347608
7.8769107
7.531574
3.9377344
1.6130767
2.655322
TODO
1.9491442
5.1979904
TODO
6.023144
3.1241636
7.3538256
3.6298394
7.0107865
8.248479
7.140124
2.502448
4.723615
5.7182713
7.861945
8.232207
5.923726
7.751461
6.7056246
7.883296
1.9920791
5.8572283
5.2676616
7.262943
3.010337
4.362737
4.265362
