5.992529
5.449596
7.2971773
5.713045
7.180354
7.1807833
4.1759996
7.3514414
7.3514414
7.3514414
5.225617
7.3514414
6.119012
7.3514414
4.1759996
7.21781
7.1670523
5.633144
7.198451
4.2973504
6.7895927
7.1807833
7.1670523
3.4168775
5.662717
5.762203
5.096284
7.481098
7.1598167
7.1807833
7.3514414
7.1670523
7.1670523
7.1670523
5.616109
7.223633
7.1807833
3.4168775
5.320925
7.263266
5.225617
7.3514414
6.3825297
7.5017433
6.8726544
7.0391965
6.4932313
6.776851
7.262256
3.4168775
7.2421484
5.726776
7.3514414
7.1598167
7.1807833
7.3514414
5.580385
7.2162104
4.2973504
7.39772
6.1657844
7.233137
7.3514414
6.8726544
7.1807833
7.1670523
5.096284
7.3514414
5.9269385
6.4932313
7.2278123
6.4618325
6.3242297
7.7021623
7.1807833
7.3514414
5.096284
7.481098
6.734556
5.320925
7.263266
5.225617
5.2262535
7.772527
6.429325
7.2138476
5.580385
4.239819
7.3514414
7.1598167
7.3514414
7.1670523
7.1670523
6.558925
7.1807833
5.225617
7.0391965
6.4932313
6.776851
7.262256
3.4168775
7.2421484
5.726776
7.3514414
7.0391965
6.904053
7.0391965
6.904053
7.1807833
4.2973504
6.639204
7.2382445
4.3243895
7.2480097
7.1598167
7.1807833
4.1759996
7.3514414
4.2973504
5.811053
7.2162104
7.3514414
7.1670523
4.51397
7.4424596
7.1670523
7.1670523
5.762279
7.3514414
7.1670523
4.875668
7.271955
5.956181
6.4489646
7.2138476
7.3514414
7.1598167
7.1807833
7.1670523
5.096284
6.5610642
4.328749
7.39772
6.8726544
7.1735477
7.1807833
4.1759996
7.3514414
7.1670523
7.1598167
7.1807833
5.713045
7.3514414
5.580385
7.2162104
4.2973504
7.39772
5.937234
7.098502
7.3514414
7.1670523
7.1598167
7.3514414
7.0391965
3.4482763
7.3514414
7.1670523
7.1670523
6.3825297
7.1735477
4.34258
6.1227274
7.182614
7.1598167
7.1735477
7.1807833
5.956181
4.2424345
6.3906245
6.8863854
4.1897306
6.734926
7.1807833
7.1670523
6.3825297
7.1735477
6.8863854
6.8863854
7.1807833
5.0917993
5.337871
7.275574
4.1759996
7.21781
7.3514414
7.1670523
7.1670523
5.984225
6.266415
7.1807833
7.1670523
7.1670523
7.1670523
6.2574387
7.1807833
7.1670523
7.1670523
5.580385
7.2162104
7.1670523
7.1670523
6.2574387
7.2036614
4.1759996
7.21781
6.4618325
6.8863854
7.1735477
7.1807833
7.1670523
7.3514414
7.1670523
7.1670523
7.1670523
6.3825297
7.2138476
7.3514414
7.3514414
5.225617
6.5610642
6.715567
7.1807833
5.580385
5.762203
7.1875896
6.315496
5.594116
6.9218125
4.204392
7.3514414
4.1759996
7.21781
7.1598167
4.1897306
7.3514414
7.3514414
7.1670523
4.2973504
7.39772
6.8726544
7.1735477
7.1807833
4.1759996
7.344206
5.320925
7.263266
7.1670523
5.225617
5.7105103
5.762203
7.180354
4.1924424
7.3514414
7.1670523
7.3514414
6.6841683
5.239348
5.7105103
5.762203
7.3514414
5.713045
5.944968
6.9153414
7.1807833
6.8726544
7.3514414
7.1670523
7.1598167
7.1807833
7.3514414
5.225617
7.3514414
4.328849
7.3514414
7.3514414
7.3514414
7.3514414
5.225617
7.310274
7.198451
6.207384
6.3890934
7.0391965
6.904053
7.1807833
4.2973504
4.51397
7.344206
6.8569107
6.4932313
7.1807833
7.1670523
7.3514414
7.1670523
7.1670523
6.119012
6.4104176
4.1897306
6.9234123
7.1807833
6.3825297
7.1807833
7.0570436
5.726776
7.3514414
7.1670523
7.1670523
6.4618325
6.207384
7.3426747
7.1735477
7.3514414
7.1670523
6.0636654
7.0570436
6.3962607
7.3514414
7.1598167
7.1735477
7.1807833
5.225617
7.0027795
5.918734
7.3514414
6.8726544
7.1807833
7.1670523
7.1670523
5.225617
5.096284
5.894431
5.762203
4.549382
8.746405
4.1759996
6.9234123
7.1807833
5.225617
7.2971773
7.1670523
4.9270983
7.3514414
5.225617
7.2971773
6.558925
7.1807833
7.1670523
5.225617
5.7105103
6.6080832
7.3514414
5.580385
7.208975
5.594116
7.2162104
7.1670523
4.1759996
7.3514414
7.3514414
7.1670523
7.1670523
6.3825297
6.7309637
7.1807833
6.6841683
7.3514414
7.3514414
5.396708
7.237413
5.713045
7.1875896
5.580385
1.3624244
7.242259
6.8726544
5.726776
7.0391965
7.198451
7.3514414
6.2062354
7.1807833
7.3514414
7.1670523
7.1598167
4.918552
7.3514414
7.1598167
7.3514414
4.1759996
7.21781
7.1670523
7.1670523
7.1598167
6.6978993
5.239348
7.3514414
6.0142055
6.7309637
7.1735477
7.1807833
7.1598167
7.1807833
7.3514414
7.1670523
7.1670523
4.408031
6.928529
5.594116
5.762203
7.1875896
4.1759996
5.763803
7.310274
7.198451
5.225617
7.3514414
7.1670523
5.580385
7.208975
5.594116
7.2162104
5.580385
7.2162104
5.580385
7.2162104
7.1670523
7.1670523
5.580385
5.762203
5.7335825
3.8057806
7.344206
7.1735477
7.1807833
5.580385
4.239819
7.7323604
7.302313
6.2711697
7.196426
4.1897306
7.3514414
5.881511
7.344206
7.344206
4.34258
7.2683387
6.572656
7.1516843
7.3514414
4.1759996
7.21781
7.1598167
3.4306083
6.954986
7.1735477
4.34258
4.6821074
5.403466
7.2971773
7.1670523
6.8726544
7.3514414
6.8726544
4.4398465
5.769229
5.7565165
7.2624965
5.594116
5.762203
7.3514414
6.8726544
7.1735477
7.1807833
6.8726544
4.3110814
5.811053
5.762203
5.937234
7.803722
7.3514414
5.984225
5.1207576
7.3514414
7.344206
7.1807833
6.8726544
5.726776
4.51397
7.435224
7.1807833
6.8726544
6.525026
6.6978993
6.572656
7.1807833
7.1670523
4.2973504
7.3514414
7.1598167
6.8863854
6.6978993
5.594116
6.6080832
5.470902
6.380355
7.1807833
5.713045
7.1875896
7.3514414
7.0391965
4.328749
5.811053
5.762203
7.3514414
6.119012
3.547349
7.249384
7.1670523
7.1670523
4.9898357
5.320925
7.263266
5.225617
5.096284
7.3514414
7.1598167
5.594116
5.762203
7.3514414
4.1759996
4.51397
5.5010242
7.2971773
7.1670523
7.1670523
7.1598167
6.8863854
7.1735477
7.1807833
4.9270983
6.953135
6.953135
7.0391965
7.1912155
5.895242
6.6978993
7.1807833
7.1670523
6.558925
5.093579
7.890858
4.328849
7.275574
7.1670523
6.3825297
7.0391965
6.904053
7.1807833
4.2973504
6.3496795
4.4722433
7.255239
6.6978993
7.1735477
6.2199664
4.3110814
6.6131973
5.239348
7.3514414
6.6841683
6.8863854
7.1735477
7.1807833
6.6841683
4.430604
7.3514414
7.3514414
7.1598167
7.0391965
7.3514414
5.225617
7.344206
6.8863854
6.9678583
7.3514414
5.225617
7.2971773
6.119012
4.1897306
7.2105746
7.3514414
7.1670523
3.4168775
7.249384
5.713045
5.7335825
3.9106045
6.283535
7.182614
7.1598167
4.1897306
5.763803
7.269732
7.1598167
6.6978993
7.1807833
6.558925
4.1897306
6.609683
4.51397
7.4424596
7.1670523
7.1670523
7.1670523
7.1670523
7.1670523
6.8726544
5.726776
7.3514414
7.1670523
7.1598167
7.1807833
7.1670523
6.558925
7.1807833
7.1670523
6.8726544
7.3095484
7.1670523
6.119012
7.297524
7.1670523
7.3514414
7.1670523
7.1670523
5.580385
5.762203
7.3514414
7.1670523
5.580385
5.762203
4.51397
5.5010242
7.0027795
4.1897306
6.609683
4.249358
7.21781
7.1670523
7.1670523
7.1670523
7.1598167
4.1897306
7.3514414
7.1670523
7.1670523
7.1670523
7.1670523
7.1670523
6.695786
7.198451
4.328849
6.667447
7.1807833
7.1598167
7.1807833
6.8726544
4.3110814
7.3904843
3.4306083
7.2421484
5.0597463
7.3514414
7.1670523
7.3514414
7.1670523
7.1670523
7.1670523
7.1598167
5.594116
1.3624244
6.207384
7.3499103
6.4618325
7.3514414
7.1598167
7.1807833
7.1670523
7.1670523
7.1670523
7.1598167
6.8863854
5.239348
5.7105103
5.762203
5.274063
8.079435
7.3514414
5.713045
6.284638
7.242259
7.1670523
4.904821
6.2424746
7.1807833
5.905003
5.0452394
7.1063356
7.1807833
5.251633
5.0468717
7.344206
7.1735477
7.3514414
5.225617
7.2971773
6.119012
4.1897306
7.3514414
7.0391965
4.328749
5.811053
5.762203
7.1875896
7.1598167
5.594116
7.2162104
5.580385
7.2162104
5.580385
5.762203
7.1875896
4.1759996
7.310274
5.2570157
5.84317
7.2624965
7.1807833
7.1598167
7.1735477
7.1807833
7.3514414
6.5610642
6.904053
7.1807833
7.1670523
7.1670523
4.2973504
7.39772
7.1598167
7.1807833
7.1670523
6.558925
7.3514414
7.3514414
7.1670523
6.5610642
7.198451
7.3514414
5.225617
6.68905
5.726776
7.1875896
7.310274
5.611784
5.762203
5.633144
7.198451
4.2973504
7.39772
5.713045
6.734556
5.8040714
7.3514414
5.713045
7.3514414
6.04641
6.51126
7.3514414
5.225617
7.2971773
6.2062354
5.812235
7.186253
5.9269385
7.198451
7.1670523
7.3514414
7.1670523
4.2973504
5.6054707
5.605036
5.762203
7.1875896
6.3825297
7.1807833
4.1759996
7.21781
7.3514414
7.1670523
4.1759996
7.21781
6.5610642
4.3602476
5.544388
5.611579
5.954161
7.2348633
7.1670523
6.558925
4.204392
8.026758
7.1670523
7.1670523
7.1670523
7.1670523
7.3514414
7.1670523
7.1670523
4.1759996
7.2105746
6.3962607
7.1735477
7.3514414
7.1670523
7.3514414
4.2973504
5.811053
7.208975
5.594116
7.2162104
5.7800136
7.3514414
7.1670523
7.3514414
7.1670523
7.1670523
7.1670523
7.1598167
6.132743
7.1807833
6.558925
7.344206
6.6978993
5.7937446
6.2481923
5.9269385
7.198451
7.1670523
7.1670523
6.6841683
5.7937446
7.3514414
7.1670523
7.3514414
6.3825297
5.812235
7.3514414
4.2973504
7.103322
7.2550206
5.726776
7.2624965
4.430604
5.8525114
5.762203
7.344206
7.1807833
7.1670523
7.1598167
7.1807833
7.0391965
4.328749
6.7895927
7.1807833
4.1759996
5.096284
5.894431
5.762203
7.1875896
7.1670523
5.713045
7.1875896
6.058567
7.222941
5.77362
5.7373633
5.762203
7.1875896
6.8726544
6.8266644
6.3962607
7.1807833
7.1598167
7.0391965
5.2570157
6.68905
5.726776
7.1875896
6.1604376
7.1807833
6.558925
5.726776
6.195564
7.5484495
7.1670523
7.3514414
5.225617
7.2971773
7.3514414
7.1670523
6.558925
7.1807833
7.1670523
7.1598167
7.1735477
7.1807833
7.1670523
7.1670523
6.51126
7.3514414
7.1670523
6.5610642
6.904053
7.302313
6.6978993
7.1807833
4.1759996
7.3514414
4.2973504
6.5610642
7.1912155
6.8863854
7.1807833
7.1670523
4.328849
6.1227274
7.182614
6.8726544
6.4755635
6.619685
7.446082
6.558925
4.4550295
7.21781
6.5610642
7.23728
5.713045
7.3514414
7.1598167
5.239348
5.7105103
5.762203
5.096284
6.51126
6.9635043
4.3110814
6.7895927
7.1807833
7.1598167
4.1897306
7.3514414
7.1670523
6.386715
6.3468947
6.911882
7.3514414
4.328849
7.2683387
6.572656
4.1897306
7.3514414
5.713045
6.661605
7.1807833
6.2062354
7.1807833
7.3514414
5.225617
6.8142934
7.3514414
6.6841683
4.1897306
6.609683
5.6537437
5.762203
7.1875896
6.8726544
7.1807833
7.1670523
7.1670523
7.0391965
4.328749
7.3514414
5.470902
5.290476
5.7105103
5.762203
7.1875896
7.1670523
6.8726544
7.1807833
7.1598167
7.3514414
7.1670523
3.4168775
7.249384
4.1759996
7.21781
7.1670523
5.225617
7.2971773
5.798504
4.1952004
6.4332876
7.1807833
3.4168775
4.430604
5.8525114
5.762203
6.207384
6.8569107
6.4139285
7.1807833
7.1670523
6.2062354
4.3110814
7.3904843
7.0391965
7.1912155
6.5610642
7.22428
4.47052
7.3514414
7.1670523
7.1670523
3.7031012
6.183787
5.320925
7.263266
7.3514414
6.119012
7.1807833
7.3514414
4.2973504
4.430604
5.8525114
5.762203
7.0391965
4.328749
5.811053
5.762203
6.180975
7.1807833
7.3514414
4.328849
5.688907
5.762203
6.5794625
7.1807833
7.3514414
4.1759996
4.5543227
7.198451
7.1670523
4.2973504
5.9437127
7.180354
5.320925
5.809259
7.310274
4.328749
6.6925
7.2138476
4.1759996
6.609683
7.2331753
7.1807833
5.0079174
6.9722967
7.1807833
5.225617
5.7105103
5.762203
5.7335825
7.269732
7.1670523
5.580385
5.762203
6.1395493
7.3514414
7.1670523
7.1670523
6.4618325
6.3962607
6.6978993
7.1807833
7.3514414
7.1598167
5.77362
6.539508
4.1897306
6.16977
7.297524
7.344206
6.6978993
5.918734
4.9350047
7.009479
7.1735477
7.1807833
7.1670523
7.3514414
5.713045
7.1875896
7.3514414
7.1670523
5.713045
7.3514414
7.1598167
7.1807833
7.1670523
5.77362
7.3240304
7.1670523
6.248356
6.7433143
7.240411
3.4168775
6.4648614
7.1807833
5.580385
7.2162104
5.77362
7.3240304
3.4168775
7.249384
4.1759996
7.21781
7.1670523
7.1670523
7.1670523
7.1670523
6.6841683
6.572656
6.7309637
7.1735477
7.3514414
7.1598167
6.8863854
7.1807833
7.1598167
4.1897306
5.470902
7.231911
7.3514414
6.8726544
6.4755635
7.1807833
7.1598167
6.8863854
6.4755635
7.1807833
7.1670523
7.1598167
4.421762
6.438404
7.3514414
6.2062354
5.7937446
7.3514414
7.1670523
7.1670523
7.344206
7.1807833
5.320925
7.263266
5.225617
7.2971773
7.1670523
4.1759996
7.21781
6.8726544
3.4306083
7.249384
6.4618325
7.1807833
5.713045
7.1875896
5.320925
7.263266
5.225617
7.2971773
6.8726544
7.1807833
7.1670523
5.713045
7.1875896
4.51397
6.73724
7.2278123
7.1670523
3.9106045
7.3514414
7.3514414
7.3514414
5.225617
7.2971773
4.1759996
7.21781
7.1670523
3.4168775
7.249384
7.1670523
7.1670523
7.1598167
3.4306083
5.096284
7.481098
4.1759996
7.21781
7.1670523
7.310274
5.2570157
7.3514414
4.1759996
4.3481083
7.0391965
4.328749
5.811053
5.762203
5.470902
5.290476
7.2971773
7.1670523
7.1670523
7.1598167
7.1807833
7.3514414
4.2973504
5.811053
5.762203
6.734556
7.344206
5.3795176
7.2818627
5.713045
7.1875896
7.1670523
7.1670523
7.1670523
7.1670523
7.1598167
7.1807833
7.1670523
5.225617
7.3514414
6.2062354
6.132743
6.3962607
7.1807833
4.430604
5.8525114
7.2162104
7.3514414
4.2973504
5.6429877
7.5423822
6.8863854
7.1735477
7.1807833
4.2973504
7.39772
7.1598167
7.1807833
6.315496
4.1897306
6.9234123
6.6978993
6.8863854
7.1807833
4.1759996
4.3481083
7.39772
7.1670523
7.3514414
5.225617
5.7105103
5.762203
7.3514414
3.4168775
7.249384
7.1670523
7.1598167
6.132743
4.549382
8.739169
7.1735477
7.1807833
7.1670523
7.1598167
6.4755635
6.8863854
6.6978993
6.308465
7.198451
7.3514414
6.6841683
5.239348
7.2971773
3.4168775
7.2421484
6.572656
7.1807833
6.558925
7.240411
7.1598167
7.1807833
7.3514414
7.1598167
7.1807833
6.119012
7.1807833
7.1598167
7.1735477
7.1807833
7.1670523
7.1670523
7.1670523
7.1670523
7.1670523
7.1670523
7.0391965
6.590324
7.1807833
6.8726544
7.3514414
7.1670523
3.4168775
7.249384
7.1670523
7.1598167
7.1735477
6.8863854
7.302313
7.3514414
7.1670523
5.225617
5.7105103
5.762203
6.403067
4.1897306
7.3514414
7.1670523
7.1670523
7.1598167
7.1807833
4.1759996
5.763803
5.683065
5.762203
5.783617
8.251744
7.1807833
7.3514414
6.558925
7.4388466
6.4755635
5.965561
4.3816
7.3514414
7.1598167
6.734556
7.4565144
6.4755635
5.721961
7.3139005
7.3514414
5.225617
6.8142934
7.1807833
7.3514414
7.1670523
5.580385
6.431688
4.3110814
6.7895927
7.1735477
6.8863854
6.572656
6.6322837
7.446082
4.1759996
7.3514414
4.489835
7.205999
7.1670523
3.4168775
6.954986
5.594116
5.762203
6.034743
7.192674
7.3514414
7.1598167
7.3514414
7.1598167
6.572656
5.726776
7.1875896
7.1598167
7.1807833
7.1670523
7.1598167
7.1807833
6.4618325
5.594116
5.762203
7.1875896
4.1759996
4.51397
6.8343325
4.370709
7.39772
5.655037
7.207465
7.1807833
7.310274
7.1912155
6.8863854
7.1807833
6.8726544
4.3110814
5.9437127
6.5794625
7.1807833
4.1759996
5.320925
5.809259
7.3514414
7.1670523
6.6841683
7.1807833
7.1670523
7.1598167
7.1735477
7.1735477
7.1807833
7.1670523
6.2148724
6.715567
5.68256
7.206811
7.1807833
6.4618325
7.220577
7.1807833
5.580385
7.2162104
7.310274
4.3602476
6.5610642
7.198451
7.1670523
6.558925
7.1807833
7.1670523
7.1670523
6.2062354
7.1807833
7.1670523
7.1598167
7.1807833
7.1670523
7.1670523
7.1670523
4.9270983
7.1911974
7.344206
7.1735477
5.594116
5.762203
5.7335825
7.2624965
7.1807833
4.1759996
6.2569933
6.2199664
4.3110814
3.116854
7.2670517
7.310274
7.310274
6.590324
6.535191
7.2278123
7.3514414
7.1670523
4.1759996
7.0391965
6.904053
5.7228813
7.2162104
7.1670523
7.1598167
5.594116
7.2162104
4.1759996
4.51397
7.4424596
4.190661
6.440091
7.2162104
7.1670523
6.3825297
7.2138476
4.1347704
7.3514414
6.2574387
6.9844017
6.5610642
4.328749
5.9929466
6.284481
6.7959156
7.1807833
6.8726544
7.3514414
7.1598167
5.096284
7.3514414
7.1598167
6.195564
7.0391965
7.198451
7.3514414
6.6841683
4.327299
7.3514414
7.1598167
6.8863854
7.0570436
7.1807833
6.8726544
7.1807833
7.3514414
4.2973504
7.39772
6.6841683
6.132743
3.5371666
7.249384
7.1670523
7.1598167
6.6978993
5.594116
6.16817
7.1807833
5.096284
7.481098
4.1759996
7.21781
7.3514414
7.3514414
4.6701264
5.77362
7.3240304
5.225617
7.3514414
7.1670523
7.1670523
7.3514414
6.3825297
4.1897306
5.320925
7.2560306
5.594116
7.2162104
5.580385
7.2162104
6.8726544
7.344206
7.1807833
7.1670523
7.1670523
7.1598167
5.239348
5.7105103
6.6080832
5.0917993
5.937234
7.7964864
7.310274
7.344206
7.1807833
3.8187919
4.51397
6.8343325
5.434149
6.9324703
7.1735477
6.572656
7.1735477
5.918734
6.524439
7.1735477
5.594116
5.762203
7.1875896
7.3514414
7.1670523
5.320925
7.2560306
5.594116
7.2162104
4.1759996
6.5610642
7.198451
7.1598167
7.1807833
7.1670523
6.119012
6.195564
7.0391965
5.548102
7.1908026
7.1670523
7.3514414
4.6701264
7.3514414
6.558925
6.3962607
4.1897306
6.953135
7.198451
7.1598167
7.3514414
7.1598167
7.1807833
7.1670523
5.580385
6.16817
7.1807833
5.580385
7.3514414
7.1670523
6.119012
7.1807833
7.1670523
7.3514414
7.1670523
7.1598167
7.3514414
7.1670523
7.1670523
5.0079174
7.756819
6.8726544
6.0279365
7.2138476
4.2973504
7.3514414
6.7433143
6.946013
7.302313
6.572656
6.2199664
2.542791
5.8287206
5.762203
7.0570436
7.1807833
7.1670523
6.8726544
6.8863854
4.3110814
5.811053
5.762203
3.437415
7.0391965
7.1912155
4.3110814
5.811053
5.762203
7.3514414
7.1670523
5.3340526
4.2134566
5.631143
7.2162104
7.1598167
7.1807833
5.0202203
7.890858
5.628701
6.1082377
7.310274
7.198451
7.1670523
7.344206
7.1735477
7.1807833
5.374803
6.897305
7.1735477
7.1807833
5.713045
5.9011836
7.186253
7.3514414
6.119012
4.1897306
7.2105746
7.1807833
6.953135
7.290987
5.798504
5.3795176
4.412161
7.103322
4.1897306
7.21781
6.119012
6.586813
7.240411
5.374803
6.897305
4.1897306
7.3514414
7.1670523
7.310274
5.320925
5.809259
5.0407577
4.9549756
5.8025365
4.239819
4.6597185
5.8353133
7.3514414
7.1670523
4.2973504
5.811053
5.762203
7.1875896
7.1598167
5.594116
7.2162104
4.1759996
4.51397
5.5010242
7.2971773
4.1759996
7.2105746
7.0391965
7.198451
7.344206
7.1807833
7.1670523
5.713045
5.7335825
5.029778
5.7499037
7.0391965
4.328749
7.39772
5.713045
6.953135
7.290987
6.3825297
7.2138476
5.225617
6.3363605
4.1897306
7.21781
7.1598167
6.8863854
7.3514414
7.3514414
6.6841683
5.769229
7.2105236
7.1670523
7.1670523
7.3514414
7.3514414
7.1598167
5.239348
7.3514414
7.1670523
4.1759996
6.9234123
7.1807833
5.8081746
4.328749
7.39772
6.3825297
5.239348
7.2971773
6.2062354
7.1807833
5.713045
7.1875896
7.1670523
7.1670523
7.1670523
7.1670523
7.1598167
7.1807833
7.1670523
5.225617
7.3514414
7.1598167
7.1735477
4.9408293
7.3514414
7.1598167
7.1735477
6.6978993
7.1807833
6.558925
6.572656
6.4558883
7.1807833
7.1670523
7.1670523
7.1670523
5.225617
7.289942
5.7636557
7.2874
7.1670523
7.3514414
4.1759996
4.3481083
7.3514414
7.1670523
7.1670523
7.1670523
6.8726544
7.3514414
7.1598167
7.1735477
7.1807833
7.1598167
7.1807833
7.1670523
4.9270983
5.320925
7.263266
7.1670523
6.8726544
7.1807833
6.8726544
5.239348
7.2971773
7.1670523
7.3514414
7.1670523
5.628701
6.899697
6.6978993
7.1807833
7.1670523
7.3514414
5.713045
5.7335825
7.269732
7.1670523
7.0391965
7.1912155
6.2199664
7.1807833
5.320925
7.263266
6.119012
4.1897306
5.320925
7.263266
7.1598167
4.1897306
7.3514414
7.1598167
6.329227
5.910642
7.198451
4.1759996
7.3514414
4.9270983
7.3514414
4.1759996
7.0391965
4.2073984
7.3514414
6.6841683
7.2550206
7.1807833
7.1670523
7.1670523
5.396708
5.2959776
7.2971773
7.1670523
7.1670523
7.1670523
7.3514414
5.713045
5.7335825
7.269732
5.580385
5.762203
5.096284
5.894431
5.762203
7.1875896
6.119012
4.1897306
7.3514414
7.1670523
4.2973504
7.39772
7.3514414
4.1759996
7.3514414
6.415766
6.74632
6.915177
7.3514414
4.2973504
7.0391965
7.198451
7.1670523
4.2973504
7.3904843
7.1807833
7.1670523
7.1670523
4.328849
7.3514414
7.1670523
5.965561
7.310274
6.5755897
6.5610642
7.2315154
7.1670523
7.0570436
6.2199664
7.1735477
6.2148724
7.1912155
7.1807833
7.3514414
7.310274
7.198451
6.3825297
4.51397
7.4424596
7.1598167
4.1897306
7.3514414
7.1670523
7.1670523
6.284638
6.947861
6.6978993
7.3514414
5.798504
6.703369
5.594116
4.239819
7.0201435
7.1735477
7.1807833
6.119012
6.3242297
4.718345
7.2105746
7.3514414
7.1598167
7.1807833
7.1598167
7.1807833
7.1670523
7.1670523
7.1670523
7.0570436
7.1807833
7.1670523
4.328849
6.667447
5.9269385
7.198451
7.3514414
6.3825297
7.1807833
7.1598167
7.1807833
6.8569107
6.590324
7.240411
4.328849
7.3514414
5.7452397
6.9085064
5.41335
7.226868
7.1670523
7.1670523
7.0570436
7.3514414
7.3514414
7.3514414
7.1598167
7.1807833
7.1670523
7.1670523
5.3795176
4.412161
7.3904843
4.1897306
6.9234123
6.779372
7.262256
6.119012
7.1877046
7.1807833
7.1670523
7.3514414
7.1670523
7.1598167
6.6978993
7.1807833
7.310274
4.328749
5.320925
5.809259
4.317888
7.3514414
4.2973504
7.3904843
5.726776
7.3514414
6.558925
7.3514414
6.5610642
4.328749
7.3514414
4.2973504
5.6503654
8.429183
6.132743
7.1807833
5.320925
5.809259
6.3906245
7.1807833
6.8726544
4.1897306
7.3514414
7.1598167
7.1807833
7.1670523
7.1598167
7.3514414
6.558925
7.1516843
6.8863854
4.1897306
4.3481083
6.2148924
6.5839443
5.2989755
5.7105103
5.762203
7.1875896
3.4168775
5.662717
5.762203
6.226773
7.626525
7.1807833
4.1759996
5.0079174
4.9186153
7.275574
7.1598167
6.3962607
7.0391965
7.1912155
3.716832
6.900611
7.1807833
7.1598167
6.3962607
7.206612
3.716832
7.0391965
6.237634
7.3514414
4.1759996
6.9234123
4.3110814
7.3514414
7.1598167
6.3962607
7.2138476
7.3514414
7.1598167
6.572656
7.1735477
7.344206
7.1807833
7.1670523
6.3702464
7.7021623
6.572656
7.446082
7.3514414
7.0570436
7.3514414
7.1598167
7.1807833
4.1759996
7.21781
7.1670523
7.3514414
7.1670523
6.3825297
5.470902
7.231911
7.1598167
7.310274
6.4932313
6.9334145
5.239348
7.289942
7.1807833
7.3514414
7.1670523
7.1670523
6.4618325
7.3514414
5.374803
7.191703
7.1670523
7.1670523
7.1598167
7.1735477
6.6978993
6.8863854
7.1807833
6.0811954
7.0570436
7.1735477
7.1807833
5.096284
5.894431
5.762203
7.3514414
7.1670523
7.1670523
7.1670523
7.1670523
6.5610642
4.3602476
6.1227274
6.888216
7.1735477
6.3906245
4.1897306
7.21781
4.328849
6.9811764
7.3514414
4.1759996
7.21781
7.1670523
6.558925
7.1735477
6.3962607
7.1735477
7.1735477
6.132743
4.1897306
7.0570436
7.3514414
6.5610642
7.344206
6.6978993
7.1807833
5.713045
5.0407577
6.842818
7.1877046
4.1897306
6.3906245
7.1807833
7.1670523
4.2973504
5.096284
7.481098
6.350401
7.1912155
7.1807833
7.1598167
6.953135
6.996589
7.1807833
4.2973504
7.39772
4.1759996
5.096284
7.481098
6.2062354
6.572656
6.4755635
7.220577
7.1807833
4.9270983
6.7083135
7.1735477
6.734556
7.2580786
4.1759996
7.3514414
7.1598167
7.1735477
7.3514414
7.1598167
7.3514414
7.1670523
7.1598167
6.5610642
3.4482763
7.249384
5.713045
7.1875896
7.3514414
4.2973504
3.9106045
7.4291463
5.239348
7.2971773
7.1670523
7.1670523
6.315496
7.2095747
6.2062354
4.3110814
7.310274
7.3514414
6.8726544
7.1735477
6.3962607
7.3514414
4.2973504
7.3904843
7.1807833
5.713045
7.269732
5.096284
6.027091
5.5304265
6.367077
5.096284
6.4744835
6.8863854
7.344206
6.329227
7.3514414
5.905003
7.344206
7.1807833
7.1670523
7.1670523
7.1670523
5.0079174
7.756819
5.9883924
7.885489
5.225617
6.8142934
7.1735477
5.696804
6.566919
6.2199664
2.4611259
7.198451
7.3514414
5.3607903
6.494863
7.2272425
7.1598167
7.344206
7.1807833
6.2062354
7.1807833
7.3514414
4.1759996
7.3514414
7.1670523
4.904821
6.953135
7.290987
6.6841683
6.2711697
7.3514414
7.1598167
7.1807833
6.5610642
6.715567
7.1735477
7.1807833
7.1670523
6.315496
6.8685575
7.1807833
6.8726544
7.3514414
4.2973504
7.39772
5.713045
7.269732
6.2062354
3.4306083
5.662717
6.033383
7.1807833
5.633144
7.198451
7.344206
7.1735477
4.204392
4.552072
5.096284
7.3514414
7.1670523
6.119012
5.62984
7.223633
7.3514414
7.1670523
7.1598167
7.1807833
5.944968
6.5610642
7.198451
5.225617
5.937234
7.098502
7.259735
6.558925
7.1735477
7.1807833
7.1670523
7.1670523
5.713045
7.180354
7.1807833
5.225617
7.289942
4.1897306
7.21781
6.3825297
7.1807833
7.1598167
7.3514414
4.328849
7.275574
5.8959165
7.8188686
7.1670523
3.7031012
7.1950088
7.344206
6.8863854
4.3243895
3.2667398
5.7512503
6.007683
7.3514414
7.1670523
7.3514414
6.2062354
7.1807833
7.1670523
7.1670523
5.580385
6.364654
5.7255974
6.431688
7.1807833
4.2973504
7.3514414
5.225617
7.2971773
7.1670523
6.207384
7.3499103
5.225617
7.2971773
5.713045
5.6503654
8.436419
7.1598167
7.344206
4.421762
7.3514414
7.1598167
7.1807833
6.7433143
6.572656
4.1897306
6.5610642
5.2570157
5.84317
7.3514414
7.1670523
4.961439
5.768429
6.308915
3.4306083
7.344206
7.1735477
7.1807833
7.3514414
6.734556
7.46375
7.1598167
7.344206
3.4306083
6.7433143
6.6322837
6.4755635
6.9334145
7.1807833
4.2973504
6.436903
3.5775623
7.3514414
6.8726544
6.329227
7.310274
7.198451
6.3825297
7.2138476
7.1670523
4.904821
7.3514414
7.1670523
7.1670523
7.1670523
6.7433143
6.6322837
7.1807833
6.8726544
7.1807833
7.3514414
7.1598167
7.1807833
7.3514414
7.1598167
7.1807833
5.225617
7.289942
6.6978993
7.1807833
7.1670523
7.3514414
7.1670523
4.51397
7.4424596
6.558925
6.4558883
5.918734
7.3514414
7.1598167
7.3514414
6.8726544
7.1807833
7.3514414
7.1598167
6.3962607
4.3110814
7.39772
7.3514414
7.3514414
5.225617
7.289942
7.1735477
7.1807833
4.2973504
6.7895927
7.1807833
4.51397
6.73724
7.2278123
7.1670523
6.6841683
7.1807833
7.1670523
7.1670523
7.1598167
7.1807833
6.8726544
7.1807833
7.1670523
7.1598167
4.1897306
7.21781
5.096284
6.5202813
7.3514414
6.8726544
7.1807833
7.344206
3.4306083
6.6078076
6.953135
5.320925
5.809259
7.3514414
7.1670523
7.1670523
7.1670523
7.1670523
6.2062354
7.3514414
7.1598167
6.8863854
7.1735477
4.918552
7.3514414
7.1598167
7.1735477
6.572656
7.1807833
6.2574387
7.3514414
6.558925
7.1735477
6.6978993
5.965561
7.2198033
4.1759996
7.2105746
4.1897306
5.0079174
7.0515995
7.2138476
6.2062354
7.1807833
7.1598167
7.1807833
5.956181
7.233487
7.3514414
6.3825297
4.1897306
7.3514414
6.8726544
4.9559584
6.1778417
6.901932
4.1897306
5.763803
7.269732
7.1670523
7.1670523
7.1598167
5.3745213
7.226868
4.1759996
7.3514414
7.1670523
6.2062354
7.1735477
4.3110814
5.9116597
5.0079174
7.756819
6.415766
7.198451
5.798504
7.2006083
7.344206
7.3514414
7.1598167
5.239348
7.2971773
7.1670523
7.1670523
7.344206
3.4306083
5.096284
7.481098
7.1670523
5.713045
6.734556
7.2580786
5.580385
5.762203
7.1875896
6.8726544
4.1897306
6.5610642
5.2570157
7.3514414
5.633144
7.198451
5.225617
7.2971773
6.8726544
7.1807833
7.1670523
5.713045
7.1875896
7.1670523
7.3514414
5.905003
7.344206
5.918734
6.341788
6.915177
7.1807833
5.713045
6.7047057
4.2712035
7.344206
7.344206
7.1807833
6.2062354
7.1807833
6.2062354
7.1807833
7.310274
7.198451
7.344206
7.1807833
5.580385
4.239819
7.310274
7.3514414
6.7433143
6.6322837
6.3962607
7.1735477
5.918734
7.3514414
4.2973504
7.3904843
7.1807833
7.1670523
6.558925
6.3962607
6.572656
6.572656
7.240411
4.1759996
7.2105746
6.5610642
6.4932313
6.9334145
6.2199664
6.572656
6.946013
4.1897306
6.207384
7.3499103
5.225617
5.7105103
5.762203
7.3514414
7.3514414
4.328849
7.0391965
6.51126
7.257902
7.1598167
7.1807833
6.558925
7.1807833
7.1670523
7.1598167
7.1807833
7.0570436
7.1807833
7.1598167
7.1807833
4.1759996
7.21781
7.1670523
6.558925
7.240411
6.6841683
7.262256
6.8726544
6.6078076
6.6078076
7.3514414
7.1670523
7.1598167
7.1807833
7.1598167
6.5610642
7.2315154
4.408031
7.3514414
6.558925
6.6078076
7.198451
6.558925
7.3514414
7.1598167
7.1807833
7.1670523
7.1670523
7.1598167
7.344206
4.3110814
5.811053
5.762203
7.1875896
7.1670523
6.2574387
7.279415
7.1670523
6.2062354
7.1807833
7.3514414
5.6978006
7.2582035
6.734556
6.9636807
6.572656
7.446082
7.1670523
6.558925
7.446082
6.7433143
4.370709
4.430604
6.4783616
4.3110814
7.39772
4.2973504
6.8129935
7.419752
6.3825297
5.594116
6.9218125
6.572656
5.726776
7.1875896
6.558925
5.726776
7.3514414
5.817816
7.1807833
7.1670523
6.6841683
5.320925
4.286875
6.953135
5.320925
7.263266
5.580385
5.762203
7.1875896
6.558925
7.1807833
7.1670523
5.713045
7.1875896
6.1604376
7.1807833
7.1598167
4.3110814
7.3514414
5.302791
6.953135
7.290987
6.3825297
6.3622913
6.9740834
7.0151505
5.3477836
4.2134566
5.3795176
4.412161
6.7895927
7.3514414
7.1670523
4.328849
7.344206
7.1807833
6.8726544
4.1897306
7.3514414
7.3514414
7.1670523
7.1670523
7.1670523
7.3514414
7.1670523
7.1670523
5.984225
7.1807833
4.2973504
6.6131973
6.6078076
7.198451
6.8726544
7.1807833
5.580385
5.762203
7.3514414
6.558925
7.1807833
7.3514414
6.558925
5.096284
7.1867003
7.1807833
7.1670523
6.6841683
6.4755635
6.2199664
4.3110814
7.3514414
5.580385
7.208975
6.2148724
7.198451
7.3514414
7.1598167
5.594116
6.6080832
7.1807833
7.1670523
5.225617
6.68905
5.726776
6.1395493
7.1807833
7.3514414
7.1598167
7.1807833
6.6841683
7.1807833
6.558925
5.594116
4.239819
4.552072
7.2282424
6.572656
6.2199664
7.1807833
6.4618325
7.1735477
1.5068533
7.314845
6.558925
6.4755635
4.1897306
7.21781
7.1598167
6.3962607
6.207233
5.470902
7.231911
5.225617
7.2971773
5.881511
6.743459
7.2331753
7.1807833
5.713045
7.269732
7.1670523
5.633144
7.198451
4.2973504
6.7895927
7.1807833
7.1670523
3.4168775
7.249384
5.713045
6.5610642
7.1912155
6.2199664
4.4722433
6.9680767
4.1897306
7.3514414
5.881511
7.344206
7.1807833
7.1670523
7.1670523
7.1670523
4.9270983
7.1911974
6.558925
6.2148724
7.1912155
4.1897306
6.609683
6.953135
6.5610642
7.1912155
6.6978993
7.1807833
6.734556
7.3514414
6.4618325
7.3514414
6.6841683
6.6978993
4.1897306
4.3481083
6.534684
7.2315154
7.310274
4.2220597
7.2422357
7.2138476
7.1670523
6.386715
5.8114123
7.1807833
6.558925
6.734556
7.1912155
7.1807833
6.2062354
7.1735477
7.3514414
7.1670523
7.1598167
6.6978993
7.1807833
7.1670523
7.0391965
4.489911
6.953135
7.3514414
7.3514414
7.1670523
6.386715
7.198451
7.3514414
6.558925
6.6078076
7.3514414
5.516575
6.69794
7.105972
7.1807833
6.3825297
6.8863854
7.1807833
6.4618325
7.1735477
5.726776
7.1875896
4.328849
6.4910517
7.1807833
5.713045
7.180354
7.3514414
6.558925
7.344206
6.6978993
7.3514414
4.1759996
7.21781
4.2973504
6.391105
7.1807833
7.1670523
5.713045
7.3514414
6.4618325
7.3514414
5.225617
6.284638
7.242259
6.8726544
7.1807833
7.344206
6.329227
4.474061
7.2683387
7.3514414
4.2973504
7.3904843
7.1807833
5.713045
7.2624965
5.096284
7.481098
7.1670523
7.3514414
7.1670523
6.6841683
5.726776
7.1875896
7.1670523
5.713045
7.3514414
5.225617
6.8142934
7.1807833
7.1598167
4.1897306
7.3514414
7.1670523
7.1598167
5.239348
7.3514414
5.905003
5.633144
7.198451
7.3514414
5.225617
7.2971773
4.1759996
7.21781
6.558925
6.757527
7.3514414
6.119012
4.427822
4.4213285
5.554334
6.817934
7.310274
6.715567
6.6978993
7.1735477
6.734556
7.198451
7.1670523
7.1670523
6.2062354
7.1807833
6.386715
7.198451
7.1670523
6.2062354
7.1807833
7.3514414
5.8380275
7.1735477
6.6978993
6.902603
5.320925
7.263266
5.320925
5.809259
6.1395493
7.1735477
6.572656
5.470902
6.9375134
7.1735477
6.2199664
7.1735477
5.812235
4.1952004
7.2105746
7.1807833
4.51397
6.657937
7.1807833
5.580385
4.239819
4.552072
7.235478
4.2973504
3.116854
6.6589246
7.240411
6.2062354
3.4306083
5.8959165
7.3514414
6.2062354
7.1807833
6.6078076
7.3514414
5.0079174
7.756819
7.1670523
7.1670523
7.1670523
7.1670523
7.1598167
7.1807833
6.8726544
7.3514414
5.225617
5.7105103
6.033383
7.1735477
6.132743
7.3514414
7.1670523
6.119012
6.572656
5.7864037
5.7335825
7.2624965
4.1897306
5.633144
7.198451
7.1670523
5.225617
7.3514414
7.1598167
7.1735477
5.320925
7.263266
4.2973504
7.3514414
4.328849
6.0927467
5.6054044
7.2162104
6.953135
7.3514414
7.1670523
6.119012
7.1807833
4.2973504
7.3514414
7.1670523
7.1670523
6.386715
6.237634
7.1807833
7.1670523
4.1759996
7.3514414
7.1598167
7.0391965
4.21011
7.205773
7.1598167
7.1807833
7.1598167
7.1807833
6.558925
7.3514414
4.1787114
6.911375
7.1735477
7.1807833
7.1598167
7.1807833
6.558925
6.695786
7.198451
6.558925
6.572656
5.997956
5.1207576
6.759172
7.1807833
4.2973504
6.7895927
7.1807833
4.51397
7.4424596
7.1670523
6.4618325
7.2278123
6.8726544
6.7433143
4.370709
6.436903
4.3110814
6.7895927
4.918552
7.3514414
7.1670523
5.225617
5.84317
7.180354
6.3962607
7.2138476
6.8726544
7.1735477
7.344206
6.329227
6.494863
2.4276218
6.5610642
7.1912155
5.096284
7.481098
7.1670523
7.1670523
7.1670523
7.1670523
4.2973504
5.320925
5.809259
5.320925
5.809259
6.5610642
4.3602476
6.2689595
5.7246075
5.762203
7.3514414
7.1598167
5.7937446
7.3514414
7.1670523
5.580385
6.9218125
5.960312
7.1807833
5.798504
7.1933727
7.1807833
7.344206
6.067158
8.010427
5.470902
7.231911
5.225617
7.2971773
5.881511
6.743459
7.2331753
7.1807833
5.713045
7.269732
7.1670523
6.5610642
4.328749
7.103322
7.262256
7.1670523
7.1670523
4.328849
7.344206
7.1735477
6.8863854
6.8863854
6.132743
7.19494
7.1670523
4.1759996
5.77362
5.382595
6.249137
4.1897306
7.0391965
7.198451
5.225617
5.84317
6.5610642
6.904053
6.6043286
7.220577
7.3514414
5.225617
7.0027795
4.3110814
7.3514414
7.1670523
6.2574387
7.3514414
7.1598167
6.6978993
6.2199664
6.3962607
7.1735477
7.3514414
7.3514414
7.1598167
7.1807833
5.628701
7.310274
6.3468947
6.915177
6.6978993
7.3514414
5.713045
7.269732
4.2973504
7.3514414
4.1759996
7.2105746
7.1807833
5.0202203
7.890858
7.1670523
7.1670523
7.1670523
5.225617
7.2971773
4.1759996
5.763803
7.2624965
7.1807833
6.3825297
6.572656
7.446082
5.096284
6.299195
7.5484495
7.1598167
7.1735477
7.1807833
5.7636557
7.2874
7.3514414
7.1670523
7.1670523
5.817816
7.1807833
7.1598167
4.3110814
5.096284
7.481098
6.3825297
7.3514414
5.225617
7.289942
7.1735477
6.8863854
7.1735477
7.3514414
6.6078076
7.198451
7.344206
7.1807833
5.225617
7.0027795
5.726776
7.180354
7.1807833
7.1670523
6.6841683
7.58916
7.1598167
6.6978993
6.572656
4.531871
7.3514414
7.1670523
7.1670523
5.817816
7.1807833
7.1598167
4.3110814
7.39772
4.1759996
6.6078076
7.3514414
7.1670523
7.1670523
6.121686
5.3795176
4.412161
6.7895927
7.1807833
4.1759996
6.3906245
7.3514414
6.2062354
7.310274
5.2570157
6.8142934
4.1897306
7.3514414
4.51397
4.5727577
7.39772
7.1598167
7.1735477
6.8863854
7.3514414
6.2062354
7.1807833
7.3514414
7.1670523
6.6841683
6.6078076
7.3514414
7.1670523
5.225617
7.2971773
5.713045
7.1875896
7.1670523
7.1598167
7.1807833
6.1604376
7.1735477
5.3795176
5.3404274
7.344206
7.1807833
7.1670523
7.1598167
6.734556
6.155923
6.386715
4.51397
5.5010242
7.2971773
7.1670523
5.6429877
8.15051
7.1598167
7.1807833
7.3514414
7.3514414
6.3825297
4.3110814
6.7895927
7.1807833
7.1670523
7.1670523
5.762279
6.572656
7.1807833
4.1759996
7.3514414
7.1670523
7.1670523
7.3514414
6.2062354
7.1735477
7.1807833
5.633144
7.198451
5.225617
5.7105103
5.762203
6.639204
7.24548
6.2062354
4.2936883
7.21781
6.4618325
3.4776378
7.249384
7.1670523
7.1670523
4.1759996
7.2105746
6.8863854
6.8863854
5.769229
7.203288
5.320925
5.809259
5.096284
5.6503654
8.436419
7.1598167
7.344206
6.3962607
7.1807833
7.1598167
7.1807833
6.2062354
7.1807833
7.344206
4.918552
6.682388
5.9783616
7.3514414
7.1670523
7.0391965
7.327216
5.225617
7.2971773
7.1670523
5.713045
7.3514414
6.6841683
6.4755635
7.1807833
7.1670523
4.1759996
7.2105746
7.1807833
4.489835
6.6078076
6.904053
5.594116
6.2553935
5.3795176
7.274627
6.4755635
6.986162
7.1807833
6.6841683
5.594116
5.762203
6.695786
7.198451
5.0919185
6.6045732
6.8863854
7.1807833
7.1670523
6.6841683
5.594116
5.762203
4.51397
5.5010242
7.2971773
7.1670523
7.1670523
6.3825297
7.1807833
7.1598167
7.1807833
6.3702464
7.7021623
7.344206
4.918552
7.3514414
4.2973504
6.7895927
7.1807833
6.8726544
6.132743
4.1897306
6.5125904
7.542992
5.580385
5.762203
7.269732
3.7031012
7.3514414
6.2148724
7.198451
6.119012
5.965561
6.2589865
4.3110814
7.3904843
7.1807833
7.1598167
5.096284
6.027091
7.2624965
6.132743
6.3906245
6.6978993
4.2059484
4.3481083
7.3904843
4.421762
7.2229266
7.1670523
7.3514414
7.1670523
7.3514414
6.558925
6.535191
6.4432898
7.3514414
6.8726544
7.0391965
4.328749
7.3514414
6.2062354
7.1807833
7.1670523
7.3514414
7.1670523
4.328849
7.275574
6.1604376
4.320222
7.344206
6.8129935
7.198451
6.558925
6.3962607
5.239348
5.84317
6.4181757
6.504355
7.310274
7.1912155
7.1807833
6.3825297
7.1807833
6.558925
6.837955
4.1897306
7.310274
7.198451
7.344206
7.3514414
7.1670523
7.344206
7.1807833
7.1670523
7.1670523
7.1670523
7.1670523
7.3514414
7.1670523
3.4168775
7.3514414
7.1670523
5.633144
7.198451
4.1759996
4.3481083
7.3514414
7.1670523
7.1670523
7.1670523
7.1598167
7.3514414
7.1670523
6.2574387
7.279415
7.1598167
7.0391965
6.715567
7.1735477
4.1897306
7.21781
7.1670523
5.225617
7.2971773
4.2973504
5.620258
7.2050557
5.225617
5.7105103
5.762203
7.3514414
7.1598167
6.6978993
7.1807833
5.3795176
4.412161
7.39772
5.580385
7.2162104
5.225617
7.289942
7.1807833
6.119012
7.19494
4.2973504
7.39772
7.1670523
7.1598167
7.1807833
5.817816
6.953135
7.3514414
7.1598167
7.344206
6.6978993
7.1735477
6.572656
7.2331753
7.1807833
7.1598167
7.1735477
7.344206
6.572656
7.1807833
7.1670523
7.1670523
5.096284
7.481098
7.1598167
4.1897306
7.21781
7.1598167
7.1735477
7.3514414
6.558925
7.1807833
4.8926983
8.753969
7.1807833
6.4618325
6.1068883
4.222795
7.0570436
6.8863854
5.096284
7.4738626
1.5068533
6.6096253
7.3514414
6.3825297
7.344206
6.572656
4.249358
7.0570436
6.6978993
7.0391965
7.1912155
6.572656
6.132743
5.239348
5.892404
5.3795176
6.49734
7.1735477
4.3110814
5.4562845
7.2971773
7.1670523
6.315496
5.6229076
7.2162104
6.2062354
7.2413096
6.119012
6.712056
7.1807833
6.6841683
7.1807833
4.4585123
6.5610642
7.3514414
5.713045
7.1875896
5.580385
5.762203
5.783617
8.538906
7.344206
6.329227
7.305029
7.1735477
7.344206
7.1807833
7.1670523
6.315496
7.2095747
7.1670523
7.3514414
7.1670523
5.713045
5.7335825
6.51126
6.8569107
4.328749
7.3514414
7.1670523
5.096284
6.629542
5.0079174
7.756819
7.1670523
5.516703
7.1908026
7.1670523
4.9270983
7.1911974
7.1670523
6.3702464
7.7021623
6.3962607
6.566919
6.3962607
7.3514414
4.2973504
6.914836
6.953135
7.198451
3.4168775
7.249384
6.3825297
6.5610642
5.2570157
7.2971773
7.1598167
7.1807833
6.3825297
7.1807833
7.1670523
7.1670523
7.1670523
5.937234
7.803722
6.315496
7.202339
4.48273
6.7433143
4.249358
7.21781
7.1670523
6.953135
6.4394307
7.0391965
7.198451
5.956181
7.7646103
6.4618325
7.220577
5.3795176
5.3404274
7.2971773
7.3514414
7.1598167
6.3962607
6.91945
7.1807833
6.558925
6.953135
7.198451
4.1759996
7.21781
6.2062354
6.4755635
7.3514414
7.1670523
5.984225
7.3144555
6.558925
7.1735477
6.3962607
7.1735477
7.1807833
7.1598167
7.1735477
6.6078076
6.904053
6.8863854
6.329227
7.3514414
5.225617
5.7105103
5.762203
7.180354
7.3514414
7.1670523
7.3514414
7.1670523
6.6841683
5.239348
6.8142934
7.1807833
6.2062354
6.6978993
7.1807833
7.3514414
7.1598167
7.1807833
7.1598167
7.1807833
5.225617
6.207384
7.3499103
6.5610642
5.969466
7.193344
4.1759996
7.3514414
4.328849
7.275574
7.1670523
7.3514414
7.1670523
6.8569107
7.3514414
7.1670523
4.2973504
7.310274
5.096284
6.5202813
4.1897306
7.21781
7.1670523
6.3825297
7.1735477
5.918734
5.695121
7.3514414
7.1670523
6.2062354
7.1807833
7.310274
7.198451
6.4618325
7.2278123
6.3825297
5.594116
7.208975
7.1807833
7.1670523
5.3795176
7.2818627
4.1759996
7.21781
4.328849
3.9106045
6.8129935
6.715567
7.1807833
7.1670523
7.1670523
4.1759996
7.344206
7.1807833
6.8726544
6.6978993
4.1897306
7.3514414
6.3825297
5.410439
7.2301774
7.1807833
4.6821074
5.403466
5.84317
7.269732
7.1670523
7.1598167
4.51397
7.435224
6.4755635
5.729589
7.3514414
6.8685575
7.3514414
7.1598167
4.9408293
5.096284
7.481098
7.3514414
4.1759996
7.21781
7.1670523
7.3514414
6.6841683
7.3514414
6.8726544
6.734556
7.46375
5.225617
7.2971773
7.1670523
6.4618325
7.3514414
6.558925
4.249358
7.2105746
7.1807833
7.1670523
6.8726544
7.344206
4.1897306
6.5125904
5.239348
5.164133
7.3177285
5.096284
6.695786
7.290987
7.1670523
6.119012
6.9929433
3.4306083
6.207384
7.3499103
7.1670523
7.1670523
5.984225
7.0391965
7.198451
7.344206
7.1807833
6.8726544
7.302313
7.3514414
4.2973504
7.39772
7.1670523
5.713045
7.269732
7.0391965
7.198451
7.1670523
6.558925
7.1807833
7.1598167
6.734556
6.502933
2.4611259
7.198451
6.2062354
4.1897306
7.21781
4.9270983
5.470902
7.231911
7.1598167
7.0391965
7.3199806
4.1897306
7.21781
7.1598167
7.1807833
7.1670523
6.6841683
6.6978993
7.1807833
6.2062354
6.6978993
6.5610642
7.198451
7.1670523
5.798504
6.592481
7.446082
6.8726544
7.1735477
7.1807833
6.6841683
6.2199664
6.6978993
7.1807833
7.1670523
3.4168775
7.249384
7.310274
4.2073984
7.344206
7.1807833
7.1670523
7.1598167
7.3514414
7.1598167
7.3514414
6.3825297
4.3110814
7.3904843
7.1807833
7.3514414
7.1670523
7.1598167
7.1735477
7.1807833
7.1670523
7.1598167
6.572656
4.249358
6.5610642
7.1912155
7.1807833
6.734556
7.2580786
5.580385
7.208975
6.8863854
7.3514414
6.558925
4.1897306
7.3514414
6.315496
7.2095747
7.1670523
6.3825297
6.2199664
6.6978993
7.1807833
4.51397
5.5010242
7.289942
7.1807833
4.1759996
4.430604
5.8525114
5.762203
6.5794625
7.1807833
7.1598167
7.310274
7.198451
6.119012
4.1897306
7.3514414
6.2062354
7.3514414
5.225617
7.0027795
7.1735477
4.1897306
7.21781
7.1598167
7.1735477
5.6618376
6.041491
6.6078076
7.198451
6.315496
7.3514414
7.1670523
7.1670523
5.580385
5.762203
7.180354
6.6978993
5.8099623
6.910915
7.1807833
6.315496
7.310274
7.3514414
4.2973504
7.103322
6.6978993
7.1807833
7.1598167
7.1807833
7.3514414
7.1670523
7.1670523
6.119012
7.1735477
3.4306083
7.249384
7.1598167
4.1897306
7.3514414
7.1670523
7.1670523
6.2062354
4.549382
5.755352
6.6462216
7.542992
6.2062354
7.3514414
4.2973504
5.811053
5.762203
7.1875896
7.1670523
4.1759996
7.2105746
4.8926983
8.761205
5.225617
7.289942
7.1807833
7.1598167
6.6978993
6.5610642
7.198451
6.119012
7.2902884
6.329227
7.202339
6.132743
4.4864
7.255239
4.1897306
6.4332876
7.1735477
6.3962607
7.1807833
5.8592253
6.572656
7.2331753
3.9106045
6.5848255
7.2684813
5.3340526
7.2045093
7.1670523
4.904821
7.290515
7.1670523
6.6841683
5.68256
7.206811
6.8569107
4.328749
5.944792
6.732564
5.320821
7.2971773
6.8726544
7.1807833
7.1670523
4.1759996
7.2105746
7.1807833
7.1598167
7.3514414
5.516575
5.3646317
7.3514414
7.3514414
7.1598167
7.1807833
6.2062354
4.51397
6.8343325
6.4558883
7.1807833
6.8726544
7.3514414
7.3514414
6.558925
4.370709
4.5595164
7.0391965
7.1912155
6.2199664
7.1735477
4.1897306
5.0079174
7.7495832
7.1735477
5.239348
7.2971773
5.713045
5.3795176
7.2818627
5.762279
6.703804
5.3795176
7.274627
7.0391965
4.328749
5.3795176
7.2818627
5.762279
6.703804
7.344206
6.0949264
3.9106045
5.3795176
5.096284
7.481098
6.953135
7.3514414
7.344206
6.572656
6.946013
7.1807833
7.1670523
6.5610642
5.2570157
5.7105103
5.762203
7.180354
6.386715
6.904053
6.8863854
7.1807833
7.1598167
7.3514414
7.1598167
6.572656
4.1897306
7.344206
6.4755635
7.2138476
6.3825297
7.1735477
7.3514414
4.2973504
5.811053
5.4099483
6.5755897
7.198451
7.1670523
6.6078076
6.7433143
6.6322837
7.4388466
5.239348
7.2971773
7.1598167
4.3110814
7.0570436
6.207384
5.8802724
5.762203
5.0407577
7.8836226
7.1807833
7.344206
7.1807833
6.2062354
5.910642
7.198451
7.1670523
6.119012
7.310274
7.198451
7.1670523
7.1598167
6.329227
7.3514414
7.1670523
4.2973504
7.3514414
7.1670523
5.3795176
4.412161
4.430604
4.600975
6.9811764
7.1735477
7.1807833
6.2062354
6.2199664
6.329227
7.2095747
6.6841683
6.953135
6.904053
7.3095484
7.1670523
7.3514414
7.1598167
7.344206
5.239348
5.77362
7.316795
7.1807833
7.1670523
6.2062354
6.6978993
7.1807833
5.8081746
4.328749
6.7433143
6.628242
7.3514414
7.1598167
6.3962607
6.572656
7.344206
7.1807833
7.1670523
5.713045
5.7335825
7.269732
7.1670523
7.3514414
4.2973504
6.5610642
6.4932313
6.179772
6.415766
7.0391965
6.590324
7.1735477
6.6978993
7.1807833
5.7800136
6.813349
7.1807833
7.1670523
5.7800136
6.813349
7.3514414
6.350401
7.344206
7.1735477
7.1807833
7.344206
4.1897306
7.21781
4.1759996
7.21781
7.1670523
7.1598167
7.1807833
7.3514414
7.344206
7.3514414
4.2973504
7.39772
6.7433143
6.6322837
7.1807833
6.558925
4.249358
7.2105746
7.1807833
4.1759996
4.3481083
7.103322
7.344206
6.8863854
6.572656
7.1807833
5.905003
7.344206
4.34258
7.2683387
5.721961
6.8310165
6.953135
6.68286
7.2331753
7.1807833
7.1670523
6.3825297
7.1807833
6.2062354
6.3962607
6.2199664
7.1735477
5.642432
7.3514414
7.0391965
7.1912155
7.1807833
7.1670523
4.328849
3.9106045
7.141984
7.310274
7.1912155
7.1807833
5.580385
4.239819
4.552072
5.096284
7.4738626
1.5068533
6.953135
4.2999344
6.5610642
7.1912155
7.1807833
6.558925
6.6978993
7.262256
7.1598167
6.3962607
7.2138476
7.1670523
7.1670523
7.1670523
5.580385
5.8291717
4.402746
7.2105746
6.3962607
7.1807833
7.310274
7.198451
4.1759996
7.310274
6.4139285
7.1807833
6.8726544
4.1897306
6.734926
6.9252143
4.4398465
7.344206
4.1897306
7.344206
6.6978993
7.1807833
5.225617
7.2971773
5.713045
7.3514414
4.2973504
5.811053
5.4099483
5.9269385
6.8569107
7.198451
4.1759996
7.21781
6.3825297
7.3514414
6.3825297
7.3514414
6.315496
3.6654665
7.2421484
7.1807833
7.1670523
7.1670523
7.1670523
4.6821074
7.337666
5.726776
7.2624965
7.1807833
7.3514414
4.1759996
6.5610642
7.198451
5.580385
7.2162104
5.769229
5.7565165
7.1875896
7.3514414
7.1670523
6.8726544
6.5610642
7.198451
5.225617
7.2971773
7.1670523
7.3514414
7.1670523
7.1598167
6.572656
7.0391965
6.904053
5.4844866
7.4373775
6.953135
7.2837515
7.1807833
7.1670523
7.1598167
7.1807833
7.1598167
7.3514414
6.558925
6.3962607
4.3110814
7.39772
7.1670523
6.6841683
6.132743
5.594116
5.762203
7.1875896
4.1759996
7.3514414
7.1670523
7.3514414
7.1670523
7.1598167
5.0304923
6.623399
7.202339
7.1735477
7.1807833
7.1598167
6.5755897
7.344206
7.1807833
5.798504
7.1790175
4.1897306
7.21781
7.1670523
7.1598167
7.1807833
4.2973504
7.39772
7.3514414
7.1670523
7.1670523
7.1670523
7.1670523
7.1670523
7.1670523
7.1670523
6.2062354
7.1735477
6.2148724
6.953135
6.953135
6.590324
7.1807833
5.164133
7.324964
4.1759996
5.7499037
7.1912155
6.6978993
7.1807833
7.0391965
4.328749
6.734556
7.2580786
6.1604376
4.320222
7.3514414
6.6841683
7.1807833
7.1670523
5.713045
6.893192
7.1807833
6.8726544
7.1735477
7.1807833
5.713045
6.893192
7.1807833
7.1670523
7.3514414
5.713045
7.344206
7.1807833
6.5610642
7.198451
7.1670523
6.558925
6.963198
7.1807833
7.1670523
4.1759996
6.9234123
7.0151505
7.1807833
7.1670523
6.2062354
7.1807833
6.183787
4.8926983
8.761205
7.1670523
6.3242297
4.718345
7.2105746
6.7433143
7.240411
6.2574387
6.3962607
6.8863854
6.572656
7.2331753
4.1897306
7.3514414
7.344206
7.1807833
7.1670523
6.558925
7.1516843
4.2712035
5.9269385
7.198451
7.3514414
4.190661
7.175202
7.1807833
6.6841683
6.572656
5.726776
7.3514414
4.328849
6.3906245
7.1807833
6.4618325
7.310274
7.198451
7.1670523
7.3514414
4.1759996
7.3514414
4.1347704
7.3514414
6.734556
7.2580786
5.580385
7.208975
6.8863854
7.3514414
5.798504
4.1952004
7.21781
7.1670523
7.3514414
6.415766
7.3514414
7.1670523
6.4618325
4.344146
5.320925
5.809259
4.317888
7.3904843
7.1807833
5.580385
5.762203
4.317888
5.6429877
8.15051
7.1598167
7.1807833
6.2062354
7.1807833
6.534684
6.2706985
7.1807833
6.3825297
7.1807833
6.207384
7.3499103
7.3514414
6.3825297
7.5017433
6.8726544
7.3514414
6.3825297
7.5017433
6.8726544
7.344206
7.1807833
7.1670523
7.3514414
7.3514414
7.3514414
5.225617
5.910642
5.744444
7.1875896
7.1670523
7.1670523
4.904821
6.204658
6.0154467
6.070885
6.1741686
5.096284
7.3514414
4.51397
7.4424596
7.1670523
7.1670523
5.762279
7.3514414
5.225617
5.7105103
5.762203
7.344206
6.329227
7.305029
6.329227
6.734556
7.3514414
7.1598167
4.3110814
7.3904843
3.4306083
7.249384
7.1598167
6.8863854
4.1897306
6.953135
7.3514414
5.580385
7.2162104
4.2973504
7.39772
5.633144
7.198451
4.2973504
6.7895927
7.1807833
7.1670523
3.4168775
5.662717
5.762203
6.1657844
7.233137
7.344206
7.1735477
7.1807833
7.0391965
6.904053
7.3095484
7.1598167
7.1807833
7.1670523
5.580385
5.762203
7.344206
7.1807833
7.3514414
7.1670523
7.1670523
6.558925
7.1807833
5.225617
6.5755897
6.7999363
4.1897306
7.21781
4.2973504
7.103322
5.726776
7.3514414
5.633144
7.198451
4.2973504
6.7895927
7.1807833
7.1670523
3.4168775
5.662717
5.762203
5.769229
7.2105236
4.2973504
5.811053
7.2162104
5.580385
7.2162104
4.1759996
5.2262535
7.772527
6.429325
7.2138476
5.580385
4.239819
7.3514414
7.1598167
7.3514414
7.1598167
5.096284
7.310274
5.2570157
7.289942
7.3514414
7.3514414
7.3514414
7.1670523
7.1670523
7.3514414
7.1598167
4.3110814
7.3904843
3.4306083
7.249384
7.1598167
6.8863854
4.1897306
7.3514414
6.558925
4.1897306
7.310274
7.198451
4.1759996
6.609683
7.249639
6.207384
7.3499103
7.1670523
4.2973504
7.3514414
7.1670523
6.5610642
4.328749
7.39772
6.8726544
7.1735477
7.1807833
4.1759996
5.0597463
7.2324896
6.3962607
7.2138476
7.1598167
3.4306083
7.3514414
6.8726544
7.3095484
7.0391965
6.4139285
6.572656
7.1807833
7.1670523
4.1759996
4.3481083
6.391105
7.1807833
4.1759996
7.3514414
4.2973504
4.4618373
6.9063196
7.1807833
7.1598167
7.1735477
4.503566
6.597872
6.4558883
7.1807833
4.1759996
7.21781
7.1670523
7.1670523
5.713045
7.2624965
7.0391965
7.198451
6.3242297
7.7021623
7.1807833
7.344206
7.1807833
7.1670523
7.3514414
6.2062354
6.3962607
6.7309637
5.918734
7.3514414
7.1598167
7.1807833
5.225617
7.0027795
5.918734
6.299195
7.5484495
7.1670523
6.3825297
7.1735477
7.1807833
7.1670523
6.6841683
7.3514414
7.3514414
5.225617
6.734556
7.3514414
4.1759996
6.4332876
7.206612
6.572656
5.239348
5.7105103
5.762203
7.3514414
7.1670523
4.1759996
7.21781
7.1670523
6.3825297
7.1807833
7.3514414
7.1670523
7.1598167
7.3514414
5.225617
7.310274
7.198451
7.344206
5.2262535
8.549814
7.1807833
5.580385
4.239819
7.3514414
7.1670523
7.0391965
4.2073984
7.21781
5.633144
7.198451
4.1759996
7.3514414
5.225617
6.8142934
7.3514414
7.1670523
5.9298387
7.1897902
7.1598167
7.1735477
6.2199664
5.812235
6.8918552
6.4755635
6.7449284
7.1807833
6.4618325
4.6732903
7.39772
7.3514414
7.1670523
5.713045
6.308465
7.3514414
5.225617
7.2971773
5.225617
7.2971773
7.1598167
7.3514414
6.386715
7.198451
6.8569107
6.4932313
7.1807833
7.1670523
7.310274
4.328749
7.39772
5.3607903
6.9324703
6.953135
7.290987
7.1670523
7.1670523
4.2973504
7.3904843
7.1735477
7.1807833
6.2062354
6.6978993
4.34258
7.275574
7.1670523
5.096284
7.481098
6.1282105
5.1384254
5.769229
5.7565165
6.1395493
7.1807833
7.1670523
4.190661
7.175202
6.572656
7.1807833
7.1670523
7.1598167
6.132743
7.1807833
6.558925
5.239348
7.2971773
7.1670523
6.558925
7.1807833
4.1787114
6.5976458
5.096284
5.894431
5.762203
7.310274
7.198451
7.3514414
7.1670523
5.881511
7.3515863
6.8726544
5.7228813
5.9306693
7.3515863
6.119012
7.3514414
5.225617
7.2971773
6.558925
7.1807833
7.1670523
5.225617
5.7105103
6.6080832
7.3514414
7.1670523
7.1670523
6.119012
7.1807833
5.580385
4.51397
5.5010242
7.2971773
7.1598167
7.1807833
6.3825297
7.3514414
7.0391965
4.328749
7.310274
7.198451
5.225617
7.3514414
4.328849
7.275574
7.3514414
5.4344773
7.3514414
7.1670523
7.1598167
4.918552
7.0391965
4.328749
7.3904843
7.344206
6.572656
5.769229
7.2105236
7.1670523
7.310274
6.904053
7.1807833
7.1670523
5.225617
7.3514414
6.2574387
7.2787995
7.1598167
7.3514414
6.8726544
6.7014213
6.4558883
5.239348
7.3514414
4.328849
7.3514414
5.580385
7.2162104
4.1759996
6.3906245
7.3514414
7.1670523
7.1670523
4.408031
6.928529
5.594116
5.762203
7.1875896
4.1759996
5.763803
7.3514414
5.984225
5.1207576
7.310274
6.904053
5.096284
7.481098
7.3514414
6.119012
7.1807833
7.3514414
5.302791
5.0466914
7.3514414
7.1670523
6.953135
6.51126
7.310274
7.198451
7.1598167
6.132743
7.1807833
7.1598167
7.1735477
6.8863854
5.7228813
5.762203
7.180354
7.1807833
4.1759996
6.3242297
7.7021623
7.1807833
7.1670523
7.1598167
7.344206
6.2199664
6.8863854
7.1735477
7.1807833
6.6841683
6.779372
6.2142158
7.1877046
6.3962607
7.1807833
7.1670523
6.6841683
6.8863854
7.1807833
7.1670523
6.119012
6.1741686
7.1735477
4.1897306
5.633144
7.198451
4.2973504
6.7895927
5.726776
7.1875896
3.4168775
5.662717
7.2162104
7.3514414
5.984225
7.1735477
7.344206
6.4755635
7.2278123
7.1598167
7.1807833
6.953135
4.421285
7.39772
7.1670523
7.3514414
6.315496
4.222795
7.21781
7.1598167
7.1807833
7.1598167
6.2199664
7.1807833
5.580385
4.239819
6.51126
7.1912155
5.239348
6.734556
6.590324
6.963198
7.1807833
5.713045
5.0407577
4.8998055
7.21781
6.6841683
6.132743
3.5371666
7.310274
7.198451
7.310274
7.198451
7.1598167
7.0570436
7.1735477
3.4306083
6.0385127
7.233487
7.1670523
6.2062354
5.594116
4.239819
4.552072
7.3514414
6.8726544
7.1807833
6.558925
7.3514414
5.225617
7.2971773
6.119012
4.1897306
7.310274
5.2570157
5.84317
7.2624965
7.1807833
7.1598167
7.1735477
7.1807833
7.3514414
7.0391965
4.328749
5.811053
5.762203
7.1875896
7.1598167
5.594116
7.2162104
5.580385
7.2162104
5.580385
5.762203
7.1875896
4.1759996
6.5610642
6.904053
7.1807833
7.1670523
7.1670523
4.2973504
7.39772
7.1598167
7.1807833
7.1670523
6.558925
7.3514414
7.3514414
7.3514414
7.0391965
5.385781
7.2971773
7.3514414
7.1598167
7.1807833
6.8726544
7.3095484
6.8726544
5.239348
5.84317
7.2624965
7.1735477
7.1735477
5.726776
6.786848
4.34258
6.1227274
7.182614
7.3514414
5.633144
7.198451
4.2973504
7.39772
5.713045
6.734556
5.8040714
7.310274
5.611784
5.762203
7.3514414
5.713045
7.3514414
5.225617
6.8142934
4.1897306
5.190649
7.263733
6.2199664
7.1807833
7.1598167
6.953135
7.290987
4.1759996
7.344206
6.329227
5.320925
5.809259
6.51126
6.386715
7.1912155
7.3514414
5.580385
6.6080832
4.531871
7.3514414
7.1670523
7.1598167
4.1897306
7.21781
5.225617
7.3514414
5.225617
7.289942
6.3962607
6.2199664
7.1807833
7.3514414
7.3514414
5.225617
7.289942
6.8569107
5.320925
7.2560306
5.594116
7.2162104
7.1670523
7.1670523
5.655037
5.2732654
5.096284
7.3514414
7.1670523
7.1670523
6.119012
5.096284
7.3514414
7.1598167
6.7433143
7.240411
7.1670523
6.8726544
7.1735477
3.9106045
6.8282547
5.6537437
6.364654
6.8569107
7.1912155
7.1735477
6.8863854
6.3962607
7.3311834
7.1598167
5.969912
7.3514414
7.1670523
5.096284
6.5202813
3.716832
6.1469684
7.0570436
7.1735477
7.1807833
7.1598167
6.8863854
5.096284
7.3514414
7.1598167
6.572656
7.446082
6.2062354
7.1807833
7.1670523
5.8380275
7.1891165
4.1759996
6.207384
7.3426747
7.1735477
7.3514414
7.1670523
