5.9844146
6.4799466
5.313124
6.143123
3.0137546
6.7056246
5.4684186
6.4378448
5.3676314
2.8165655
5.3676314
7.833792
3.871367
5.362735
3.5192614
5.27452
4.2677684
4.6611304
8.177593
5.8404775
7.681592
3.8607588
4.784338
8.248479
TODO
3.3773713
3.5647757
8.790833
7.8859935
4.9370923
2.6528378
7.8859935
4.3775554
3.5192614
5.830504
4.045137
3.4091346
2.3358037
8.506615
7.0148273
TODO
2.4515593
5.274638
7.8276305
6.018071
4.553756
4.350958
2.6950684
TODO
4.2677684
7.53318
8.72425
5.313124
1.2904496
5.093404
3.7303376
7.8870516
3.9192178
3.2539513
7.9273634
7.131069
4.5258045
4.251194
5.548935
7.712246
5.1401396
4.0504346
3.873515
3.3978915
5.0624413
3.0137546
3.9120283
TODO
4.587
8.248479
3.456079
6.548449
4.008016
4.203824
8.936988
5.250582
8.248479
1.3731251
4.553756
2.7030337
5.0669274
3.345914
5.313124
2.9460146
7.654857
7.157318
TODO
TODO
TODO
7.8680477
5.042717
2.6439528
TODO
6.7056246
TODO
6.0386944
4.4131722
4.542842
6.2193484
TODO
3.8952818
6.1008515
7.6812205
4.660014
3.0137546
3.0137546
3.0137546
5.3676314
8.116379
3.6474636
6.056311
1.4100866
5.313124
7.9665823
3.0787773
TODO
7.7979164
3.048534
5.0442643
3.469161
4.3745894
TODO
5.3676314
6.425007
8.067512
3.8546646
TODO
6.7056246
3.0137546
6.2249837
7.4145393
7.781237
8.248479
8.993547
7.7912426
8.749831
8.248479
TODO
7.8859935
4.350958
4.7641683
TODO
6.5626197
4.2033787
5.1332912
3.9471877
4.6678314
5.3676314
5.5291753
3.9668784
6.413829
8.514268
TODO
8.888603
4.4626384
5.2533484
5.3676314
3.0667005
7.8859935
4.859223
6.1008515
7.2217813
3.3592222
7.879553
3.0137546
2.830359
5.313124
3.4706922
3.0112596
5.4049664
8.000088
3.469161
4.553756
5.129482
8.752554
7.5991654
4.8584094
8.214949
8.850637
TODO
5.4049664
4.527731
7.654897
6.2028685
4.545998
2.8152194
4.876237
3.6417081
3.9303598
8.638679
8.873336
7.817838
4.6029277
4.439355
7.8276305
4.132204
4.9370923
4.5506535
7.796556
4.3388443
TODO
3.4599493
6.20313
TODO
7.3194575
TODO
3.8629644
7.8276305
7.187496
7.761259
4.999133
8.248479
3.8552983
7.4942155
3.8130605
8.248479
TODO
4.101682
5.3676314
4.5422044
7.3516107
8.491728
7.148909
3.4567983
4.6785617
6.7056246
5.451752
6.1008515
4.1222215
4.0688233
3.8763206
8.78444
4.891915
6.20313
3.0137546
TODO
5.830504
5.6203556
5.595085
TODO
4.7641683
8.248479
6.7056246
8.588373
2.6528378
TODO
7.689387
4.098963
5.845286
5.313124
5.313124
2.7618866
TODO
2.9122741
2.7618866
3.4173038
7.70976
8.095086
8.047297
8.046906
7.8522363
5.3908396
4.9536295
4.2997737
4.9913073
7.411057
TODO
8.897471
7.70976
6.7056246
6.7056246
4.6648936
4.140946
6.0966105
5.421294
4.1814704
7.523074
8.215489
8.383741
6.2193484
8.062845
6.0966105
6.1008515
6.1008515
6.5626197
7.804553
TODO
TODO
5.042717
7.345653
8.891808
5.313124
4.438061
8.477818
4.3475046
1.3821617
7.673997
5.8251104
2.238189
8.628742
4.243907
4.9726033
6.4799466
4.5073204
4.707431
5.313124
4.1836677
3.9503684
4.5422044
7.9101014
5.7585855
6.6097817
4.659794
8.735376
8.735376
8.248479
4.7407417
7.291581
3.2889676
7.291581
4.6260157
7.64935
8.248479
5.6180954
6.631692
3.2889676
4.535881
6.6097817
7.138605
4.069317
4.121247
8.383076
2.4478118
5.8499928
7.5779595
8.735376
TODO
4.708261
7.612606
4.340845
8.248479
2.9138875
4.5987687
7.9190693
5.851484
1.2904496
7.9382725
7.9190693
7.3144054
4.6307507
3.4567983
7.197869
7.303402
7.786712
5.144592
5.0434995
4.519937
5.313124
4.8008184
4.7741194
4.5442743
4.2997737
7.690388
2.1426497
TODO
6.1008515
4.105214
5.641817
8.10016
4.2997737
3.8552983
4.064947
5.40277
3.3773713
6.8537474
3.4779477
6.7056246
8.64168
5.784157
2.6850717
8.735376
3.057933
3.9425428
6.7056246
4.635194
8.735376
7.3341794
6.7056246
8.232207
7.540061
3.796207
8.248479
TODO
2.33103
7.696403
7.148909
5.705201
5.1593266
5.5280833
4.098963
4.2488008
6.413829
2.727599
TODO
5.421294
4.226894
3.87844
4.8828163
3.4137957
3.506884
4.557997
TODO
7.148909
3.093978
4.553756
7.9219637
5.151889
5.4098744
4.825872
2.2430968
5.266912
3.7161517
5.313124
8.445461
8.562953
3.469161
5.0442643
6.7056246
7.3516107
7.275767
5.948375
3.9501204
2.6652484
7.1187353
4.9370923
TODO
5.042717
6.576252
6.111685
3.4567983
7.465314
7.323184
TODO
5.5283303
4.587
4.3520617
7.9033804
6.4256706
7.681592
2.835998
4.492273
4.064947
5.6180954
8.302659
2.4410691
7.9310107
8.734741
6.6496477
2.3539302
5.551243
TODO
6.7056246
4.487293
8.024424
4.4239254
7.625583
3.5950813
3.8552983
3.8813267
3.712979
6.17933
3.6658287
8.44248
4.564247
5.0742717
3.8464212
1.5199027
4.2174163
8.09634
5.273932
7.873079
5.1201973
4.203824
8.310526
4.61538
4.3942523
3.4552853
4.3942523
3.7920637
6.028431
3.0797775
7.0985456
0.2659924
4.535842
3.3427336
4.7446523
8.060259
4.614024
6.7056246
8.248479
4.2052374
6.7056246
4.2240906
5.880659
6.7056246
7.0063286
5.698661
TODO
6.7056246
3.8370934
3.5500913
4.061749
5.522931
5.0376444
5.1425905
5.0559435
3.0394957
3.4486465
4.3942523
6.2249837
4.140946
3.9093645
4.4209127
5.773438
3.9422736
3.4064586
5.880659
7.479975
7.3557053
6.855583
7.434224
5.880659
6.576252
6.096887
8.193279
4.8859344
8.681123
6.0704637
4.0023093
TODO
8.248479
7.2033167
5.0231915
4.3942523
7.375562
6.7056246
6.7056246
4.84781
3.4693127
TODO
3.9795938
8.12098
5.477954
5.522931
5.049496
3.5257046
TODO
4.67192
3.1485267
5.522931
3.8298602
4.837399
TODO
8.097007
4.4142985
4.602444
5.346866
TODO
5.5029097
4.7989745
5.6409416
3.5878363
6.721648
2.992897
5.9291296
7.873079
8.06074
7.8156066
8.248479
4.68268
5.654846
6.292339
4.946851
4.2852154
8.248479
5.9564447
7.829159
2.788455
8.290812
7.2328124
5.1988425
3.4091346
7.9382725
4.2997737
3.2962577
4.6510844
8.867683
6.0841303
5.274638
7.9907837
3.4981308
TODO
1.7298295
7.5702295
6.7691736
4.483746
7.718477
4.3817663
5.9246206
7.748745
TODO
4.553756
TODO
8.248479
7.551042
8.248479
7.7722235
8.051096
7.2121096
5.6552715
3.4221435
3.4498444
8.112901
4.5841866
7.667964
8.248479
8.546282
2.0317726
5.685402
3.7494745
3.7909772
6.2583766
8.301752
5.2082033
3.298759
7.8276305
5.4893565
3.9575057
TODO
5.6945057
7.883048
3.8437948
5.0728474
1.6741931
4.891915
1.8742976
5.6505175
7.949543
5.9246206
4.203558
4.9083633
4.6824703
4.0704904
4.081558
4.138001
TODO
7.2328124
3.0576293
2.399313
7.922289
8.248479
5.5884595
TODO
4.371233
3.169167
8.419043
8.731555
7.9106903
7.7511625
4.0864367
4.009021
2.7648747
6.7056246
4.7102466
8.248479
3.3592222
5.408515
7.831669
7.9310474
5.6349597
2.8448572
TODO
TODO
8.124731
7.2328124
4.6260157
4.614024
7.1480846
7.227005
7.3676915
4.660014
3.4803069
6.742887
4.1768622
8.936988
6.1008515
4.9482446
3.2786
7.2666435
8.06074
6.5475917
7.5285845
8.53005
8.53005
5.3676314
6.0021567
5.1751757
4.741852
5.9246206
8.248479
7.8276305
7.4811015
2.566617
4.741333
7.1478696
3.0194592
3.9121494
4.8351784
4.152643
7.87062
5.438109
3.87844
4.457959
2.2431831
7.7046165
5.4771614
5.5234694
6.4799466
7.8906302
4.570978
8.248479
7.8258038
8.10162
7.772517
8.020843
4.415047
2.7942863
5.985651
2.3437958
8.035127
4.6133904
5.213104
6.7056246
5.171978
8.373044
7.817838
3.066732
4.0230064
5.3502445
3.556234
4.592333
7.6624727
4.494595
4.386526
6.0668926
6.4799466
5.6822777
6.4799466
4.461695
4.553756
7.182955
7.4181848
5.8499928
3.1624055
5.2082033
4.00895
4.2997737
7.303402
TODO
7.4104414
8.248479
8.248479
6.0592103
6.7672186
5.9246206
4.5385504
5.524436
TODO
5.2508445
8.248479
4.3443203
8.389448
8.094761
8.248479
2.3388922
4.689991
2.9536123
5.003825
4.191278
8.248479
3.8771927
7.2701464
2.7778623
7.148909
TODO
4.5296
5.3000393
5.2509327
7.317962
5.313124
3.9606564
TODO
4.887785
3.6907341
7.0063286
3.139368
7.7768908
7.258507
7.2328124
4.799418
4.3892784
8.005764
3.957134
5.480525
5.438109
5.2044463
3.9251575
5.313124
4.339861
8.248479
5.685402
8.074375
7.6903477
5.6203556
5.3059287
7.057162
7.77239
3.8137505
3.8137505
7.5218306
8.10016
5.032918
7.243317
7.1158676
7.968951
3.2585769
5.6203556
4.003989
3.3541353
3.6886752
5.0734053
3.7644737
6.576252
6.6097817
4.695373
5.327889
7.92296
3.5931957
4.317659
7.771417
6.1008515
4.1014957
3.516072
4.3903337
7.2328124
8.124731
3.3305938
4.18985
4.099457
TODO
7.201675
6.8537474
8.234528
4.622079
4.2366414
3.6727066
4.9787555
5.3676314
3.7203147
4.1072273
7.252808
6.153658
5.185275
2.702013
TODO
3.4872317
8.53005
4.1072273
5.880659
3.3941524
4.472644
5.2508445
3.5722573
4.3817663
3.012869
5.6076517
5.266912
4.282191
7.301659
7.140124
5.9246206
4.3837614
6.4799466
7.757576
8.315317
TODO
4.282706
7.3778577
5.973683
5.042717
5.7994823
6.7056246
7.70708
7.2833843
8.248479
5.6076517
7.0063286
4.353634
TODO
6.268466
5.533573
7.4551773
3.4371564
6.5347433
4.3942523
7.301659
5.8647237
3.8807576
6.7056246
3.3592222
4.24928
8.232217
4.7019978
4.0047746
5.436972
7.3942246
3.4552853
5.094028
4.2997737
5.300188
3.8125348
7.70976
2.5982127
4.225169
8.248479
3.8864074
7.130084
5.916267
6.2399807
4.4064207
4.5926743
5.3676314
8.248479
3.6384072
7.667964
7.9461055
7.2439094
7.9361362
7.985734
3.1719031
4.115651
6.2193484
7.8262377
7.8159485
3.649146
7.757576
4.3942523
8.248479
4.6178174
2.899557
5.2337904
4.4213586
7.3778577
7.9823337
7.010546
TODO
5.822947
3.105353
3.6177056
5.449379
8.248479
3.8837695
3.2705739
7.487732
7.4894567
7.292824
3.8552983
3.7675717
4.035251
8.556557
3.6373205
5.2426243
4.3817663
3.9020205
2.9463649
4.098963
7.9857945
8.388383
4.725853
7.5534906
4.3329496
2.5395336
4.4170046
6.4799466
TODO
TODO
3.3728187
4.0165577
TODO
7.8934975
4.6771994
3.9485822
5.524436
4.4712853
3.942614
2.500473
7.978208
7.3822637
2.6528378
5.213104
TODO
8.248479
8.248479
3.0531425
5.3881283
4.3053193
4.5258045
4.809267
TODO
7.7102904
3.9186037
8.558431
3.8669517
8.248479
4.2997737
5.524436
5.524436
7.7684784
8.248479
TODO
3.7300177
2.3268085
5.1094413
4.0091906
4.955635
4.7494845
7.1724305
8.248479
7.785739
5.9490952
6.668623
4.4833517
4.342376
5.0708313
5.0669274
8.65597
5.3676314
4.422287
5.354744
3.872097
8.248479
5.2533484
6.7056246
3.2121782
5.3991337
3.6864324
7.8525677
TODO
5.1013055
4.8322296
7.817838
6.250223
4.6611304
TODO
4.9536295
7.2563143
2.5947185
5.073461
7.5177884
3.9069898
4.8322296
8.136188
TODO
4.289773
4.373979
4.1099763
7.457303
5.818773
3.8582602
7.667964
4.2684093
4.7850795
5.9246206
3.3978915
5.319001
3.6043956
8.149068
7.5620832
4.5151134
3.6848264
5.559169
5.403897
2.3718567
TODO
4.2543964
7.6246333
8.294835
3.6603599
7.547443
6.7056246
2.7805169
7.4367604
7.654857
7.998726
8.248479
7.301659
7.6723833
5.7961726
5.0304556
7.9364305
4.0974965
TODO
3.1308975
2.704174
6.7958345
3.4091346
6.2193484
3.1308975
7.3247466
8.757241
4.041122
3.3581002
5.2176294
3.9194937
8.78444
4.0875826
6.1568785
5.700394
7.5177884
2.5324476
2.8026829
TODO
6.576252
8.170626
3.206134
4.6824703
5.2956467
7.946202
3.4552853
1.5930762
4.8235135
5.396529
4.9244967
2.3375313
7.873079
4.0368524
7.7273464
7.1125197
2.6528378
4.11355
TODO
3.7903101
4.2834554
4.9371204
3.8092256
8.060034
2.5982127
8.248479
4.542011
7.5177884
6.0980196
8.248479
4.153652
3.537955
4.135669
5.2425404
4.3645353
6.2193484
7.4015026
8.2020645
3.6382074
7.900096
6.209271
7.921425
7.6176643
7.8040423
5.522931
TODO
8.26013
3.3241887
4.9370923
7.936543
6.275026
1.5600134
5.2398767
5.2533484
7.2820563
5.3068337
5.313124
TODO
7.70976
8.229695
3.3330953
3.4567983
6.7056246
5.7272277
3.8464212
1.5246788
4.937782
5.557354
8.248479
5.3676314
4.3942523
4.3942523
7.863785
3.4719546
5.880659
5.207888
5.9770203
4.3942523
8.310526
8.248479
7.556574
5.053608
7.0214305
3.9599993
4.053092
8.248479
6.993
6.7056246
4.3578224
4.6807647
6.2687073
3.1495044
3.0880673
5.880659
4.471346
5.561379
7.0097566
7.917856
4.377574
3.258418
8.248479
3.4992805
4.535842
7.35325
6.899572
5.468318
4.614024
4.7417316
8.308473
3.1638799
6.7056246
4.944566
3.695832
6.7056246
4.1099763
8.248479
4.260322
7.267628
4.542011
2.9203186
8.437447
TODO
TODO
2.7664437
3.8198802
5.362735
4.1789637
7.70708
6.6097817
3.8771927
1.2904496
7.7139435
6.6615815
7.681592
2.4515593
3.4567983
4.0406356
5.313124
6.7056246
4.099457
4.812481
3.7539277
4.2677684
2.8165655
4.6611304
5.561379
8.248479
3.048534
3.060044
5.274638
4.734298
7.8859935
7.6812205
5.754121
2.8165655
6.7056246
4.9370923
7.8276305
2.589955
4.412863
4.7388287
4.412863
3.1844795
5.548935
1.6587993
TODO
4.3154798
5.9844146
4.184001
6.5626197
TODO
2.3375313
5.641817
2.6950684
4.2874317
7.9561386
4.636653
7.77239
TODO
4.784338
3.8198802
5.496259
6.413829
7.5186167
5.206312
7.131069
5.313124
4.251194
4.099457
8.248479
5.9746003
5.0726075
3.8397355
4.5743814
6.7056246
3.3978915
6.7056246
TODO
2.3925319
5.088575
3.482289
6.093677
1.1045711
5.700394
3.303035
2.788081
6.7056246
5.4049664
4.020169
7.3778577
8.790833
TODO
8.683694
TODO
4.171899
4.395783
7.775538
2.3470836
4.542842
5.042717
5.042717
6.9989266
3.3841074
3.8513389
3.8952818
4.4954853
7.8766174
6.545928
5.1938505
1.8142312
TODO
TODO
7.72554
4.094262
8.116379
7.8522363
3.2453601
3.072779
3.8552983
4.2305837
7.3516107
TODO
4.702892
4.644217
8.853194
8.248479
4.557997
3.106997
1.3821617
5.315068
6.2249837
3.1910222
3.5722573
3.0787773
6.7056246
2.3709662
6.649292
4.127321
5.339269
6.4799466
4.557997
3.1844795
7.938411
7.8276305
5.3676314
4.3520617
3.6559963
3.7083845
5.122342
3.4567983
2.8384914
8.248479
1.2626079
2.4234369
2.9238555
5.500969
7.304505
3.4880435
4.4297132
4.9928894
7.9449205
8.735376
4.040439
4.1546173
4.3520617
3.4477258
4.876237
8.638679
3.6417081
3.9303598
8.248479
4.6029277
6.1008515
4.439355
3.092526
TODO
8.883058
3.1665976
4.000027
7.796556
4.3388443
4.5506535
TODO
8.248479
3.4179318
7.153902
3.7008493
3.667266
6.20313
7.9690666
4.86105
3.2402825
5.1253643
5.595085
TODO
3.312747
4.4094176
3.8198802
6.4799466
TODO
5.8499928
7.5534906
8.025264
4.561653
7.856711
3.255646
4.243742
7.873079
7.680295
7.0731597
8.248479
5.2509327
5.4081907
4.9612117
TODO
6.55797
6.81748
6.578812
8.203254
