4.1759996
7.3514414
7.3514414
5.225617
6.119012
7.1670523
5.762203
7.1807833
3.4168775
5.225617
6.8726544
5.726776
7.1807833
7.39772
7.233137
7.1670523
5.096284
7.3514414
6.4618325
7.1807833
7.3514414
7.481098
6.734556
5.225617
4.239819
7.1598167
5.225617
5.726776
7.3514414
6.904053
4.2973504
4.1759996
7.2162104
7.1670523
5.762279
7.1670523
7.2138476
7.1670523
5.096284
4.1759996
5.713045
7.39772
7.098502
7.1598167
7.3514414
3.4482763
4.2424345
7.1807833
7.21781
7.1670523
7.2138476
7.3514414
5.225617
4.204392
4.1897306
7.3514414
4.1759996
7.344206
4.1924424
7.1670523
5.762203
5.713045
6.8726544
7.1807833
5.225617
4.328849
7.3514414
7.3514414
7.3514414
5.225617
7.198451
6.3890934
4.2973504
4.51397
7.344206
7.1670523
7.1807833
5.726776
6.4618325
7.1735477
7.1670523
6.0636654
6.3962607
5.918734
5.225617
5.762203
4.9270983
6.6080832
4.1759996
7.3514414
6.6841683
7.3514414
5.726776
7.198451
7.1807833
4.918552
7.1598167
5.239348
7.1807833
5.763803
5.225617
3.8057806
4.1897306
5.881511
7.344206
7.1516843
4.34258
6.8726544
4.4398465
5.762203
5.762203
7.803722
5.1207576
7.3514414
5.726776
4.2973504
6.6080832
7.1875896
7.3514414
5.762203
4.9898357
5.225617
5.096284
5.762203
4.1759996
4.9270983
6.953135
6.953135
6.3825297
5.239348
6.6841683
4.430604
7.3514414
7.1598167
7.0391965
5.225617
6.9678583
7.2105746
5.7335825
6.609683
5.726776
7.1670523
5.762203
5.762203
4.1897306
7.1670523
7.2421484
5.0597463
7.1670523
1.3624244
6.4618325
5.762203
8.079435
5.713045
5.0468717
7.1735477
4.1897306
7.3514414
4.1759996
7.1807833
7.3514414
6.558925
7.3514414
7.1670523
7.198451
7.1875896
5.762203
5.713045
5.8040714
5.713045
6.04641
6.51126
7.186253
7.1670523
7.21781
7.21781
7.1670523
7.1735477
7.1670523
5.7800136
7.1670523
6.558925
6.2481923
5.7937446
7.1670523
5.812235
7.2624965
5.762203
7.1807833
4.1759996
7.1875896
7.222941
7.1598167
5.726776
7.1670523
7.2971773
7.1670523
6.51126
7.1670523
4.1759996
4.2973504
7.21781
5.713045
5.762203
5.096284
4.1897306
7.1670523
6.911882
4.1897306
7.1807833
6.8142934
7.1670523
4.328749
7.3514414
7.1598167
3.4168775
5.762203
6.207384
7.3904843
7.1912155
4.47052
3.7031012
6.183787
7.263266
7.1807833
4.2973504
5.762203
7.1807833
7.1807833
7.180354
5.809259
7.1807833
6.1395493
7.1807833
7.1598167
7.297524
5.918734
7.1670523
7.1875896
5.713045
7.1670523
7.1670523
6.248356
7.2162104
7.1735477
4.1897306
7.231911
6.438404
5.7937446
7.1670523
7.1807833
7.1875896
7.1875896
7.1670523
3.9106045
7.3514414
7.3514414
3.4306083
7.1670523
5.2570157
4.3481083
5.762203
7.1807833
5.762203
6.734556
7.344206
5.225617
7.1807833
7.2162104
4.2973504
7.1670523
5.762203
6.132743
6.6978993
7.198451
7.1807833
7.1670523
6.8726544
7.302313
4.1897306
5.762203
7.1807833
6.4755635
4.3816
7.1598167
6.4755635
7.3139005
7.1807833
4.1759996
7.192674
7.1598167
4.1759996
7.1807833
4.1759996
5.809259
7.1670523
7.2162104
4.3602476
7.1911974
7.2670517
7.310274
7.2278123
4.1759996
4.1759996
4.1347704
6.9844017
6.8726544
7.1598167
5.096284
7.1598167
6.195564
7.198451
4.327299
6.8863854
7.1807833
7.1807833
7.21781
7.3514414
4.6701264
5.225617
7.1670523
4.1897306
6.8726544
6.6080832
5.0917993
7.7964864
7.310274
7.1807833
3.8187919
7.1875896
7.1670523
4.1759996
6.119012
6.195564
7.1670523
4.6701264
4.1897306
7.1598167
5.580385
7.1670523
7.1598167
7.1670523
4.2973504
7.3514414
5.762203
3.437415
5.762203
6.1082377
7.1670523
7.186253
7.1807833
5.798504
4.1897306
7.1670523
7.310274
4.239819
5.8353133
4.1759996
7.2105746
7.198451
5.029778
5.7499037
5.713045
6.8863854
7.3514414
6.6841683
7.1670523
7.3514414
5.239348
7.1807833
5.225617
4.9408293
7.289942
7.1670523
4.3481083
6.8726544
4.9270983
7.1670523
7.1670523
7.1670523
7.1807833
4.1897306
4.1897306
6.329227
4.1759996
4.9270983
4.1759996
4.2073984
7.1670523
5.762203
4.1897306
7.39772
4.1759996
7.3514414
6.915177
4.2973504
4.328849
7.1670523
5.965561
7.310274
6.5755897
7.1670523
7.1735477
7.1807833
7.3514414
6.3825297
4.1897306
7.1670523
6.6978993
6.119012
7.2105746
7.1670523
6.667447
7.198451
7.1807833
4.328849
7.1670523
7.0570436
7.3514414
7.3514414
7.1670523
7.1670523
7.1807833
4.328749
4.317888
5.726776
6.558925
7.3514414
4.328749
4.2973504
7.1807833
5.809259
4.1897306
7.1598167
4.1759996
6.3962607
3.716832
6.237634
4.3110814
7.2138476
7.1735477
7.1670523
7.446082
7.3514414
7.0570436
7.1670523
6.3825297
7.1598167
7.1807833
6.4618325
6.0811954
7.1807833
5.762203
7.1670523
7.1735477
6.9811764
4.1897306
7.0570436
7.3514414
6.5610642
4.1897306
4.2973504
7.481098
7.1598167
4.1759996
7.1735477
4.1759996
7.1735477
7.1598167
7.1598167
7.1875896
4.2973504
4.3110814
7.310274
6.3962607
7.269732
6.367077
6.8863854
6.329227
5.905003
7.1670523
7.756819
5.696804
7.198451
5.3607903
7.1598167
7.1807833
4.1759996
4.904821
6.2711697
7.1807833
6.315496
6.8726544
7.1807833
7.198451
4.552072
5.096284
7.223633
7.1807833
5.944968
5.225617
7.1598167
7.275574
7.1950088
6.007683
7.1670523
4.2973504
7.1670523
5.713045
7.1598167
4.421762
7.1807833
4.1897306
5.84317
3.4306083
7.1807833
7.3514414
7.1598167
3.4306083
6.436903
3.5775623
6.329227
4.904821
7.1670523
7.1807833
7.1807833
7.1670523
7.1670523
5.918734
7.1598167
7.1807833
7.39772
7.3514414
7.1807833
7.21781
6.5202813
7.1807833
3.4306083
6.6078076
6.953135
5.809259
6.2062354
4.918552
6.2574387
6.6978993
4.1897306
7.233487
4.1897306
6.8726544
4.1759996
4.3110814
5.9116597
7.756819
7.2006083
7.344206
7.1670523
3.4306083
5.713045
4.1897306
5.2570157
7.3514414
7.1670523
5.905003
4.2712035
7.344206
7.1807833
7.198451
4.239819
7.310274
7.3514414
5.918734
7.2105746
4.1897306
5.762203
7.3514414
4.328849
7.0391965
7.1807833
6.8726544
6.6078076
6.6078076
7.1598167
4.408031
6.558925
6.558925
7.1598167
7.1807833
7.2582035
7.446082
4.370709
4.2973504
5.726776
6.6841683
4.286875
6.953135
4.3110814
5.302791
4.2134566
6.7895927
4.328849
4.1897306
7.3514414
7.1670523
6.6131973
5.762203
7.1807833
6.558925
4.3110814
7.208975
7.198451
7.1807833
6.207233
7.1670523
5.713045
4.1897306
5.881511
6.558925
6.609683
6.953135
7.1807833
6.734556
6.4618325
4.3481083
7.2315154
7.1670523
6.558925
7.1735477
7.1670523
4.489911
6.953135
7.3514414
7.1670523
7.198451
6.558925
6.6078076
7.3514414
7.180354
6.558925
6.6978993
5.713045
6.4618325
5.225617
7.1807833
7.2683387
7.2624965
7.1670523
5.713045
4.1897306
5.239348
5.905003
7.198451
6.757527
4.4213285
6.817934
7.1735477
7.1807833
7.1807833
6.902603
7.263266
6.572656
7.1807833
3.4306083
5.8959165
7.1807833
6.6078076
7.3514414
6.8726544
6.132743
4.1897306
5.225617
7.1735477
4.2973504
7.2162104
6.953135
4.2973504
7.1670523
4.1759996
7.1598167
6.558925
6.558925
7.1807833
6.8726544
4.918552
7.1735477
6.329227
2.4276218
7.1912155
4.2973504
5.809259
5.809259
5.762203
5.7937446
7.1807833
7.344206
8.010427
7.1670523
4.328849
4.1759996
4.1897306
5.84317
7.220577
4.3110814
6.2574387
7.1735477
7.3514414
5.628701
6.6978993
4.2973504
7.446082
5.096284
7.1807833
7.2874
4.3110814
6.3825297
7.1735477
7.3514414
7.198451
4.531871
4.1759996
6.6078076
7.1670523
6.121686
4.1759996
6.3906245
6.2062354
4.1897306
7.3514414
6.8863854
7.1807833
6.6841683
6.6078076
7.1735477
5.3404274
7.1598167
6.155923
6.386715
7.1670523
7.1807833
7.3514414
4.1759996
7.1670523
7.1807833
5.762203
6.8863854
7.203288
5.809259
5.096284
7.1598167
7.1807833
5.9783616
7.1670523
5.713045
4.489835
6.2553935
5.762203
5.762203
7.1807833
7.7021623
4.918552
3.7031012
7.3514414
6.119012
7.1598167
6.132743
7.1670523
7.1670523
6.4432898
6.8726544
4.328749
7.1670523
4.320222
7.344206
6.504355
4.1897306
7.198451
7.344206
7.1670523
7.1670523
3.4168775
7.1670523
4.3481083
7.1598167
7.1598167
4.2973504
5.762203
7.1807833
5.817816
6.953135
7.1598167
7.1735477
7.1670523
7.1735477
7.1807833
4.222795
6.8863854
6.6096253
6.3825297
4.249358
6.6978993
5.892404
4.4585123
6.5610642
5.762203
8.538906
7.1735477
7.1670523
5.7335825
6.51126
4.328749
7.1670523
6.629542
7.1670523
6.3962607
6.3962607
6.914836
6.3825297
7.1670523
4.48273
7.1670523
6.4394307
7.220577
7.2971773
6.558925
6.4755635
7.1735477
6.329227
7.180354
7.1670523
7.1807833
5.225617
7.3499103
4.1759996
7.1670523
7.1670523
6.8569107
4.2973504
7.310274
5.695121
7.1807833
7.1670523
4.328849
3.9106045
4.1759996
4.1897306
7.1807833
7.1598167
5.729589
7.3514414
6.8685575
4.9408293
7.481098
7.1670523
6.6841683
6.8726544
6.4618325
6.8726544
5.239348
7.3177285
5.096284
3.4306083
5.984225
7.198451
7.302313
7.269732
7.1598167
4.9270983
7.1598167
6.6978993
7.249384
4.2073984
7.1598167
7.1598167
7.1807833
4.249358
7.1807833
6.8863854
4.1897306
7.1807833
4.1759996
7.1598167
4.1897306
6.2062354
7.1735477
5.6618376
6.041491
6.315496
6.315496
7.310274
7.1807833
4.1897306
6.2062354
5.755352
6.2062354
7.2105746
6.6978993
7.2331753
7.206811
4.328749
7.1598167
7.3514414
5.3646317
7.3514414
6.2062354
6.8726544
7.3514414
4.5595164
4.1897306
5.713045
6.703804
7.274627
4.328749
6.703804
6.0949264
3.9106045
5.3795176
7.481098
6.953135
7.3514414
7.1670523
7.180354
7.1598167
4.1897306
7.1735477
5.4099483
7.1670523
6.6078076
4.3110814
7.0570436
7.1807833
6.2062354
6.119012
6.329227
4.2973504
7.1670523
4.412161
6.6841683
7.1670523
7.1598167
5.239348
7.1807833
4.328749
6.628242
6.572656
7.1670523
4.2973504
6.179772
6.415766
6.813349
7.3514414
6.350401
7.1807833
7.1807833
7.3514414
7.344206
7.39772
7.103322
5.905003
7.2683387
6.8310165
5.642432
7.3514414
4.328849
7.141984
4.552072
1.5068533
4.2999344
7.1807833
4.1759996
4.4398465
4.1897306
5.713045
5.4099483
5.9269385
6.3825297
6.3825297
7.1670523
7.1807833
4.1759996
7.2162104
7.1875896
6.8726544
7.1670523
6.572656
7.4373775
7.1598167
4.1759996
7.1670523
7.1598167
7.1598167
6.5755897
7.39772
7.1735477
6.2148724
6.953135
7.1807833
4.1759996
7.1807833
4.328749
4.320222
7.1670523
5.713045
7.1807833
7.1807833
6.183787
7.1670523
7.2105746
4.1897306
7.3514414
4.2712035
7.198451
5.726776
4.328849
6.4618325
7.1670523
4.1759996
4.1347704
7.3514414
6.8863854
7.1670523
7.3514414
6.415766
4.344146
4.317888
7.1807833
7.1807833
7.3499103
6.8726544
6.8726544
7.1670523
7.3514414
7.3514414
5.225617
6.1741686
5.096284
7.3514414
5.762279
5.762203
6.329227
6.734556
4.1897306
6.953135
7.39772
5.762203
7.233137
7.1807833
5.762203
7.1807833
5.225617
5.726776
7.3514414
5.762203
4.1759996
4.239819
7.1598167
7.1598167
5.096284
7.289942
7.3514414
7.3514414
7.1670523
4.1897306
4.1897306
7.249639
4.2973504
7.1670523
4.1759996
3.4306083
7.3095484
4.1759996
7.2624965
7.198451
7.1807833
7.1670523
5.918734
5.918734
6.6841683
7.3514414
5.225617
6.734556
5.762203
7.1807833
7.1598167
5.225617
7.198451
7.344206
4.239819
7.1670523
7.21781
4.1759996
6.8142934
7.39772
5.713045
6.308465
7.1598167
7.3514414
7.198451
7.1670523
6.9324703
7.1670523
7.481098
5.1384254
6.5976458
5.762203
7.198451
6.119012
6.6080832
5.580385
6.3825297
7.3514414
4.328749
5.225617
7.275574
7.3514414
5.4344773
4.918552
7.3904843
6.572656
7.1670523
5.225617
7.1598167
5.239348
4.328849
4.1759996
6.3906245
5.763803
5.1207576
6.904053
7.481098
7.1807833
5.0466914
7.1670523
6.953135
6.51126
4.1759996
7.1598167
4.1897306
7.2162104
7.1735477
7.1807833
7.1670523
4.239819
5.239348
3.5371666
7.198451
7.1598167
4.552072
6.558925
4.1897306
7.1807833
7.3514414
4.1759996
6.558925
7.3514414
7.3514414
7.3514414
7.2971773
7.182614
7.3514414
5.713045
5.8040714
5.762203
5.713045
4.1897306
7.1598167
4.1759996
6.329227
5.809259
6.51126
7.1912155
4.531871
5.225617
7.1807833
7.3514414
7.289942
6.8569107
5.2732654
5.096284
6.119012
5.096284
7.1598167
7.1735477
6.364654
5.969912
7.1670523
6.1469684
6.8863854
5.096284
4.1759996
7.1735477
7.1670523
