4.3520617
4.3976407
3.4567983
6.2575774
4.3671575
4.4503293
5.5818896
5.09723
4.415896
3.7920485
5.086216
4.4933867
3.551635
3.4374266
4.7583885
3.9176433
2.1240625
5.083028
3.2149546
5.472309
2.8691158
4.011168
2.089076
5.4609118
4.8146243
4.457959
4.744264
4.709625
3.7184029
2.998928
3.4697263
8.462493
3.004073
6.3012614
6.3747535
3.7350116
5.3000507
4.7745547
2.105369
5.854803
4.1072273
1.3047484
6.8811045
6.206477
4.011168
5.2515597
5.3444443
4.3197474
3.0353637
4.448652
3.3893683
2.6445968
6.0814047
3.4567983
5.8299727
3.4365342
3.0570734
3.4517
8.241408
6.056311
5.094163
5.618276
3.7184029
3.7198813
1.4240161
3.2832863
3.0553164
3.9118092
3.3197474
1.7599545
1.4949491
3.7920485
3.352947
0.40615365
2.417716
4.7987113
4.991357
3.8198802
6.250285
3.731121
3.6570647
6.215884
3.352347
5.313124
2.2436216
5.487267
4.011168
3.469161
5.7445407
2.243513
2.3296232
4.198588
0.5823877
4.4946585
3.7431698
3.4567983
4.267261
4.1843386
4.132259
4.9153357
5.0880904
7.712779
4.064947
7.291581
3.0446355
4.321993
3.4501503
4.664342
3.2712498
3.4487586
0.77142906
2.7687235
4.1913404
3.969374
5.076424
4.2035074
4.7161155
4.661992
4.3976407
4.2438393
1.6887625
6.4535584
3.469161
3.9022803
3.9648054
4.664342
4.04798
2.6684299
4.1063786
3.4232976
5.7609196
6.0917273
3.2280524
6.641433
1.278975
2.7375095
1.532934
5.8031764
4.8008184
2.3603973
3.3603914
4.735201
1.4949491
4.0750923
4.065355
4.5610633
3.469161
5.8762865
3.6263936
4.4482193
3.469161
2.7953296
4.3503995
6.0680285
6.5633674
3.3920162
2.9141848
5.882511
4.3520617
0.54523456
5.903373
2.8691158
6.0182986
4.5272646
4.1050677
4.5843525
3.6160488
4.633776
3.4898908
3.7697935
1.509337
3.469161
2.7475004
2.721844
4.534748
4.328943
5.313124
5.0812554
4.05185
4.6803675
2.6197758
6.2367435
1.6406364
1.4949491
4.89696
5.4049664
0.4086963
4.45473
4.6611304
3.0446355
3.8764393
4.87094
5.8762865
3.4137957
2.618836
3.1650674
3.4567983
4.097455
3.2824826
3.2598825
4.672377
4.488447
3.297163
3.8645835
3.3733158
1.7722721
2.356583
4.0838723
1.0219369
4.655284
4.6599097
4.2831283
2.2120583
5.196947
4.123174
4.4185405
3.614501
3.4393797
3.469161
1.4949491
5.9361334
5.0727096
4.8345118
3.0511014
3.6772907
3.2598825
4.442648
2.6473093
2.721673
3.4567983
4.602998
2.2227602
4.1573133
4.121546
4.724872
2.05023
3.9377344
4.693976
3.3603914
1.4949491
3.0290403
4.3520617
0.5986815
3.7437057
3.8645835
3.8645835
5.031002
3.440942
3.8051183
3.7190022
3.4819505
3.6627345
3.7340837
6.7001996
2.7462173
5.744354
0.36035332
3.4567983
2.5017364
3.5322313
2.7292705
3.859267
4.5319805
3.2346704
4.6265755
2.334967
3.619732
6.7031584
4.999125
5.5929246
1.8756627
4.3301816
3.700346
3.4232976
3.7920485
3.3535094
3.8725324
5.5617895
4.739887
6.1008515
7.8522363
4.855321
3.6657403
3.469161
1.1392137
5.9517407
2.682351
3.469161
3.469161
3.4567983
4.423315
4.7959933
3.7920485
4.5319843
4.13914
4.0209928
4.4570184
2.360588
4.021684
2.7786932
2.113657
0.4086963
5.863763
4.431595
3.873757
3.104059
0.54523456
4.9997506
1.532934
4.110579
3.7714994
3.913126
1.8789514
1.8112018
4.724654
1.5303487
3.469161
3.045621
0.54523456
4.3520617
6.6792545
3.2854035
5.0772038
4.5610633
6.1008515
4.881556
5.016502
5.362735
6.456856
3.8232374
3.0077703
4.299727
4.795305
4.5911803
3.6805058
8.241408
5.336649
8.241408
3.469161
3.469161
5.09968
3.808351
3.7590206
6.8874483
3.9301827
5.4609118
1.6887625
4.173575
3.2167645
3.004381
3.4567983
3.469161
5.615651
5.5129933
4.61369
2.5479746
3.7590206
3.3995874
4.664342
3.8011692
5.329899
3.7054927
4.0185246
2.7671328
4.8094087
2.2498603
3.4567983
4.6590843
4.701967
5.1299806
3.2409716
4.732427
6.2010756
3.568945
5.8762865
4.0185246
3.099672
3.313525
5.802478
2.4595273
2.5254514
5.969842
3.6907341
3.9471226
1.5734819
4.064947
0.54523456
3.0795004
3.8673174
3.7512372
3.1494262
4.6751947
5.969842
4.8157463
8.462493
3.4232976
6.2193484
3.469161
3.0511014
4.8504314
1.4949491
4.007876
3.0653515
3.469161
5.197119
3.3739903
4.299727
2.982588
4.3992667
4.704077
2.9515269
4.431595
0.8395943
3.7714994
3.641741
4.952726
2.30522
4.578654
4.818753
6.0533624
4.5854807
4.9926705
6.740639
3.9377344
3.9318793
3.4567983
3.469161
3.4567983
4.451434
3.8645835
6.2028685
3.2823668
2.8364978
2.903799
2.484324
3.344948
7.8522363
1.863957
1.871063
3.5501244
4.44026
5.264592
5.2376285
6.1008515
7.42112
4.17115
1.6998597
2.7388382
4.7613845
0.34579557
4.664342
3.619732
7.8522363
2.9899766
8.462493
1.9441406
3.4567983
7.9251866
4.843506
2.2120583
4.7016935
3.5501244
5.419991
4.6137524
3.6570647
3.3334823
1.9819081
2.1411908
1.9842986
3.469161
3.4137957
2.7908545
4.718003
5.3867774
5.770772
3.0844204
2.3770058
3.7475998
4.5610633
0.8560488
6.6562266
4.3520617
5.2515597
3.0491579
0.54523456
2.1411908
3.4567983
4.064947
3.7697935
5.0669274
8.248479
4.3148055
2.3272772
5.3796163
3.8386374
2.6977262
4.8498793
2.7186267
3.4819505
6.0449433
5.2615023
3.1206546
5.13993
1.592466
3.818824
3.8293998
1.0219369
5.25007
8.248479
5.4866567
5.787111
4.822224
3.770974
2.0558152
3.5730796
4.064947
5.9305687
6.500846
2.6504169
4.722039
0.39879233
1.8112018
3.7195508
3.5007098
3.469161
2.8791242
5.786208
3.469161
5.6301274
4.746484
5.304537
4.6604314
5.8299727
3.972263
6.6487837
4.4167986
4.6260157
3.6604354
4.203899
3.5252392
0.9330775
3.737965
5.1190166
6.215884
3.073996
4.686696
4.3453364
6.2787647
8.248479
3.7070074
4.797761
3.0329728
3.0795004
3.5666735
3.5933847
5.420873
4.551774
4.4315324
5.5508423
5.9097304
2.8451695
2.199922
1.8200492
4.0600557
3.2620997
7.0498047
6.052585
4.064947
4.382429
4.4247065
4.4064207
4.0457907
4.927008
5.071911
4.7341924
2.3658912
1.1392137
5.6282215
4.3963814
2.02934
6.056149
6.47453
7.8522363
5.1347985
0.40615365
3.9063916
4.714959
4.9711065
3.3010418
4.671786
2.538981
4.294374
1.4949491
4.7929707
4.3781886
5.1783557
4.612579
4.2152123
4.6165547
3.5810657
6.6097817
2.1764884
3.469161
7.3778577
2.8288403
3.6549141
3.63259
1.647594
4.262081
2.7847896
3.5145493
4.769824
6.163392
1.9139394
4.277851
0.5986815
1.8112018
3.3358388
8.248479
3.6071372
3.6834836
4.2955694
4.299727
5.5055513
5.0441318
4.6396575
7.8714933
3.9841762
0.5823877
4.332359
3.576785
7.3778577
5.744354
4.6803675
3.8176162
4.27939
5.071911
4.509831
3.9095356
2.0225053
3.2640862
2.8278127
2.9515269
6.10664
4.541114
5.40596
4.4064207
1.4344219
2.5138357
3.8544338
2.8458521
4.7566733
4.661992
0.3776141
4.661992
3.6627345
4.681736
3.561916
1.4949491
3.2893302
4.190228
4.7968645
4.6080184
4.2423406
3.5829442
3.537955
3.0713854
5.6178727
4.6236486
5.5367746
2.8340006
3.4901738
4.153768
3.7697935
2.0175664
3.6907341
3.34105
1.6450951
4.0187154
5.8343325
4.972888
4.160919
3.100781
3.6570647
4.368077
5.056128
3.4634283
6.153658
5.535888
1.6837289
5.0128274
3.401052
5.141923
0.77709264
3.9065492
5.80599
4.714877
1.8359102
3.604149
3.1931837
2.617693
0.5553476
2.8253684
5.5142446
3.1738088
4.620945
3.3935757
3.4264894
4.752155
5.137871
5.25298
5.2394714
0.39879233
4.011168
5.0730205
3.3640964
3.7574325
4.0457907
3.9846003
2.8288965
5.6073623
3.438441
4.1311326
5.1333117
1.5092362
1.0493473
4.106505
2.0121148
3.0641184
2.9746335
1.0883412
3.2052584
6.0487065
6.5347433
3.2503936
2.6269214
4.1259947
3.9640594
4.9701138
2.5547254
4.397088
4.058216
7.8299108
4.416827
2.9502032
7.159564
2.8374963
5.3709793
4.061749
0.18395317
4.4670215
1.1184417
4.160919
4.5343537
3.621195
5.393192
3.5691907
3.1606805
5.5901628
4.721487
4.4064207
3.7152371
4.061749
3.566171
3.2090883
4.4504466
4.6217275
5.7883983
2.8696923
3.556172
3.778132
2.0344245
4.5184264
2.2999163
5.811952
3.2346704
5.5693007
3.9972723
3.2801378
3.1738088
4.534366
6.538082
4.4679074
5.0518746
4.897763
6.2249837
3.4567983
4.296959
5.907904
4.840663
6.6905513
4.004985
2.0988698
6.724591
6.898582
5.0355115
3.00488
3.1041582
1.4949491
2.5748901
1.5092362
1.7699726
4.8110337
5.682373
1.9600656
4.6764927
4.1311264
2.512887
5.9399433
4.433605
3.0613184
2.139151
5.437104
1.6837289
7.340457
5.8633804
3.5355566
1.7958366
4.3930407
6.3126783
1.5640242
1.4240824
3.469161
4.106505
3.469161
4.664342
3.102493
6.5044293
4.061749
1.1184417
3.5263426
2.982588
3.873757
4.619051
5.1555815
5.219039
4.068752
6.781663
3.4069922
3.926202
4.663623
4.061749
4.0097165
4.7841787
3.4438608
4.579384
2.3439279
3.5810657
6.6285233
2.1764884
3.644083
0.39879233
3.0839443
3.6431665
4.2699285
5.744354
2.853725
7.8714933
2.9920187
5.2941623
5.0223856
4.9651213
4.454009
6.254714
3.4286828
4.494077
4.3179107
4.1011524
3.0077703
4.6260157
3.8907032
0.8395943
4.3472457
7.9251866
6.500846
8.241408
6.153658
4.3896756
7.88131
2.0253649
5.5899734
4.5343285
1.8269151
0.48721856
5.056128
7.07804
3.469161
4.5273476
5.2569203
4.606301
6.6097817
3.7302125
5.8204856
3.5671406
2.2722297
4.6803675
4.366164
5.8737526
5.0603213
3.6781797
5.026557
3.5671406
3.7315962
4.8099318
3.469161
3.7184029
5.1829534
7.5177884
3.6570647
5.8572283
5.2880206
5.1877213
5.6287675
3.4273639
4.4330597
2.8109703
3.102493
2.7641861
5.313124
6.55797
3.9506447
4.1031237
0.5823877
4.299727
3.7422986
5.36423
1.9824353
2.5547254
3.5810657
4.160919
4.701236
5.137769
1.0169244
3.469161
5.015388
2.7751958
4.626359
3.2768743
4.8573136
2.3186762
2.2120583
3.4799478
3.4567983
0.214402
5.134548
4.299727
4.664155
4.3779664
2.5670223
4.01902
7.9566274
4.2827716
4.5200133
4.1072273
2.1090739
3.850756
1.0219369
7.092007
0.5823877
3.9903948
2.9742808
4.6994877
3.0816116
3.031124
2.853725
1.1392137
2.050701
4.1438537
2.5710354
4.330057
3.8894618
3.469161
2.5758448
3.8177345
3.5671406
2.3186762
4.8110337
3.0511014
4.2566366
4.76331
2.3984096
5.7304935
1.278975
5.897152
3.2619128
3.4898725
4.5854807
1.4855019
5.4995785
5.1829534
4.691687
3.3603914
3.5501244
2.7722588
3.464753
6.6957135
1.5829524
5.9523897
3.469161
3.9261448
3.0265768
3.8055453
1.8639287
3.7572176
7.869855
2.4515593
3.779177
2.7487736
3.4819505
4.1992583
2.7582986
1.1392137
3.7222826
3.8074198
1.7921276
4.277851
5.3716626
7.5177884
4.4002748
6.0080094
5.209703
3.7920485
4.393279
1.1781257
1.7997015
4.355179
4.6227083
7.908163
1.6406364
4.061749
3.469161
3.469161
0.54523456
4.204538
4.1941023
3.3422515
4.3942647
4.3059793
3.420249
4.160919
3.440942
7.210883
6.1733494
3.8904989
3.7181146
5.6409416
3.469161
3.4567983
5.14312
3.9186037
2.6089435
4.011168
4.299727
4.299727
3.6596947
5.282835
6.290137
4.263954
3.1354609
1.4949491
5.026803
4.045271
3.102493
0.8045667
4.7427096
3.090871
2.353241
2.8451695
3.563876
5.365345
5.2824807
3.0511014
3.0511014
3.968527
3.8997471
3.7184029
3.1738088
3.301016
4.8498673
3.8071184
2.9073544
3.440942
3.4137957
5.664101
4.299727
5.1938505
4.0185246
1.8012626
3.0253541
1.8267027
4.256899
7.9566274
3.102493
4.527396
3.6694381
3.0792515
3.1797094
3.2075083
3.0074818
8.248479
4.621338
3.5882223
3.2738018
6.013671
1.1074209
3.556172
8.248479
6.500846
3.2348766
3.745705
3.9377344
3.4140358
5.9284244
5.359934
3.9377344
3.0673602
5.8930025
3.2538764
4.081355
4.061749
7.588943
3.1844795
3.2877254
5.348216
2.8665118
3.5736847
4.5045943
5.700779
2.383653
2.6684299
3.5803812
5.452266
5.744354
3.5869951
2.8109703
5.9898725
3.2194955
4.156317
2.7462173
5.7991557
3.0792515
5.134548
4.864307
3.0171244
3.762685
3.9218035
2.6504169
3.0490706
2.1764884
3.8544338
1.3583083
1.8823707
7.118998
4.977545
6.1552653
4.574111
3.537415
5.7883983
4.8537416
3.5592902
4.013602
4.3351793
3.4275947
4.797761
4.4728804
4.664342
2.3186762
3.4873705
2.2671156
3.1547456
1.4909066
3.4716501
5.183279
5.6210113
3.663595
5.048469
1.4949491
4.8837414
7.0631905
4.664342
2.433674
3.3810954
2.817356
5.10558
1.4958061
4.1038823
4.411276
4.5225477
4.3784413
5.375468
8.248479
1.1392137
5.396529
1.6887625
3.8645835
5.421294
2.7442274
2.1959739
5.0128274
2.089076
5.0730205
6.0311584
2.7396638
3.2360096
3.0931342
6.215884
3.251255
1.0169244
4.375189
3.589342
4.0239196
5.918043
4.9012876
4.6877823
1.5507787
5.3676314
3.3193705
3.359111
2.392863
5.006815
3.6570647
4.6217275
4.3863845
4.416539
4.416827
2.4408522
4.361036
6.1605115
3.6781445
5.863763
4.249579
4.7638764
4.3520617
3.2346704
3.0333595
1.4838722
3.29316
6.6739063
6.1051345
1.2999462
3.1455762
2.1886802
5.786208
1.8823707
3.102493
4.5970745
3.523054
3.031124
4.18437
3.1844795
3.4477258
3.9377344
5.535888
4.250347
3.9221652
4.8287
3.495258
0.8526265
5.5029097
4.1926947
3.5065072
3.4309375
3.4374266
2.1184118
4.4468822
5.080306
3.7184029
1.4949491
7.3440843
3.7184029
5.0725875
4.2997737
2.5142975
4.4491267
6.1008515
4.1272078
7.4748955
4.0959444
3.061566
3.1880286
3.3321586
3.0890303
6.215884
3.7662525
3.9377344
2.6358063
6.500846
2.779284
3.9190638
2.5547254
4.880437
4.028587
5.4130335
4.8472676
3.1681645
1.0596431
2.1240625
3.9406
4.486317
2.8258986
6.7128053
0.064051494
4.088919
4.337525
2.314612
3.1382492
3.462537
4.1593027
3.7966805
0.9598086
3.990719
1.2194792
4.927912
3.578829
4.4118896
3.2814937
4.6877823
4.432926
4.382675
4.316813
4.5610633
3.7360404
4.738484
2.779284
5.3716626
4.464668
5.514063
4.664342
3.4567983
5.642311
4.23497
6.1008515
5.008135
2.5547254
5.3049603
3.7360806
4.3574286
3.4273639
2.8661537
4.734298
2.3359466
2.7861438
5.152752
7.731803
5.8662386
4.3261404
4.2351055
6.6739063
3.1238847
4.6958656
2.8978465
1.4958061
5.294215
2.353241
3.0353637
4.0339932
4.6958656
3.469161
3.740973
3.9367518
3.6907341
3.0795004
4.1777234
0.54523456
3.469161
3.7248805
4.221075
4.7691035
3.33804
2.5315595
1.2952267
3.5501244
5.786422
3.0353637
4.249579
6.153658
4.049165
3.9903345
5.5727906
5.3810644
3.5592902
1.2816775
5.0772038
4.1657133
3.7904503
3.4256063
4.137306
5.744354
6.8726225
3.7366006
0.5823877
1.1392137
3.644083
2.5644073
4.707431
3.8198802
4.51853
4.44026
4.619986
5.6703825
3.0333595
5.3752756
5.565915
4.3520617
2.8206494
6.027961
4.744859
4.7458463
4.24381
3.6980307
3.2598825
4.064947
6.898582
6.0533624
4.064947
4.9109282
4.6604314
4.797761
4.3520617
0.64572155
5.692209
6.0487065
3.0353637
4.0388064
3.3802094
5.0597157
5.2240314
5.6017594
2.882272
5.9134054
3.3966608
3.469161
5.4668865
2.8713684
3.3610275
3.0077703
3.8645835
5.02111
3.7920485
1.4674078
4.203611
0.90407866
5.53675
4.361549
4.6396575
3.8567326
3.9377344
1.6130767
2.853725
8.462493
2.069813
4.932164
0.48128664
5.323681
3.4273639
7.3538256
3.5078592
2.9024405
6.0206547
4.641451
2.8340006
4.6217275
5.7182713
4.227724
4.5988083
5.8385763
5.360399
4.42243
4.5116386
1.9920791
5.8572283
4.737965
4.89758
3.010337
2.631454
4.8410206
