5.9844146
6.4799466
5.313124
4.5422044
3.2671287
5.4025126
1.4702027
5.5142965
5.492372
3.045621
5.3676314
6.4615746
1.4702027
3.4374266
3.7685468
5.2535143
2.1411908
3.1791036
3.7432187
1.4702027
5.492372
0.84444463
3.1551232
6.736705
0.70897746
5.0376053
3.214444
5.313124
1.4702027
5.7926264
2.8253684
1.4702027
4.3775554
3.7685468
4.866024
3.4731224
3.9022803
3.4567983
3.305165
5.8169947
8.409965
4.468976
6.755534
2.8253684
5.492372
6.2580967
1.4702027
3.1694796
3.7685468
2.1411908
4.6934085
4.481025
5.313124
4.711244
4.930745
4.1103873
3.0531425
3.9192178
4.9496713
4.13964
4.5456533
6.2028685
1.4702027
5.548935
5.7926264
4.3784723
5.593289
3.1694796
3.6373205
5.5163608
3.2671287
4.140946
3.8415394
4.587
6.4799466
3.3603914
6.371934
1.4702027
5.5910873
5.886622
4.3624225
5.561379
4.433673
5.4566708
1.4702027
6.771268
4.3272467
5.313124
3.9022803
6.3520026
6.562059
4.13964
4.964608
5.138677
3.1738088
6.1008515
3.0152328
2.1771464
5.4609118
6.445082
5.916864
1.4702027
4.4844327
6.2193484
4.066126
4.1094556
4.3520617
3.2671287
5.239698
3.2671287
4.4270263
4.659073
5.3676314
5.6239524
0.39423686
1.4702027
5.313124
5.313124
4.13964
3.7685468
1.4702027
4.803255
4.2997737
5.138085
3.8725324
5.042717
5.134692
5.7533164
6.588768
4.5610633
3.8275115
3.6677668
3.9377344
3.2671287
6.2249837
4.4270263
7.121606
8.154013
3.8552983
3.9377344
3.2671287
3.4873705
8.409965
1.4702027
1.4702027
4.6811223
6.4799466
6.5626197
4.0027413
5.14312
5.4900417
4.6678314
5.4276204
5.5291753
0.046079066
6.413829
1.4702027
4.631148
5.612167
2.9748926
6.2193484
6.5633674
4.423248
1.4702027
6.641433
6.1008515
5.012989
3.7685468
4.3291235
4.4270263
3.9377344
5.313124
3.8415394
3.8415394
5.4049664
5.0790105
3.469161
4.8368993
5.495823
5.250582
7.5991654
4.4442472
3.6373205
3.4567983
7.908163
4.722998
5.362735
5.0899744
6.2028685
5.301037
4.4769487
4.589191
4.1125007
4.3520617
4.627531
5.313124
6.434769
4.1094556
5.6258235
2.8253684
5.432247
5.840007
5.7633862
6.3389387
6.4799466
7.908163
3.8010898
6.20313
6.2165384
5.4670634
3.7869947
4.8392763
2.8253684
4.9366326
4.4955297
5.372969
6.2249837
4.4955297
5.313124
6.011479
5.6800513
6.6842885
4.186832
5.3676314
7.610288
2.8253684
3.4873705
3.8010898
3.4567983
5.313124
5.8033032
4.735201
6.1008515
4.891582
3.7685468
4.7159963
5.5596385
2.8253684
6.20313
3.2671287
5.0790105
5.830504
6.1147766
5.492372
4.431595
4.6811223
6.032629
1.4702027
4.2997737
2.8253684
1.1573784
3.6570647
5.8033032
5.6867876
5.313124
5.313124
4.3662095
6.314866
4.9230833
3.6052618
3.8225126
3.4873705
5.246617
6.2771525
5.9201503
4.2684093
4.9484644
5.14312
6.4799466
1.4702027
6.2409754
5.6968966
5.612167
3.4873705
4.4955297
4.4955297
5.7335644
4.140946
6.0966105
5.421294
3.5712113
5.7746773
3.568945
5.313124
5.649466
3.317671
5.106639
6.1008515
6.1008515
6.5626197
3.0531425
2.1411908
3.8415394
5.1557674
3.3931468
3.4567983
5.313124
5.7896442
2.982588
4.003957
4.4270263
5.6437817
4.8451366
4.659073
5.313124
5.3059864
5.8868904
6.4799466
5.8868904
6.4117713
3.4567983
2.9748926
2.1411908
6.736705
5.4191313
2.6907187
6.6097817
1.4702027
5.313124
5.612167
3.4873705
6.445082
7.291581
3.4873705
7.291581
3.214444
1.0219369
6.3340178
1.4702027
6.70607
4.659073
3.711674
6.6097817
3.3931468
4.405616
5.8255873
7.75777
6.2099586
5.8499928
4.13964
5.313124
4.13964
6.723545
7.978491
4.692454
5.645897
5.368061
5.410549
5.5529866
6.5774827
4.711244
6.4256706
5.5529866
5.4670634
6.587157
5.313124
4.2997737
3.8507712
5.649466
5.8499928
4.493796
6.2242775
3.4567983
4.431595
5.3782635
5.7896442
6.4799466
4.632041
4.13964
4.1137333
6.1008515
5.100153
5.641817
5.449379
6.4799466
3.4567983
5.421294
5.9319224
3.2968547
2.8884978
3.3603914
5.969842
5.313124
1.4702027
5.313124
5.313124
5.313124
1.4702027
5.8974624
4.711244
4.659073
3.2456484
5.969842
3.7432187
6.4256706
4.594144
5.787017
6.2193484
2.33103
3.7869947
3.8010898
1.4702027
4.2931566
4.2997737
5.8033032
4.553756
5.6786213
2.8253684
1.2173375
3.282145
4.226894
4.650673
5.5156317
4.3520617
5.9769425
5.4609118
4.426609
3.8010898
4.3520617
6.2580967
6.266534
4.8616858
5.350203
1.6813335
3.6119192
3.2671287
3.0077703
5.313124
5.8299727
3.4873705
3.469161
5.138085
4.4955297
3.4199445
7.8522363
4.561308
3.6627345
4.2153544
4.2684093
5.7926264
4.431595
4.3520617
6.5633674
6.5626197
5.313124
4.803255
5.580555
4.431595
5.7533164
4.587
3.2671287
4.7205973
1.939841
5.492372
1.4702027
4.245899
5.421294
1.4702027
4.0701747
2.8253684
2.8253684
5.612167
6.20313
2.5434206
5.551243
5.7896442
6.4764843
2.8253684
5.449379
4.7818093
4.7818093
1.1530071
3.4567983
3.9442294
4.490506
4.2997737
0.54523456
5.674434
4.064947
1.3802799
3.9216404
5.788344
5.120331
5.118665
6.2232585
2.8253684
5.1201973
2.3317797
4.574638
5.5596385
6.0985928
1.9724166
4.8017254
4.364982
5.456852
4.4664917
3.931954
5.3001723
6.2401824
5.1431737
4.390918
6.0969005
6.3183646
5.471993
7.482185
4.7928576
5.142724
3.873757
5.880659
5.390268
5.3676314
5.2839937
1.6397258
4.1322994
4.740008
3.9357114
5.4752035
5.522931
4.553756
5.1292844
5.9006767
4.184408
3.9357114
6.0985928
6.2249837
4.140946
3.818359
4.1202087
5.773438
4.328516
3.4917598
5.880659
4.82176
8.409965
7.407386
5.7916994
5.880659
6.5633674
6.182037
5.33023
4.8859344
5.049496
0.61357945
5.8102703
7.291581
6.2249837
1.3475008
6.093806
6.0985928
5.737365
4.397289
8.409965
4.140946
5.833857
4.534625
5.522931
4.782711
5.0784163
5.522931
5.049496
5.522931
5.1335535
0.47313905
3.9599993
5.522931
3.9357114
6.037227
5.667461
4.3520617
0.7440628
6.0302076
5.991463
5.9742403
6.405824
3.801184
4.518685
5.805583
6.5063534
0.7440628
3.8003073
2.8253684
1.1530071
3.2191296
7.5177884
5.898752
5.654846
4.289891
5.5024395
7.159974
5.822947
5.455537
3.9097705
3.1295955
5.576314
4.13964
4.9411807
4.7658334
4.794563
5.449379
1.1530071
4.784971
3.7869947
5.181507
6.755534
7.8522363
1.4702027
7.6785965
5.0397205
4.372734
6.7937655
6.1880865
3.0713854
1.3975315
4.9346485
4.874434
8.462493
6.2580967
7.908163
8.248479
5.6005716
7.5177884
4.6222224
5.449379
3.4567983
4.6821294
5.674434
5.774107
4.307587
4.696709
6.361109
6.7491665
7.387907
5.3892684
5.685402
4.307587
0.7017271
6.2583766
5.282082
4.9346485
3.8483696
2.8253684
4.374918
1.2087077
4.3661957
5.0397205
4.9346485
3.8309102
4.0027413
2.6843915
2.8253684
4.726122
7.354858
0.7017271
5.9246206
4.8787775
4.307587
4.8980575
5.642311
4.081558
0.7017271
8.047297
0.39423686
5.225068
4.37887
5.5504956
8.154013
5.5884595
4.491554
4.37887
4.37887
6.039606
4.2715545
7.1498137
6.2218494
4.8648996
2.0225053
3.9318793
5.10494
4.307587
6.153658
3.7685468
5.0790105
1.4702027
4.6766224
5.6349597
4.2465935
4.289891
3.975337
2.8007414
4.13964
3.214444
6.3183646
4.26234
2.4783509
4.9346485
5.9328804
3.1980956
6.213603
4.603633
5.886622
6.1008515
4.670014
0.70897746
6.0206547
1.1530071
5.9377623
4.9346485
4.929074
4.929074
3.1564705
6.0021567
5.1751757
4.6222224
4.8980575
4.8980575
2.8253684
4.13964
2.566617
1.7804017
5.422385
3.9357114
5.2616434
4.654954
3.6627345
5.7926264
4.4617405
4.362956
2.434122
2.5622494
4.3892784
6.2232585
3.975337
6.4799466
7.335601
5.406022
6.032629
4.964801
7.1266146
5.755113
4.431595
4.2772365
0.18395317
5.985651
4.9391737
6.026856
5.6076517
0.6931122
5.833857
5.6442924
6.8952823
2.8253684
3.045621
4.011968
3.0474648
4.8980575
4.3892784
5.5529866
1.278975
5.2894406
6.0668926
6.4799466
5.580296
6.4799466
6.1147766
6.2580967
0.5225242
0.18395317
5.8499928
4.2349505
1.0148314
4.844184
5.2977853
3.8507712
4.8768554
6.119724
4.929074
4.929074
5.6944814
5.5275593
4.929074
6.242891
5.524436
4.431595
4.7175913
6.6097817
5.4299974
4.9618874
7.420519
6.6097817
2.8253684
4.6837196
3.045621
5.003825
4.2751145
6.2249837
1.4702027
4.9346485
1.3624151
3.8010898
5.2677255
6.641433
5.236361
4.986038
4.13964
5.313124
6.0966105
4.13964
5.4826326
1.3624151
4.929074
3.4374266
4.7366266
4.9346485
4.13964
4.929074
4.3892784
5.737452
3.5393052
4.7818093
5.438109
1.3624151
5.824448
5.313124
4.362956
6.2249837
5.685402
4.5240893
4.858137
6.1147766
4.8102903
4.2997737
2.8253684
4.2449813
4.2449813
5.0984526
5.737452
4.308808
6.0146694
7.1158676
6.1568785
3.6348753
6.1147766
4.003989
3.3541353
3.6754136
5.1151066
0.41889945
6.5633674
6.6097817
4.7302723
2.8253684
6.623977
3.9357114
4.2997737
5.09968
6.1008515
4.2998986
0.7440628
5.346724
0.39423686
0.39423686
3.2824574
4.7284436
4.6482553
3.3834455
7.4364734
6.0187144
1.4702027
4.431595
5.940982
2.8253684
3.3809288
0.21945077
5.3998933
5.824448
5.027545
5.6728964
5.602881
3.6194336
5.644857
3.4872317
4.929074
4.7687793
5.880659
3.4047618
4.2997737
5.524436
0.7017271
5.9246206
4.1072273
5.6076517
3.2671287
4.3673406
4.13964
3.8729496
4.929074
6.4799466
6.4799466
0.39423686
1.4702027
3.9161844
3.3265448
3.8536115
5.973683
6.1008515
1.0493473
5.3905907
3.6382074
7.8522363
5.6076517
5.6076517
5.3676314
5.639095
3.77203
6.20313
4.7020464
7.7745194
1.4702027
7.291581
6.0985928
4.13964
5.3613997
0.39879233
5.8199606
3.7685468
1.710389
4.244095
4.2031775
4.2031775
5.3004904
3.9831133
3.982067
4.803255
6.4799466
7.908163
3.0829122
3.5067687
3.480933
5.449379
7.5177884
4.3126187
5.055837
5.354744
5.203972
4.4064207
5.9424686
2.802069
7.5177884
3.5671406
6.5633674
7.2869177
3.931954
0.70897746
7.1498137
4.4955297
5.8033032
6.2193484
4.9430594
4.005426
3.9357114
0.39423686
6.0985928
7.5177884
6.26779
3.045621
3.8861241
4.543339
0.39423686
5.203972
4.0047965
6.0966105
5.822947
3.8861241
0.7017271
5.449379
7.5177884
4.320648
3.9680033
5.3426914
3.9264321
6.164917
4.7818093
3.6848264
1.4702027
6.24012
0.21945077
4.7034483
5.284681
4.836661
5.8033032
5.8033032
3.3603914
8.462493
6.4301934
1.1530071
4.13964
3.6348753
4.538985
6.4799466
4.631148
0.21945077
5.1610556
4.357698
4.9139166
1.1530071
0.7440628
5.639095
5.524436
0.18395317
0.84444463
1.3409349
1.1530071
2.6696317
2.8253684
0.6931122
1.4702027
6.7491665
7.5177884
3.0531425
5.3881283
6.4799466
6.2028685
3.5671406
4.13964
3.0531425
5.5225563
4.8195286
6.0325603
6.2249837
5.5275593
5.524436
5.524436
7.8328476
6.574563
4.13964
3.2671287
4.6773453
4.6773453
3.8886046
4.017266
4.129669
3.5067687
6.7491665
7.1409426
0.64572155
6.668623
5.522931
4.763271
5.14312
0.70603144
6.8014517
5.3676314
5.8057785
5.354744
4.558636
8.154013
6.2193484
5.8072705
1.4702027
5.5317254
1.4702027
4.67584
7.5694213
0.39879233
0.39423686
2.8253684
2.981745
4.6611304
8.248479
5.14312
6.8237963
3.9769948
3.5808246
7.5177884
4.190933
0.39423686
0.39423686
3.3978825
5.9726276
4.0240355
4.6190004
3.89942
5.1916213
3.6559963
6.6097817
4.2684093
4.7078023
0.7017271
3.6373205
5.43485
5.463128
1.1530071
5.1102967
2.3317797
5.524436
3.468976
5.0790105
4.098963
4.5258045
0.7017271
0.54523456
4.991848
0.54523456
4.726226
5.7770376
2.5395336
6.434769
5.4049664
5.492372
8.248479
3.8536115
3.1594217
5.7961726
4.630111
8.21618
4.614699
4.1955314
2.9039607
3.5067687
6.7958345
3.9022803
6.2193484
2.9039607
5.415163
4.9764013
5.0916977
2.982588
0.39423686
4.9912567
0.4086963
3.9480076
6.1568785
5.700394
7.5177884
2.8253684
3.6825376
4.876722
6.5633674
5.2790008
4.660928
4.929074
5.2956467
4.308616
4.021861
2.0225053
0.80604094
4.5507255
1.1530071
3.9377344
2.8253684
4.752123
1.1573784
7.372495
2.8253684
1.4702027
4.13964
6.2967796
5.033236
3.40962
5.1345587
6.2442217
3.480933
7.5177884
4.542011
7.5177884
6.0980196
7.5177884
4.5362315
2.1568809
2.825729
5.4631968
5.5282273
6.2193484
0.70897746
3.3944824
3.6382074
7.5059843
7.159875
7.420519
4.631148
7.9098334
5.522931
2.0225053
4.334854
3.3834455
4.2997737
1.4702027
4.223598
2.9328823
4.7977915
6.2193484
3.5522192
3.9389963
5.313124
4.431595
5.2790008
4.631148
3.6373205
4.711244
4.15754
6.584319
3.9216404
3.3098898
4.041463
4.849728
7.5991654
5.3676314
6.0985928
6.0985928
3.641581
3.061566
5.880659
4.856211
4.7569976
6.0985928
4.574638
7.5177884
6.727432
4.892779
0.046079066
5.1850486
4.5263925
5.6301274
7.363523
6.135169
4.110579
4.6807647
6.2687073
0.70897746
5.438109
5.880659
3.440942
5.561379
7.0097566
5.1053686
0.70897746
3.9982579
8.248479
3.5712113
6.2401824
3.8844793
5.1245117
3.4687254
6.3183646
3.6582234
5.6724963
3.3793213
3.0253541
4.944566
4.4762363
5.390268
4.6190004
6.2249837
5.936775
3.0531425
4.542011
5.09723
7.2990427
4.13964
5.1335535
3.7432187
4.1459594
3.4374266
5.883304
4.711244
5.492372
1.4702027
5.313124
8.047297
1.4702027
5.492372
4.468976
5.313124
3.0077703
5.313124
4.994987
4.6843033
4.579023
2.3412895
2.1411908
3.045621
3.1791036
5.561379
6.2249837
5.449379
3.045621
6.755534
6.4386387
1.4702027
3.4873705
4.6818104
3.045621
3.6559963
5.7926264
2.8253684
4.142663
1.4702027
4.722924
4.94116
3.1105497
5.548935
4.655312
4.579023
4.1793647
5.9844146
0.70897746
6.5626197
5.5910873
3.9377344
5.1610556
3.1694796
4.2189226
2.8253684
4.7818093
2.8253684
3.8415394
3.1551232
5.524221
5.9086103
6.413829
5.916864
5.3934407
4.5456533
5.313124
1.4702027
4.6843033
6.2193484
5.324201
4.974009
0.39423686
1.4702027
5.142724
3.6373205
5.7926264
6.1008515
5.147654
4.9338512
3.482289
5.6867876
1.3214597
5.700394
3.7685468
4.136028
6.8521676
5.4049664
4.9230833
4.13964
5.313124
4.13964
5.042717
4.13964
5.8762393
5.5493336
5.8709726
4.99058
4.4844327
6.1008515
6.1008515
0.70897746
4.652
6.1008515
4.1094556
4.674225
5.6437817
6.545928
6.096765
2.105369
1.4702027
8.21618
6.0966105
4.58456
5.6239524
8.248479
3.5913985
3.7563958
1.3624151
1.4702027
2.8253684
4.7012815
1.4702027
6.1008515
4.5002217
5.9493604
4.3520617
5.313124
5.313124
5.8499928
6.2249837
5.339269
0.7017271
3.7685468
3.9377344
4.667182
3.3834455
5.8762393
5.339269
6.4799466
4.3520617
4.881463
5.5910873
2.8253684
5.4276204
6.1008515
3.9782007
3.6559963
5.012989
5.313124
4.064947
5.4508405
6.046403
2.8253684
4.378289
5.500969
5.9493604
5.117549
5.7926264
0.4086963
5.2647295
5.7147374
4.918273
4.2997737
6.1008515
5.147654
4.589191
4.627531
4.1125007
4.3520617
5.6882143
4.1094556
4.557997
5.6258235
6.434769
3.8240495
5.313124
4.13964
4.683808
6.3389387
6.4799466
5.7633862
7.908163
4.490506
3.1334748
5.0344567
1.1530071
3.7529829
6.20313
6.2028685
4.6252084
1.4702027
1.6813335
5.492372
2.982588
2.9594102
1.4702027
1.4702027
6.4799466
4.652
5.8499928
1.4702027
5.254743
3.6373205
5.655264
4.9655423
3.2167645
2.8253684
6.823749
5.942458
1.4702027
4.485588
5.4081907
4.9612117
6.5633674
6.55797
5.541719
6.578812
6.0387425
