7.374246
6.627351
7.0391965
6.752594
7.1670523
7.374246
7.481098
7.198451
6.558925
7.1670523
6.8863854
7.9100595
7.4738626
7.1195726
7.257902
6.8726544
7.198451
7.198451
7.1598167
7.481098
7.1670523
7.24548
7.51191
7.355724
7.1670523
7.5366516
7.374246
7.1912155
7.481098
7.1875896
6.904053
7.481098
6.217055
7.257902
7.1670523
7.198451
7.4391785
7.2282424
5.809259
7.344206
7.374246
7.191703
7.3514414
6.590324
7.1912155
7.374246
7.481098
4.5787473
7.1670523
7.1670523
8.746405
6.590324
7.310274
7.0798483
8.565458
6.752594
6.3825297
6.4618325
7.5366516
7.198451
7.1670523
7.344206
7.481098
7.344206
4.56974
7.235478
5.8762274
7.2282424
6.8726544
8.761205
5.1112466
7.1875896
7.2331753
7.374246
7.1807833
7.1670523
6.3962607
6.9982142
7.3514414
7.436382
7.1912155
7.3514414
7.1670523
7.0391965
6.433058
7.529416
7.1670523
7.3514414
7.4391785
6.4816427
7.0570436
7.1670523
6.8863854
7.242254
6.806928
7.0391965
7.1807833
7.1670523
8.280874
6.9612036
7.1807833
7.481098
7.290987
7.3514414
8.565458
7.180354
7.235478
7.198451
7.678941
7.268088
6.4618325
6.132743
7.1807833
7.2287593
7.481098
6.9982142
7.344206
7.1670523
6.837955
7.257902
7.481098
8.247445
7.235478
7.0195026
7.198451
7.1670523
7.215194
7.446082
7.4391785
7.1875896
7.180354
7.198451
5.918734
7.5484495
4.250723
7.1735477
7.4391785
6.7433143
7.1875896
7.1598167
7.5484495
6.119012
6.882829
7.481098
7.481098
7.1875896
7.344206
7.344206
7.235478
7.434411
7.0570436
7.5484495
7.1670523
7.3514414
6.8863854
7.1807833
6.027091
7.198451
7.4391785
7.436382
7.3514414
6.3468947
7.885489
7.481098
7.374246
7.3670106
7.1670523
7.1598167
6.719089
5.642432
4.1924424
7.3514414
5.7335825
7.1875896
5.1263256
7.235478
7.3514414
7.3670106
7.374246
7.0391965
6.1316357
7.1807833
7.1807833
5.1112466
7.1670523
6.3825297
7.4391785
7.9856005
5.554334
7.374246
6.6841683
7.235478
6.8726544
7.235478
6.045604
7.1670523
7.0391965
7.262256
4.2973504
7.198451
7.1807833
7.3670106
6.3825297
7.1875896
6.415766
7.1912155
6.7475967
6.2098618
7.374246
7.374246
7.1670523
7.1670523
6.558925
7.1670523
7.1670523
7.1670523
7.1670523
7.1875896
7.3514414
7.3670106
5.9613276
7.374246
7.1598167
7.1670523
7.885489
7.198451
6.7681503
7.374246
7.235478
7.0391965
8.280874
6.2062354
7.1598167
6.2429466
7.1670523
7.374246
7.374246
7.1670523
6.9635043
5.1112466
7.235478
7.3514414
7.4391785
7.1670523
7.1875896
7.1670523
5.9696717
7.481098
7.235478
6.558925
8.452007
7.235478
7.3794913
7.1670523
5.7335825
7.3514414
3.3742719
7.1447806
6.891362
7.263266
7.803722
7.180354
7.198451
7.1598167
7.4391785
7.2315154
7.1807833
7.917295
7.235478
7.481098
7.1912155
7.374246
7.1447806
7.1875896
7.1875896
6.893192
7.374246
7.1670523
7.0391965
7.3514414
7.1670523
6.6841683
8.332375
7.3514414
6.6841683
7.1670523
6.119012
7.3514414
7.344206
7.0391965
6.558925
7.290987
7.1670523
7.1670523
7.1735477
7.257902
7.3514414
5.7335825
6.590324
6.94108
7.1598167
7.7494855
6.119012
7.1670523
6.904053
6.8726544
7.5366516
6.953135
8.280874
7.374246
7.235478
7.1807833
7.198451
5.320925
8.466806
6.8726544
7.3514414
7.481098
7.3514414
7.4391785
7.3514414
7.374246
6.1657844
7.1875896
7.3514414
7.374246
7.1598167
7.3514414
7.481098
6.4139285
7.1875896
6.94108
7.344206
7.1670523
7.1912155
7.3670106
7.1807833
7.3670106
7.344206
7.3514414
7.3514414
7.1598167
7.374246
7.374246
7.235478
8.280874
7.198451
7.1807833
5.98758
7.2818627
7.986476
7.3514414
7.1670523
6.0250096
7.374246
7.5366516
7.235478
7.1670523
7.1670523
7.3514414
7.235478
7.198451
7.235478
5.7335825
7.1670523
5.0407577
7.0391965
7.1912155
6.8726544
7.709398
7.3514414
7.756819
7.3514414
6.715567
7.344206
7.235478
7.1670523
6.752594
7.198451
7.1670523
7.198451
8.280874
7.263266
7.4738626
7.3514414
7.3514414
7.3514414
7.481098
7.5366516
6.766119
7.1670523
7.1670523
8.280874
7.1807833
7.3514414
7.1875896
7.3514414
7.3514414
7.1670523
6.6841683
5.334658
7.481098
7.455045
7.235478
7.374246
7.1875896
7.666819
6.8863854
7.198451
7.1912155
7.4320116
7.678941
7.1670523
7.235478
7.7495832
7.374246
6.6841683
7.48149
7.235478
7.374246
7.263266
7.1670523
7.217378
7.446082
6.654656
6.9635043
7.1670523
7.0391965
7.212784
7.1875896
7.0391965
7.1670523
7.1875896
7.1670523
6.530258
6.8407116
6.3839216
5.8380275
7.1670523
7.1875896
7.1875896
7.235478
7.1807833
7.3514414
6.3702464
7.917295
7.1807833
7.1670523
7.198451
5.8899693
7.198451
7.1670523
7.1670523
7.1670523
7.481098
7.1012707
7.0391965
7.481098
8.431391
6.558925
6.558925
7.4391785
7.198451
7.622897
6.195564
7.1875896
5.432811
6.119012
7.1670523
7.235478
7.235478
7.1807833
7.235478
7.917295
7.2282424
7.235478
6.8726544
7.1875896
7.235478
7.1598167
6.274661
7.3240304
7.374246
7.431943
5.642432
6.1504107
6.8726544
7.3499103
7.1670523
7.374246
5.432811
7.1598167
6.3394384
7.1875896
7.235478
5.7335825
7.1912155
7.7495832
7.274933
7.310274
7.3139005
6.775018
6.891362
7.374246
7.344206
6.904053
7.345173
7.1670523
5.096284
7.2112937
7.1670523
7.1670523
7.222941
7.1598167
6.766119
7.4391785
7.1875896
7.0570436
7.180354
7.3670106
7.3514414
7.154441
7.1447806
5.432811
7.0570436
7.1598167
7.235478
7.1912155
7.3514414
7.235478
7.1807833
5.096284
7.917295
7.5366516
7.4391785
7.2582335
6.953135
6.1504107
7.709398
7.1912155
5.225617
6.6841683
7.1670523
7.2300744
5.164133
7.1195726
7.1807833
7.1670523
5.096284
7.3670106
7.917295
7.3670106
7.1875896
7.374246
6.94108
6.195564
7.1598167
6.94108
7.3514414
7.1598167
6.953135
6.3825297
7.1670523
7.235478
7.3514414
7.4391785
7.1670523
7.2050557
7.2282424
7.1670523
6.8726544
6.4509554
7.1807833
7.3670106
7.1670523
6.993002
7.1447806
6.7339587
7.198451
6.9328446
7.327216
6.8726544
6.0279365
6.7433143
8.280874
5.470902
7.198451
7.1670523
7.7021623
7.235478
8.824366
7.1670523
5.334658
7.1598167
6.8726544
7.2282424
7.436382
6.8863854
7.3139005
7.198451
7.1807833
6.8726544
7.1670523
7.290987
7.2282424
7.1807833
7.2580786
4.2973504
7.1912155
6.8726544
5.9872074
7.2282424
7.1807833
7.1670523
7.3670106
7.4391785
6.6942067
7.1875896
4.7181916
8.436419
6.7433143
7.141984
7.1735477
7.235478
7.374246
7.1670523
6.6841683
6.598657
7.141984
7.1670523
7.3514414
6.0279365
7.1807833
7.0391965
6.9453273
7.1807833
7.198451
7.4291463
7.198451
7.4391785
7.1670523
5.580385
7.1670523
7.1670523
7.1598167
7.1598167
7.1670523
6.904053
7.3514414
7.1670523
7.240411
6.766119
7.1807833
7.344206
7.727642
7.191703
7.1670523
5.096284
5.0407577
7.1807833
7.4391785
7.481098
7.2160783
7.235478
6.8726544
5.77362
7.3514414
7.3024087
7.235478
7.235478
7.24548
7.235478
6.9562945
7.1807833
6.946013
7.263266
6.654656
5.894431
7.215194
7.0570436
7.1670523
7.235478
7.481098
7.1912155
6.953135
7.374246
7.1670523
7.2282424
6.8726544
8.253466
7.374246
7.0798483
7.339148
7.1670523
7.361051
7.374246
8.746405
6.8726544
7.240411
7.141984
7.3514414
6.3939238
6.558925
6.284638
7.1807833
7.2837515
7.1735477
7.198451
6.1504107
7.1807833
7.344206
7.374246
7.239725
7.24548
7.1670523
6.558925
7.1598167
6.5897236
7.8188686
7.1912155
7.431943
7.431943
7.1875896
7.235478
4.531871
5.611784
7.4391785
7.274627
7.235478
6.904053
7.436382
7.2282424
6.734556
7.198451
6.8726544
7.1670523
6.8726544
7.198451
8.55705
5.0407577
7.1670523
7.1807833
7.3514414
6.965955
7.1670523
7.3514414
5.225617
7.374246
7.3514414
2.4609828
7.1670523
7.1875896
7.235478
7.2315154
7.1670523
7.198451
7.1807833
6.8726544
7.386727
7.1807833
7.344206
7.198451
7.3514414
5.320925
6.6942067
7.1912155
7.1875896
7.3514414
5.918734
6.904053
7.436382
6.6841683
6.6841683
6.4932313
7.3514414
7.2382445
7.3514414
7.1670523
7.1670523
7.1670523
7.345173
6.8569107
7.198451
7.3670106
6.1504107
6.284638
6.9992886
6.6841683
6.8685575
7.1912155
7.286451
7.1875896
6.639204
7.374246
7.3514414
7.481098
6.590324
7.1670523
5.334658
7.1670523
4.5921493
7.1807833
6.4394307
7.198451
7.0570436
7.3514414
7.1670523
6.808103
7.1807833
6.715567
6.2062354
7.2350235
7.198451
8.253466
6.3962607
7.1670523
7.1670523
7.1735477
6.3839216
7.3514414
7.1598167
5.5598955
7.3514414
7.4391785
7.3514414
7.1670523
5.0407577
7.1807833
5.8525114
6.3825297
7.2282424
7.1670523
7.1516843
7.1598167
7.1670523
7.257902
7.1807833
7.5366516
7.198451
7.1867003
7.1807833
5.8525114
7.180354
6.237634
5.7775083
5.594116
7.1670523
7.1670523
7.3514414
6.8863854
7.198451
7.239725
7.4391785
5.781471
7.235478
7.3514414
6.403067
7.1735477
7.431943
7.481098
6.68286
7.4669394
7.4391785
7.198451
6.780382
8.431391
7.529416
7.1867003
7.1670523
6.953135
6.558925
7.446082
7.198451
7.5366516
7.0570436
6.52269
6.766119
6.7486315
7.1670523
7.1670523
7.2282424
7.1670523
6.590324
5.096284
7.290987
7.235478
7.3514414
6.8863854
7.3514414
7.2282424
7.3514414
7.2753234
7.1670523
7.446082
7.1912155
7.1807833
7.1670523
6.1316357
7.4738626
7.4738626
7.1670523
7.198451
7.198451
7.3514414
7.3514414
7.1670523
7.374246
6.558925
6.752594
7.3514414
6.308465
7.1670523
7.355724
6.1395493
8.746405
7.1807833
5.0407577
7.4738626
7.0391965
7.2729917
7.1670523
7.1912155
7.1410127
7.1912155
7.1670523
7.917295
5.0407577
5.0407577
7.1875896
7.198451
6.6978993
7.1670523
8.565458
7.1670523
7.1670523
7.3139005
7.1670523
6.572656
7.1670523
7.3514414
6.590324
7.240411
6.8726544
7.1807833
6.5610642
7.4391785
7.1598167
6.7433143
7.1807833
7.198451
7.1670523
6.558925
7.198451
7.431943
5.0407577
6.766119
7.0391965
8.761205
6.715567
7.4391785
6.808103
7.374246
7.3514414
7.4391785
6.403067
6.9992886
7.1807833
7.481098
7.1670523
6.891362
7.374246
6.299195
6.8282547
7.1670523
7.1670523
6.7433143
6.3839216
7.1670523
6.8726544
7.5484495
7.235478
7.235478
7.1807833
6.8726544
7.4391785
7.1670523
7.1875896
5.80006
8.253466
7.374246
7.0798483
6.715567
7.4391785
6.4134293
6.5220227
7.1670523
7.1807833
7.23728
7.3514414
7.1670523
7.1670523
6.8726544
7.374246
7.1598167
7.2272425
7.1670523
7.374246
7.1598167
6.8863854
7.1670523
7.2315154
6.2711697
6.8863854
7.1670523
7.198451
7.4738626
7.3514414
6.7433143
7.1735477
7.3514414
7.3514414
7.1670523
7.235478
7.1670523
5.3646317
6.734556
7.324964
7.4391785
7.344206
6.3825297
7.3514414
7.3514414
6.526768
7.374246
7.1670523
7.198451
7.2818627
7.1735477
7.235478
7.235478
7.1807833
7.1670523
7.3514414
7.2324896
6.1504107
7.3514414
7.3514414
7.986476
8.438626
7.1670523
7.1807833
7.24548
7.374246
7.2936864
6.8863854
7.310274
7.310274
7.374246
7.481098
5.1112466
7.481098
7.917295
5.0407577
7.198451
7.290987
6.4618325
7.1670523
7.3514414
6.8863854
7.771796
7.1670523
7.1670523
7.198451
6.7433143
7.235478
7.481098
7.1670523
7.1598167
7.2282424
7.811633
6.6978993
5.648811
6.904053
7.235478
7.3514414
7.198451
7.235478
5.580385
6.315496
7.198451
7.5062637
7.2272425
5.0407577
7.231911
7.3514414
5.580385
5.781471
7.1670523
7.235478
6.386715
7.1912155
7.1598167
7.1807833
7.1807833
7.4391785
7.1598167
7.0570436
7.0570436
7.198451
7.3514414
7.1670523
6.649775
7.344206
6.904053
7.2936864
6.94108
7.1875896
6.572656
7.1670523
6.3825297
6.3663993
7.3514414
6.4618325
7.8188686
7.141984
7.1912155
7.5223927
7.481098
7.3514414
7.1912155
7.2726884
7.374246
7.3514414
6.7433143
6.558925
6.5897236
7.2282424
7.1735477
5.7335825
7.1670523
5.580385
6.5610642
7.4391785
7.7964864
7.1670523
7.198451
7.180354
7.1670523
6.8726544
7.1670523
7.4391785
7.198451
6.045604
7.1670523
7.4738626
7.1598167
7.4391785
7.1670523
7.198451
7.1598167
7.4391785
7.1735477
6.7433143
7.1670523
7.3514414
7.3514414
6.7433143
7.1735477
5.8885036
7.198451
7.2936864
6.329227
6.121686
7.4291463
7.1807833
7.1598167
5.1112466
7.446082
6.315496
7.198451
7.1807833
6.734556
4.190661
7.1670523
7.1807833
7.235478
7.1867003
7.2282424
7.1670523
7.2282424
7.3514414
7.374246
6.4509554
7.3514414
7.1670523
7.1670523
7.198451
6.315496
7.374246
7.51191
7.1670523
7.235478
7.1875896
6.558925
7.3751006
7.3514414
7.1670523
7.3670106
7.3670106
6.119012
6.627351
7.811633
7.257902
7.1670523
7.355724
7.1670523
6.7433143
7.1807833
7.212784
7.2818627
7.1012707
7.382336
8.280874
7.235478
6.998606
7.235478
7.235478
7.3514414
7.1598167
6.020394
7.481098
7.240411
7.3514414
7.3514414
7.198451
7.1670523
7.374246
7.3514414
7.811633
7.4562306
6.3839216
7.374246
7.235478
7.374246
5.0407577
7.0570436
6.8863854
7.257902
7.235478
6.899697
7.374246
7.1807833
7.0570436
7.374246
7.1598167
7.1670523
7.4391785
7.1447806
7.198451
7.1670523
7.1598167
6.7785997
7.1195726
7.2279596
6.6219473
6.558925
7.481098
5.1112466
6.0142055
7.481098
7.1670523
7.436382
7.3514414
7.180354
7.3514414
7.1807833
7.355724
6.4509554
7.2110405
6.6978993
7.180354
7.1598167
7.3514414
6.5755897
7.446082
7.180354
7.0570436
8.273639
7.481098
5.0407577
7.1670523
6.119012
6.627351
6.893192
6.558925
3.4168775
7.4738626
7.198451
7.374246
7.3670106
7.344206
7.1670523
7.235478
5.7800136
7.602457
7.1670523
7.198451
7.3514414
7.1670523
4.328849
7.235478
6.4577365
7.198451
7.235478
7.1670523
7.1807833
7.1670523
7.0798483
7.1598167
6.3702464
7.1875896
7.1598167
7.1670523
7.310274
7.481098
7.986476
7.3514414
7.3514414
7.1516843
7.481098
7.4738626
7.2708354
7.1670523
5.0407577
7.3514414
7.3670106
6.9686556
4.5719905
7.290987
7.1912155
7.3514414
7.198451
6.315496
7.2315154
7.310274
7.5366516
7.1670523
7.1670523
7.1807833
7.198451
7.1735477
7.386727
7.344206
7.1670523
7.1670523
7.2684813
7.3514414
7.3514414
7.1735477
7.1670523
7.3514414
7.1875896
7.1670523
7.198451
7.3514414
7.986476
6.8310513
7.1867003
6.6841683
5.2570157
7.3240304
7.4391785
7.3514414
7.1598167
7.1912155
6.8726544
7.1867003
6.558925
7.917295
7.481098
6.953135
4.456789
6.6690264
6.627351
7.344206
8.733571
7.3514414
7.235478
7.3514414
7.1670523
7.1670523
5.817816
7.1670523
7.1670523
7.374246
6.9982142
7.3514414
7.235478
8.280874
6.8569107
7.198451
7.198451
7.310274
7.5484495
6.752594
7.198451
7.198451
7.235478
6.953135
7.1875896
7.1670523
7.212784
7.3514414
7.374246
7.1670523
7.1670523
7.3199806
7.917295
7.3805737
7.1912155
7.235478
6.734556
7.374246
7.2282424
7.2382445
7.198451
7.235478
6.494863
6.1504107
6.8726544
5.1787806
7.344206
7.1670523
7.3514414
6.762596
7.803722
7.1875896
7.3514414
7.1875896
4.531871
4.5719905
7.1735477
7.235478
5.5618577
7.1807833
7.257902
7.3514414
7.1807833
6.6965756
7.1670523
6.119012
7.198451
7.1807833
7.481098
6.433058
7.3514414
7.198451
6.284638
7.481098
7.3139005
6.558925
7.1875896
7.310274
7.1670523
7.1598167
7.1670523
7.1807833
7.481098
7.2282424
7.3514414
7.3514414
7.446082
7.1670523
7.1598167
5.956181
6.6690264
