7.3514414
7.3514414
7.0391965
7.235478
6.8726544
8.280874
7.481098
7.3151917
7.1598167
7.1875896
7.1598167
7.917295
7.481098
7.1195726
7.2874
6.558925
7.1670523
7.1670523
5.225617
7.481098
6.8726544
7.24548
7.1598167
7.3514414
7.1670523
6.891362
8.280874
7.0391965
7.481098
8.044426
7.198451
7.481098
5.320925
7.2874
7.1670523
7.231911
7.431943
7.235478
7.263266
7.3514414
7.374246
7.2287593
7.3514414
6.558925
6.8726544
6.4646325
7.4738626
7.235478
7.2874
7.1670523
8.746405
7.198451
7.310274
8.273639
7.917295
7.235478
6.3825297
5.7800136
7.374246
7.1670523
6.4618325
6.207384
7.4738626
6.8129935
4.56974
6.4509554
7.0391965
7.235478
7.1807833
8.254681
6.8726544
6.277976
7.1875896
5.9116597
7.3514414
6.9635043
7.1598167
6.9982142
7.3514414
7.436382
7.1670523
7.3514414
6.8726544
7.37126
7.481098
7.374246
7.1807833
7.0391965
7.4391785
6.8343325
6.386715
7.1670523
7.1670523
6.6219473
7.1807833
7.3514414
7.1807833
7.1670523
8.280874
5.787579
7.2348633
7.481098
7.1875896
7.3514414
8.466806
7.290987
7.235478
6.8726544
7.290987
6.8726544
7.1670523
6.8726544
6.8726544
7.4488387
7.290987
7.481098
7.0391965
7.0391965
7.1670523
7.2874
7.481098
8.438626
7.235478
7.198451
7.1807833
7.257902
7.4291463
7.1807833
6.9562945
7.1875896
7.1875896
6.8726544
6.315496
6.8726544
4.3535395
7.1670523
7.4391785
5.783617
6.996589
6.3825297
6.8726544
7.1875896
6.8481035
7.481098
7.4738626
7.1875896
7.3514414
7.3514414
7.235478
8.466806
7.3514414
7.290987
6.996589
7.3514414
7.198451
7.3514414
7.481098
6.715567
7.1447806
7.1598167
7.3514414
6.8863854
7.198451
7.481098
7.374246
7.3514414
7.198451
7.2874
7.1670523
7.1670523
4.9270983
7.0391965
7.1875896
7.1875896
5.470902
7.235478
7.344206
6.4646325
7.374246
7.0391965
7.3514414
7.1670523
7.1807833
6.9809256
7.1875896
2.4611259
6.3242297
6.893192
7.3514414
7.374246
7.1807833
7.235478
7.1670523
7.235478
6.8726544
7.0391965
5.7636557
7.290987
7.0391965
6.558925
6.8726544
8.280874
7.1875896
7.1875896
6.415766
7.1875896
6.873363
7.257902
7.374246
6.4771132
7.1670523
6.2574387
6.558925
7.1807833
6.8726544
7.3139005
6.284638
6.8726544
7.0391965
7.374246
7.0391965
7.374246
7.3139005
6.8726544
7.1670523
6.590324
6.893192
6.873363
6.94108
7.0391965
7.374246
6.119012
7.3514414
6.2711697
7.2874
7.092329
7.0798483
7.1598167
7.257902
6.8726544
7.235478
7.3514414
6.529565
6.8726544
7.1875896
7.1875896
7.3514414
7.481098
7.235478
6.558925
6.904053
6.627351
4.6572776
7.709398
7.0391965
7.0391965
3.3742719
7.4391785
8.273639
6.8863854
7.917295
6.893192
7.1670523
7.3514414
7.4391785
6.904053
6.902603
8.144228
7.3514414
7.4738626
7.1670523
7.374246
7.1447806
6.893192
6.8726544
6.8726544
7.374246
6.277976
6.0870333
7.3514414
7.1670523
7.198451
7.1912155
7.0391965
7.198451
7.1670523
6.909255
7.3514414
7.3514414
7.3514414
7.1598167
7.1670523
7.1875896
7.1670523
7.1670523
6.9809256
7.0391965
7.1670523
7.1807833
7.235478
7.1670523
7.198451
7.3139005
6.8726544
7.3514414
6.558925
7.386727
7.3514414
7.3720007
7.374246
6.94108
7.1670523
7.1670523
7.3514414
7.917295
7.1670523
7.3514414
7.481098
7.0391965
7.1447806
6.893192
4.397855
6.3242297
6.893192
7.3514414
8.280874
7.1807833
6.1786547
7.1867003
7.1670523
6.8726544
7.2540517
7.3514414
6.558925
7.1875896
7.374246
6.8863854
7.3720007
7.3514414
7.1670523
7.3514414
7.1670523
7.374246
7.3720007
7.235478
5.783617
7.1875896
7.1670523
7.1807833
7.436382
7.986476
7.3514414
7.1807833
6.7785997
7.374246
7.0391965
7.235478
7.1598167
7.198451
7.3514414
7.235478
6.766119
6.94108
7.1875896
7.1670523
7.1670523
7.3514414
7.9100595
7.1670523
7.1598167
7.3514414
7.198451
7.344206
7.1670523
7.3514414
6.94108
7.3514414
7.235478
7.1670523
6.9635043
6.9635043
8.280874
7.0391965
7.481098
7.0391965
7.0391965
7.0391965
6.872971
7.5366516
7.986476
6.8726544
7.1807833
8.280874
7.1670523
7.3514414
7.1670523
7.344206
7.3514414
6.8726544
7.1598167
5.334658
7.481098
7.1670523
7.235478
4.6572776
6.68286
8.176075
6.590324
6.590324
7.1670523
6.851959
7.1670523
7.1670523
7.235478
7.756819
8.280874
7.1598167
5.334658
7.235478
6.766119
7.263266
6.8726544
7.198451
7.1670523
6.8310513
7.1670523
7.1875896
7.0391965
7.917295
6.893192
7.344206
5.4413996
6.8726544
6.6841683
7.235478
6.918386
7.235478
7.1598167
6.904053
8.044426
7.1875896
7.235478
7.1807833
7.3514414
7.0391965
8.761205
5.283032
7.1875896
7.1807833
5.9116597
7.1670523
7.290987
7.1670523
7.1670523
7.481098
7.1670523
7.3514414
7.1867003
8.761205
6.590324
6.558925
7.1447806
7.257902
8.761205
7.3514414
7.1670523
6.4646325
6.558925
7.1670523
7.235478
7.235478
7.2272425
6.94108
8.753969
7.235478
7.235478
6.8726544
7.1875896
7.235478
7.1670523
7.235478
7.1670523
8.273639
6.9562945
7.436382
6.558925
7.2198033
7.198451
7.1912155
7.3670106
6.4646325
6.8726544
7.37126
7.198451
7.235478
7.1670523
6.6978993
7.756819
7.374246
7.3514414
7.1670523
7.257902
7.0798483
7.386727
7.3514414
7.436382
7.364765
7.1807833
5.6503654
7.79799
7.1670523
6.558925
7.1598167
6.315496
8.280874
6.529565
7.1875896
7.3514414
7.290987
7.0798483
7.3514414
7.431943
6.529565
6.4646325
6.284638
6.5794625
7.2282424
7.1807833
7.3514414
7.2282424
7.1807833
5.6503654
8.438626
7.374246
7.4391785
7.1670523
5.6503654
7.1807833
7.1670523
7.1670523
6.2574387
7.1807833
7.1670523
7.374246
4.9350047
6.284638
7.1598167
7.3514414
6.4646325
7.0798483
7.3568187
7.374246
6.5794625
7.374246
7.198451
7.3514414
7.257902
7.235478
7.3514414
7.1807833
7.3514414
6.558925
7.1912155
6.627351
7.3514414
6.529565
6.2574387
7.1735477
7.235478
6.4932313
6.195564
7.235478
7.1807833
8.280874
7.1912155
7.1670523
7.1447806
7.4391785
6.904053
7.1735477
7.1598167
7.2272425
7.1807833
7.3514414
4.5360427
7.310274
7.8188686
7.1598167
7.1670523
6.308465
9.118763
7.1670523
5.334658
7.290987
7.1670523
7.235478
7.4488387
7.253885
7.1670523
7.220007
6.4139285
7.1670523
7.1670523
7.3514414
6.3839216
6.9982142
6.4139285
4.2973504
7.209739
7.198451
7.374246
7.235478
7.1670523
7.8188686
7.386727
7.4391785
5.787579
7.1875896
7.3514414
7.3720007
6.7433143
7.3358183
7.1670523
6.94108
6.6627083
7.180354
5.2231627
7.917295
6.8726544
7.1670523
7.3514414
6.2711697
7.3514414
5.554334
7.1327724
7.1807833
7.3514414
7.917295
7.8188686
5.8621716
6.558925
5.580385
5.580385
7.1670523
7.1670523
7.8188686
7.1807833
7.1670523
7.1670523
6.558925
7.1670523
7.3670106
7.1807833
7.3514414
7.1670523
7.917295
7.198451
5.096284
7.1875896
7.1807833
7.4488387
8.436419
7.180354
7.2282424
7.1598167
7.3514414
7.344206
7.1598167
7.2282424
7.2282424
7.198451
7.235478
7.4391785
7.207458
6.3825297
7.1598167
6.654656
5.9499846
7.917295
6.284638
7.2874
7.235478
7.4738626
7.1670523
7.310274
7.3720007
7.8188686
7.235478
7.1807833
7.1670523
8.280874
7.374246
6.715567
6.6841683
7.8188686
7.386727
6.649775
7.1875896
7.1670523
7.436382
7.3514414
7.198451
7.1670523
7.3514414
7.2272425
7.5484495
7.8188686
7.198451
7.198451
7.1807833
7.3514414
6.195564
7.328583
7.198451
7.198451
7.1912155
7.1670523
7.2708354
7.1670523
6.119012
7.431943
7.4391785
7.1875896
7.235478
8.044426
6.1918364
7.4391785
5.7277985
7.235478
7.257902
7.4291463
7.235478
7.3514414
6.3825297
7.1598167
7.344206
7.3514414
7.6509404
7.3514414
7.1875896
6.8726544
6.8863854
7.3514414
7.4391785
7.1735477
7.3514414
5.225617
7.0798483
7.3514414
7.678941
7.1598167
7.180354
7.235478
7.0571885
7.198451
7.257902
6.8863854
7.1670523
7.4963512
7.0570436
7.3514414
8.746405
7.3514414
5.8525114
5.787579
7.1598167
7.1735477
7.3514414
7.1735477
7.1670523
7.286451
7.290987
6.315496
6.329227
7.3514414
7.198451
7.198451
7.1598167
7.198451
7.198451
7.3670106
7.3514414
7.1875896
7.4963512
6.195564
5.937234
6.8726544
7.1807833
7.344206
6.590324
7.1598167
6.1395493
7.3514414
6.8168592
6.284638
7.4738626
7.8188686
7.1670523
5.334658
6.590324
7.374246
7.046493
7.004178
7.1670523
7.3514414
5.320925
7.1670523
7.1807833
7.1670523
7.198451
6.6841683
7.9100595
7.8188686
7.1670523
7.198451
7.1670523
7.257902
7.198451
7.235478
7.3514414
6.4618325
7.3514414
7.0391965
7.4391785
6.284638
6.196078
7.1670523
6.590324
5.8525114
7.1670523
7.235478
7.198451
7.1516843
7.1516843
7.1670523
7.257902
7.4488387
7.5366516
7.329932
7.3514414
6.8863854
5.8525114
7.180354
6.226773
6.7047057
5.611784
6.8726544
7.1807833
7.3514414
7.1670523
6.558925
7.436382
7.1447806
7.235478
7.235478
7.3514414
7.1875896
7.1912155
7.4391785
8.436419
7.290987
7.1598167
6.8310513
7.1670523
6.322359
7.917295
7.374246
7.481098
7.1875896
6.4646325
6.558925
5.798504
7.2315154
7.374246
6.299195
7.077603
7.1670523
7.384543
6.6855593
6.3702464
6.94108
7.198451
6.6841683
5.6503654
6.9688683
7.235478
7.310274
7.1807833
6.081655
7.2282424
7.344206
7.1670523
7.1912155
7.1670523
7.1670523
7.198451
7.3514414
7.3514414
7.290987
7.481098
7.1807833
7.1912155
7.198451
7.3514414
7.3514414
7.1670523
7.386727
7.1670523
6.4509554
7.344206
7.344206
7.1670523
7.3670106
7.180354
7.257902
7.1735477
7.1875896
6.9982142
7.3514414
7.374246
7.1670523
7.524471
7.1598167
6.953135
7.2801642
8.565458
7.382336
7.1875896
7.1875896
7.1670523
6.904053
7.154441
8.438626
7.3514414
6.8726544
6.8863854
7.1735477
6.904053
7.1670523
6.7433143
7.1670523
7.198451
7.1807833
7.1670523
6.7433143
7.4391785
7.1670523
6.7433143
7.2282424
7.1807833
7.279924
6.752594
7.1670523
7.431943
6.8726544
7.3670106
7.310274
7.917295
7.1598167
7.431943
7.2837515
7.374246
6.7433143
7.4391785
7.180354
7.1598167
7.19782
7.290987
7.1670523
7.2636
7.3514414
7.3514414
6.8726544
7.1735477
7.1670523
6.7433143
7.235478
6.9686556
8.739169
7.340891
7.2282424
6.8726544
7.1735477
7.4738626
7.286451
7.22428
7.1875896
7.79799
7.1807833
7.374246
7.3670106
6.9635043
6.654656
7.374246
7.2272425
7.1670523
5.7937446
5.8327646
7.3514414
7.198451
7.22428
7.1598167
6.027483
7.1670523
7.2272425
6.590324
4.6572776
7.310274
7.1807833
7.2382445
7.1807833
7.2272425
7.198451
6.558925
7.1670523
7.481098
7.344206
6.7433143
5.225617
7.344206
7.3514414
7.3514414
7.2282424
7.1670523
5.225617
7.3514414
7.198451
7.4391785
6.284638
7.198451
7.310274
7.310274
7.239725
7.3514414
7.1670523
7.1670523
7.436382
7.436382
7.2282424
7.2282424
6.8726544
7.1735477
7.344206
7.2324896
7.1598167
7.344206
7.3514414
7.5366516
8.761205
7.1670523
7.2110405
7.1670523
7.374246
7.1807833
6.637353
5.77362
7.310274
7.374246
6.872971
7.198451
6.872971
7.917295
6.4139285
7.1598167
7.290987
6.558925
7.4515395
5.9269385
7.310274
8.761205
7.198451
7.1807833
7.1670523
6.7433143
7.2282424
7.290987
7.290987
7.1598167
7.2282424
7.1598167
6.3962607
5.648811
7.1670523
6.94108
7.3514414
6.904053
7.235478
6.6978993
7.1735477
6.9343615
7.6717052
7.2272425
7.1807833
7.198451
7.310274
6.6841683
7.235478
7.1912155
7.235478
6.2199664
6.2888374
7.709398
6.132743
7.198451
7.1447806
5.8114123
7.3514414
7.3514414
7.1670523
7.3514414
7.198451
7.257902
7.0570436
7.1598167
7.436382
7.235478
6.893192
7.1807833
7.1735477
7.344206
7.4391785
7.310274
7.1807833
7.3568187
7.4291463
7.274627
6.6841683
7.2837515
6.51126
7.1670523
7.1598167
7.3514414
7.3514414
6.7433143
6.590324
7.6727467
7.235478
7.1807833
7.324964
6.3825297
6.715567
6.5610642
7.4391785
6.8863854
7.1670523
7.1735477
6.3825297
7.2272425
6.2062354
6.558925
7.431943
7.1912155
6.2574387
6.590324
7.481098
7.1670523
7.1447806
7.3568187
7.446082
7.1670523
7.4391785
6.904053
6.7433143
6.2888374
6.7433143
7.3514414
6.7433143
7.1807833
4.4008117
6.715567
6.8726544
7.1670523
7.310274
7.1670523
7.1807833
7.1670523
7.257902
7.5268245
6.3962607
7.198451
7.213805
7.3514414
6.315496
6.572656
7.7021623
7.235478
7.4738626
7.235478
7.1670523
7.235478
7.310274
6.329227
7.2282424
7.0391965
7.1875896
7.324964
7.198451
7.1735477
7.986476
7.1670523
7.1598167
7.235478
5.580385
6.558925
7.1735477
7.3514414
7.1670523
7.374246
7.374246
7.198451
6.94108
7.3514414
7.1598167
6.572656
7.374246
7.1912155
6.7433143
7.1670523
7.1807833
7.198451
7.290987
7.1670523
7.3514414
6.94108
7.374246
7.235478
6.94108
6.3906245
7.1670523
7.3514414
7.3514414
7.180354
7.3514414
7.344206
7.1598167
6.2574387
8.273639
7.3514414
7.1670523
7.374246
7.235478
7.6584716
7.235478
7.0798483
7.180354
7.0570436
7.1807833
7.1670523
7.235478
7.1807833
8.280874
6.3962607
6.284638
7.374246
7.1598167
6.2888374
7.4391785
7.4391785
7.1670523
6.558925
7.1598167
7.0537677
7.1195726
6.112197
7.2328334
7.1670523
7.4738626
7.3514414
6.4007983
7.481098
7.1670523
7.2287593
7.3514414
7.1875896
7.3514414
7.1807833
8.280874
7.235478
7.198451
7.1670523
7.1875896
6.8726544
7.3514414
6.284638
7.1670523
7.180354
7.310274
7.374246
7.481098
7.1875896
7.1670523
7.180354
6.94108
8.044426
6.590324
4.958497
7.481098
7.198451
8.280874
7.986476
7.3514414
6.315496
7.235478
7.1670523
7.3514414
7.1670523
7.3514414
6.8685575
6.2062354
6.3825297
7.235478
7.917295
6.558925
7.235478
6.590324
7.1875896
7.1670523
6.891362
7.8188686
7.3514414
7.2348633
7.1912155
7.1670523
7.3514414
7.4738626
8.280874
7.3514414
7.1875896
7.1670523
7.2837515
7.481098
7.386727
7.1735477
8.044426
7.3514414
7.374246
7.1670523
7.2282424
7.415
6.315496
7.310274
7.2801642
7.3416157
7.1807833
7.310274
7.986476
7.1670523
7.3514414
7.1670523
7.257902
7.1670523
7.374246
6.417439
7.257902
7.3514414
7.1875896
7.3514414
7.3514414
5.580385
7.198451
7.3514414
6.68286
7.263266
7.198451
7.3514414
8.280874
7.1447806
7.481098
6.3883414
5.096284
7.666819
7.4488387
7.3514414
6.904053
6.904053
7.1670523
7.481098
6.590324
7.917295
7.481098
7.3514414
7.436382
7.364765
7.235478
7.3514414
7.3514414
7.3514414
6.284638
7.3514414
7.1735477
7.2801642
6.315496
7.1912155
7.709398
7.374246
7.3514414
7.3514414
7.235478
5.9872074
7.3514414
6.558925
7.290987
7.3514414
6.9635043
6.94108
7.198451
7.3514414
7.235478
7.3514414
7.1670523
6.590324
7.374246
7.344206
7.3720007
5.0202203
8.044426
6.715567
7.9100595
7.0798483
7.1807833
7.235478
7.3514414
7.374246
7.235478
7.1670523
7.1670523
7.235478
7.3514414
7.290987
7.1670523
7.0391965
5.7636557
7.1670523
7.3514414
7.1670523
7.1598167
7.1875896
6.415766
7.180354
7.1875896
7.235478
7.1807833
7.235478
7.220007
6.893192
7.257902
7.3514414
7.2936864
6.5714846
7.1670523
7.1670523
6.8863854
7.263266
7.1867003
6.9982142
7.3514414
7.198451
7.3514414
7.1867003
6.904053
6.8863854
7.1735477
6.51126
7.2439194
6.558925
6.904053
7.198451
7.1867003
7.2282424
7.344206
7.3514414
7.1807833
7.344206
7.1670523
7.3514414
7.344206
