-1.4044223
-1.4044223
-1.4044223
-2.1946468
-2.4591918
-5.840043
-5.840043
-2.2074938
-2.1681285
-3.7019696
-2.918483
-1.8430461
-2.5248864
-2.4591918
-2.2074938
-3.6630464
-2.7012267
-5.840043
-5.840043
-5.840043
-2.4984846
-2.4984846
-4.8298626
-2.291965
-2.5023782
-1.8430461
-2.918483
-4.1006036
-2.5248864
-2.1681285
-2.918483
-2.2074938
-2.0408018
-5.840043
-5.840043
-6.945077
-2.2074938
-5.4342823
-2.2074938
-5.840043
-2.918483
-3.4400818
-5.840043
-5.840043
-2.4984846
-2.918483
-1.8430461
-6.239068
-2.2074938
-5.2663107
-3.060125
-2.1681285
-5.840043
-1.4044223
-1.8430461
-4.773556
-5.9218626
-5.6356516
-2.918483
-6.815943
-3.4533527
-5.840043
-2.5248864
-1.4044223
-3.2227793
-2.4591918
-1.555321
-1.4044223
-2.2250817
-2.415916
-3.991511
-3.7019696
-2.5248864
-4.5356784
-5.711828
-4.9073935
-6.945077
-6.945077
-5.840043
-2.4591918
-1.4044223
-5.840043
-6.815943
-5.840043
-2.1681285
-2.291965
-2.4984846
-5.840043
-6.815943
-1.555321
-4.1286664
-1.4044223
-2.7389264
-6.945077
-4.6285834
-1.4044223
-2.554887
-6.945077
-2.291965
-4.597189
-2.7389264
-2.7011375
-1.4044223
-5.840043
-2.918483
-2.1681285
-2.1681285
-1.4044223
-2.7389264
-1.4044223
-5.126416
-1.728569
-1.8430461
-2.9881597
-2.2074938
-2.7974894
-1.4044223
-2.2250817
-1.4044223
-3.010745
-4.6974473
-5.840043
-5.840043
-2.2074938
-2.2074938
-1.4044223
-1.4044223
-4.0582128
-2.1681285
-3.7019696
-5.840043
-5.0984936
-3.1501498
-2.6782155
-2.2250817
-2.7974894
-2.291965
-5.840043
-2.5903785
-2.5248864
-1.728569
-1.4044223
-3.991511
-2.1681285
-2.1681285
-2.1681285
-5.840043
-5.840043
-4.773556
-1.8430461
-5.840043
-2.4985485
-3.6630464
-5.840043
-2.554887
-4.6713934
-1.5715743
-2.4591918
-1.4044223
-2.1253185
-5.840043
-2.4984846
-5.840043
-2.2074938
-2.0172307
-6.945077
-3.109845
-4.8865395
-2.0408018
-2.4984846
-5.80427
-5.840043
-4.2896705
-2.291965
-2.1253185
-1.4044223
-5.840043
-2.918483
-2.918483
-5.840043
-2.0172307
-5.840043
-1.555321
-3.991511
-5.0659394
-5.840043
-2.6492352
-4.8841057
-5.840043
-2.918483
-2.2007825
-2.7389264
-5.840043
-3.109845
-4.303043
-3.306773
-1.4044223
-2.1681285
-1.3666971
-3.010745
-4.0925264
-2.5903785
-4.4763956
-4.2896705
-2.1253185
-2.4984846
-2.8984623
-5.21399
-2.554887
-2.918483
-4.0989366
-3.6630464
-3.010745
-3.017301
-2.7389264
-2.1681285
-3.4494674
-4.2896705
-5.840043
-3.991511
-5.840043
-2.918483
-5.2972364
-2.2007825
-1.4044223
-3.010745
-6.945077
-2.2250817
-5.540118
-1.4044223
-5.65959
-1.9052911
-6.945077
-5.3542414
-6.1544275
-2.6492352
-1.4044223
-1.8430461
-1.728569
-3.991511
-2.9656568
-1.4044223
-2.2074938
-2.4984846
-4.2896705
-4.2896705
-5.840043
-2.1681285
-1.4044223
-1.9606384
-4.79319
-1.4044223
-2.226341
-2.7974894
-2.5903785
-5.840043
-1.3666971
-1.4044223
-6.945077
-2.5903785
-2.5248864
-3.7019696
-2.1946468
-2.4984846
-2.5248864
-6.083623
-4.1286664
-1.8430461
-1.4044223
-2.7974894
-2.5903785
-5.591405
-1.4044223
-3.7019696
-3.7019696
-1.4044223
-1.4044223
-5.840043
-3.021823
-5.840043
-1.4044223
-4.291205
-5.3793173
-5.840043
-2.4984846
-4.2168193
-1.4044223
-5.840043
-5.840043
-1.4044223
-3.6155865
-1.4044223
-3.7019696
-4.4911704
-4.6713934
-6.945077
-2.1253185
-2.1681285
-2.4958913
-4.8316665
-4.6619096
-2.6492352
-5.840043
-2.1681285
-1.4044223
-2.2253556
-2.1253185
-1.4044223
-2.291965
-1.4044223
-5.840043
-1.4044223
-6.815943
-1.4044223
-2.4457333
-4.0700817
-5.840043
-2.1681285
-2.1253185
-1.4044223
-5.840043
-2.8505845
-5.840043
-2.1681285
-5.840043
-2.918483
-1.8430461
-5.840043
-2.5248864
-2.2074938
-2.1681285
-1.4044223
-5.532486
-3.010745
-4.338517
-2.918483
-5.126416
-2.918483
-5.840043
-5.840043
-1.4044223
-4.752353
-2.1681285
-2.918483
-2.1681285
-2.291965
-4.6974473
-2.7389264
-1.4044223
-2.8942597
-1.4044223
-5.840043
-2.7389264
-5.840043
-2.7389264
-6.483466
-4.4134035
-3.691493
-1.4044223
-1.4044223
-3.4221182
-2.1681285
-6.945077
-3.7019696
-3.0391846
-3.7019696
-1.4044223
-3.0391846
-2.0172307
-3.8160279
-3.7019696
-1.9606384
-5.840043
-2.1681285
-5.840043
-6.945077
-2.4984846
-5.2909975
-2.7974894
-6.083623
-3.5642424
-2.291965
-2.5903785
-2.1681285
-4.316747
-1.4044223
-2.1253185
-2.1681285
-1.8430461
-2.918483
-2.8984623
-1.9804219
-2.291965
-4.9508905
-2.2074938
-3.7019696
-5.840043
-5.840043
-2.2007825
-5.464615
-3.991511
-2.5248864
-5.840043
-5.840043
-5.4972258
-2.7011375
-1.4044223
-2.1681285
-1.4044223
-2.1681285
-2.4457333
-1.4044223
-2.415916
-5.840043
-3.010745
-1.8430461
-4.0793896
-5.840043
-2.6304026
-2.918483
-2.5903785
-4.540641
-1.8430461
-1.4044223
-2.2074938
-1.4044223
-5.840043
-1.4044223
-1.4044223
-4.2896705
-5.840043
-2.2250817
-3.109845
-2.4984846
-2.141092
-2.7389264
-1.4044223
-3.8198967
-4.26563
-2.1681285
-3.7019696
-4.4134035
-2.554887
-5.840043
-2.6492352
-1.8430461
-3.9231536
-2.1681285
-1.4044223
-4.7055783
-1.4044223
-4.1286664
-1.4044223
-1.555321
-2.2074938
-5.591405
-1.4044223
-1.8430461
-2.4457333
-3.010745
-2.2074938
-2.1681285
-2.4591918
-1.8430461
-1.4044223
-4.338517
-5.840043
-3.010745
-4.9557304
-5.840043
-3.109845
-5.840043
-5.840043
-5.840043
-5.840043
-3.021549
-2.9656568
-2.1681285
-2.1681285
-4.239174
-2.7389264
-1.4044223
-2.918483
-4.188085
-2.1253185
-3.010745
-1.4044223
-1.4044223
-2.4984846
-6.945077
-5.840043
-1.4044223
-2.291965
-4.4763956
-5.342226
-4.2896705
-2.1681285
-4.8137536
-4.79319
-5.840043
-5.471134
-3.6630464
-2.918483
-6.945077
-3.9970737
-1.4044223
-2.554887
-5.840043
-5.840043
-3.5921922
-5.840043
-3.753779
-5.3793173
-5.711828
-6.945077
-1.4044223
-5.411621
-5.840043
-3.7019696
-4.6285834
-2.728928
-1.4044223
-1.4044223
-5.840043
-5.840043
-2.5248864
-2.857458
-5.840043
-5.840043
-6.815943
-5.840043
-5.840043
-1.8430461
-6.945077
-2.2074938
-2.1681285
-5.840043
-6.945077
-3.7188442
-3.3338575
-3.2227793
-3.9484658
-3.7188442
-5.840043
-2.4591918
-2.4591918
-2.2074938
-2.2250817
-5.840043
-2.918483
-1.8430461
-2.4984846
-2.1681285
-2.4985485
-2.4984846
-5.840043
-2.8676784
-4.4298234
-5.840043
-5.840043
-2.2250817
-5.9218626
-4.9833293
-1.4044223
-1.3666971
-2.1681285
-3.010745
-1.4044223
-2.4985485
-4.374003
-5.840043
-1.4044223
-6.945077
-5.840043
-1.8430461
-2.7671049
-2.4984846
-2.2074938
-1.4044223
-1.3666971
-2.0408018
-4.7584906
-1.4044223
-5.840043
-4.5356784
-5.840043
-4.4911704
-0.8140271
-4.8393927
-1.4044223
-4.79319
-2.1681285
-3.991511
-2.2074938
-1.4044223
-5.188303
-3.032883
-4.1286664
-5.471134
-3.109845
-5.840043
-2.2074938
-5.840043
-2.1946468
-3.4221182
-2.1946468
-0.8140271
-3.9628398
-2.7974894
-1.9052911
-6.945077
-6.945077
-5.840043
-3.857846
-6.945077
-2.2074938
-1.4044223
-4.2896705
-5.840043
-2.1946468
-3.1033213
-1.4044223
-1.4044223
-2.4985485
-2.918483
-2.7389264
-2.7389264
-2.1550725
-2.7389264
-2.9881597
-2.4984846
-2.1946468
-5.840043
-5.840043
-2.728928
-2.1681285
-5.840043
-3.032883
-6.945077
-2.2253556
-3.010745
-2.2250817
-2.4457333
-6.483466
-6.3442974
-2.2007825
-5.840043
-1.7988532
-3.1945426
-2.5248864
-3.5642424
-2.918483
-2.2250817
-5.771221
-2.2250817
-1.4044223
-3.1738787
-5.840043
-3.991511
-1.4044223
-2.7389264
-1.8430461
-2.1681285
-1.4044223
-5.342226
-5.840043
-1.4044223
-5.840043
-1.4044223
-4.8353395
-2.4984846
-2.0172307
-2.9501543
-2.4984846
-2.6304026
-2.5903785
-2.1317222
-2.918483
-1.4044223
-5.840043
-1.555321
-2.6304026
-3.109845
-1.4044223
-1.4044223
-2.1681285
-3.101176
-5.840043
-5.840043
-4.3474703
-2.918483
-4.3664193
-5.840043
-2.2754114
-2.7012267
-2.1681285
-3.060125
-2.5248864
-2.1253185
-2.415916
-2.415916
-4.4437585
-3.010745
-3.1781318
-2.4984846
-5.4972258
-2.554887
-2.2250817
-2.2007825
-4.773556
-5.969387
-2.918483
-2.728928
-2.4984846
-5.532486
-2.7974894
-2.1681285
-1.4044223
-2.1681285
-3.4221182
-2.1681285
-3.109845
-2.1681285
-4.708323
-4.980773
-2.927896
-2.1681285
-2.6870956
-2.0172307
-4.6195135
-5.171985
-5.156258
-5.840043
-1.4044223
-3.021549
-2.918483
-5.840043
-3.4221182
-5.5144987
-2.5903785
-5.840043
-2.7389264
-5.840043
-2.2250817
-4.8865395
-5.840043
-5.840043
-2.1681285
-1.4044223
-3.8191855
-2.4591918
-3.4533527
-2.6304026
-2.1681285
-3.8039806
-5.840043
-3.1501498
-2.4984846
-5.840043
-4.8861504
-5.840043
-2.1946468
-1.4044223
-1.4044223
-6.945077
-2.1681285
-2.1681285
-5.840043
-2.554887
-2.2250817
-1.4044223
-4.9297295
-2.7389264
-5.440359
-5.840043
-2.4984846
-5.840043
-4.2448187
-6.3442974
-2.4984846
-2.1253185
-5.840043
-4.2896705
-1.4044223
-0.8140271
-5.840043
-1.4044223
-5.2412934
-5.840043
-2.2074938
-4.700704
-3.8816152
-1.555321
-5.840043
-5.840043
-2.0408018
-2.8290386
-1.4044223
-3.991511
-4.3664193
-4.980773
-1.7988532
-4.89071
-2.1681285
-3.4856129
-5.840043
-5.591405
-5.3125896
-2.7389264
-2.4984846
-3.032883
-3.4494674
-2.2007825
-4.3474703
-3.1501498
-3.6630464
-1.9804219
-2.415916
-1.4044223
-5.840043
-6.945077
-3.3322575
-5.840043
-2.1681285
-5.840043
-1.4044223
-2.1681285
-5.840043
-1.4044223
-3.4533527
-3.8160279
-2.1681285
-1.4044223
-5.6129646
-3.8198967
-1.728569
-2.0172307
-1.8430461
-2.554887
-2.0408018
-6.945077
-1.4044223
-3.7019696
-5.840043
-2.1681285
-5.840043
-4.9251695
-3.109845
-5.840043
-2.2074938
-3.010745
-2.728928
-2.7389264
-3.845385
-4.865898
-5.840043
-2.1681285
-2.7389264
-4.7138643
-2.918483
-2.1946468
-3.962119
-2.1681285
-2.4958913
-2.4985485
-2.4457333
-2.918483
-0.8140271
-2.1681285
-5.840043
-2.1253185
-2.415916
-1.4044223
-1.8430461
-5.840043
-2.918483
-5.840043
-1.8430461
-2.1253185
-6.1544275
-6.618417
-2.4984846
-4.865898
-3.666898
-2.1681285
-1.7541965
-5.840043
-4.80335
-5.840043
-2.9715788
-5.840043
-1.728569
-5.771221
-1.4044223
-2.918483
-5.840043
-5.840043
-5.840043
-2.9881597
-2.1681285
-2.2007825
-1.4044223
-4.3100934
-1.4044223
-5.840043
-2.5248864
-2.918483
-5.840043
-1.4044223
-5.840043
-5.840043
-5.089051
-2.291965
-2.1681285
-3.1884286
-2.1681285
-2.1681285
-2.7261438
-5.840043
-5.840043
-3.050775
-5.21399
-2.7389264
-1.4044223
-2.2074938
-1.8430461
-5.440359
-2.5903785
-3.109845
-2.6304026
-1.4044223
-2.0172307
-1.8430461
-5.840043
-5.260498
-4.460548
-3.5642424
-1.3666971
-1.4044223
-2.1274493
-3.010745
-3.1501498
-1.4044223
-5.059712
-5.840043
-1.4044223
-2.4936142
-2.2074938
-4.965575
-4.364024
-2.4984846
-6.945077
-3.0391846
-1.4044223
-4.2896705
-1.8430461
-2.554887
-4.635513
-2.7389264
-2.5248864
-2.1681285
-6.945077
-2.6249056
-4.582948
-2.1681285
-2.4984846
-3.3338575
-2.1681285
-4.965575
-6.945077
-2.4985485
-5.840043
-1.4044223
-2.7389264
-1.4044223
-2.1274493
-4.89071
-2.2007825
-5.840043
-1.8430461
-2.6304026
-4.4134035
-2.2250817
-3.7019696
-2.4591918
-5.9218626
-2.5903785
-2.226341
-4.3474703
-5.840043
-6.945077
-1.728569
-2.1681285
-2.6665251
-2.4984846
-1.4044223
-3.3396797
-5.16405
-5.840043
-3.060125
-2.1681285
-1.4044223
-5.411621
-3.010745
-2.415916
-4.8561378
-3.010745
-3.865175
-4.79319
-4.79319
-4.0958734
-2.4984846
-2.1681285
-3.465551
-1.9052911
-6.945077
-1.5715743
-5.840043
-5.840043
-5.840043
-5.2805915
-3.7019696
-6.945077
-5.5144987
-1.555321
-1.4044223
-2.2250817
-2.1681285
-1.555321
-1.4044223
-5.840043
-5.840043
-2.1253185
-1.4044223
-1.4044223
-5.0984936
-1.4044223
-1.4044223
-3.109845
-2.6304026
-2.1681285
-2.9049714
-5.840043
-2.728928
-2.1681285
-5.840043
-5.840043
-1.4044223
-2.4457333
-1.4044223
-1.4044223
-2.4984846
-1.4044223
-1.4044223
-1.4044223
-5.840043
-5.840043
-2.1681285
-2.7261438
-3.991511
-2.7974894
-1.8430461
-2.1681285
-5.2805915
-2.1946468
-2.1681285
-3.8236656
-2.2250817
-2.1681285
-1.8430461
-3.865175
-2.2007825
-2.2007825
-5.532486
-1.4044223
-2.5248864
-2.4984846
-3.8198967
-2.6304026
-1.4044223
-2.1681285
-2.1681285
-3.109845
-5.840043
-1.4044223
-6.945077
-5.840043
-2.1618943
-1.4044223
-5.1686993
-1.4044223
-2.4984846
-2.1681285
-3.7771857
-2.1253185
-4.284452
-5.540118
-3.010745
-6.1544275
-5.840043
-3.6630464
-3.1501498
-5.148603
-3.8375292
-2.5248864
-2.2250817
-5.840043
-5.840043
-5.141081
-5.4806147
-1.4044223
-1.4044223
-5.840043
-5.8790283
-1.4044223
-3.6630464
-2.1681285
-3.109845
-1.4044223
-1.4044223
-1.9052911
-6.945077
-3.1501498
-5.840043
-2.1253185
-2.2250817
-6.945077
-2.7011375
-6.945077
-4.0582128
-4.903061
-2.918483
-5.840043
-2.5248864
-2.1681285
-2.554887
-3.8882306
-2.7389264
-2.5903785
-2.4984846
-4.284452
-5.840043
-3.465551
-3.109845
-6.239068
-2.7261438
-3.7019696
-2.2007825
-2.2074938
-2.5248864
-3.3338575
-6.945077
-3.9231536
-2.2074938
-5.840043
-4.7315316
-2.1681285
-5.840043
-5.5708637
-1.4044223
-2.1681285
-2.1681285
-2.7011375
-1.8430461
-2.918483
-1.4044223
-2.1274493
-2.1681285
-5.840043
-1.4044223
-3.796496
-2.1550725
-5.840043
-1.4044223
-2.554887
-6.083623
-3.991511
-3.5782218
-5.840043
-1.4044223
-4.1286664
-2.2074938
-2.1681285
-4.0989366
-6.3442974
-1.4044223
-2.7261438
-6.945077
-1.7988532
-1.4044223
-5.840043
-2.728928
-5.840043
-4.6974473
-4.2896705
-5.840043
-2.4591918
-1.4044223
-2.918483
-4.8298626
-5.532486
-1.4044223
-2.1681285
-1.8430461
-3.7019696
-5.840043
-1.4044223
-1.8430461
-6.945077
-1.8430461
-4.4134035
-5.840043
-4.00359
-2.918483
-5.308054
-2.2007825
-2.554887
-2.7261438
-1.4044223
-1.4044223
-1.4044223
-2.1681285
-2.291965
-5.3793173
-2.2250817
-1.4044223
-1.8430461
-2.7389264
-2.1681285
-5.840043
-2.7974894
-1.728569
-1.4044223
-2.4984846
-3.010745
-4.9537306
-2.918483
-5.840043
-5.840043
-5.840043
-4.739716
-5.308054
-2.857458
-6.0227604
-2.1681285
-5.840043
-2.4984846
-4.582948
-2.918483
-6.945077
-6.945077
-1.4044223
-5.840043
-3.4221182
-5.3238025
-6.1544275
-2.1681285
-4.6974473
-6.945077
-3.691493
-3.032883
-1.8430461
-2.4591918
-4.133037
-5.2704287
-3.677838
-2.5248864
-3.991511
-2.8899388
-2.5248864
-1.4044223
-1.4044223
-4.424719
-2.1681285
-5.840043
-2.4457333
-2.291965
-6.815943
-1.4044223
-3.8375292
-3.7019696
-2.4984846
-5.840043
-5.840043
-1.4044223
-4.2896705
-5.840043
-4.980773
-2.1681285
-2.5903785
-6.0227604
-2.7974894
-2.5248864
-3.7019696
-3.010745
-5.3793173
-2.7012267
-5.4491844
-2.1681285
-2.8619413
-5.840043
-3.6034074
-1.4044223
-5.9218626
-4.582948
-4.3178663
-3.3303745
-1.4044223
-2.2074938
-5.711828
-6.945077
-3.991511
-2.0408018
-5.342226
-2.2250817
-2.0408018
-2.918483
-2.918483
-2.2250817
-6.945077
-2.1681285
-2.2074938
-2.554887
-4.980773
-1.5715743
-2.291965
-5.840043
-1.4044223
-1.4044223
-5.840043
-3.2227793
-5.840043
-5.840043
-2.5903785
-5.840043
-6.945077
-5.0851774
-2.1681285
-5.711828
-6.945077
-1.555321
-2.4488244
-4.7338367
-2.2074938
-5.840043
-1.4044223
-2.5248864
-5.840043
-4.1286664
-4.800256
-4.1286664
-6.3442974
-5.840043
-3.8236656
-2.2074938
-3.7019696
-4.800256
-5.840043
-4.635513
-3.6630464
-2.5903785
-2.1681285
-2.1681285
-2.1253185
-5.840043
-6.945077
-2.4591918
-3.1501498
-3.7019696
-5.840043
-2.918483
-2.1681285
-5.840043
-2.2074938
-2.7974894
-5.840043
-2.7974894
-6.945077
-1.8430461
-2.5248864
-1.4044223
-5.591405
-5.840043
-2.6304026
-5.840043
-2.1681285
-5.840043
-5.840043
-5.840043
-5.392421
-2.7389264
-2.4984846
-3.010745
-3.1501498
-6.945077
-6.945077
-2.1681285
-3.7019696
-2.4591918
-5.840043
-3.010745
-6.945077
-5.840043
-1.4044223
-3.4533527
-2.1946468
-4.20496
-4.9161906
-4.865898
-4.338517
-3.010745
-1.4044223
-5.840043
-2.918483
-1.4044223
-5.319148
-5.840043
-1.8430461
-1.4044223
-2.9881597
-4.6123724
-5.840043
-2.2074938
-5.342226
-1.7988532
-3.8039806
-5.3542414
-5.840043
-3.010745
-5.840043
-2.2074938
-5.840043
-4.424719
-1.555321
-2.4984846
-2.1681285
-4.2896705
-5.840043
-3.7019696
-4.1506224
-2.1681285
-3.431938
-5.840043
-2.2250817
-2.7389264
-3.0370567
-1.4044223
-5.411621
-2.1681285
-2.2074938
-6.618417
-2.4958913
-4.810258
-2.1681285
-2.1681285
-5.2507896
-3.4221182
-5.411621
-5.840043
-5.21399
-2.4984846
-2.1681285
-5.840043
-2.2250817
-2.2074938
-2.9626713
-3.7909799
-6.945077
-5.156258
-4.7344456
-5.840043
-6.083623
-5.9218626
-5.65959
-1.4044223
-2.918483
