-4.2655845
-4.688367
-4.3997364
-5.9345765
-4.41731
-3.2116773
-2.1418862
-1.6965377
-2.7746153
-5.65363
-3.096243
-4.155232
-1.748195
-2.3193672
-3.8562539
-2.6976342
-2.084919
-2.0010061
-2.3988369
-3.0274775
-3.0131476
-1.2628454
-3.0666316
-4.0280647
-5.1485186
-5.741343
-3.927355
-6.633834
-2.4129214
-2.5614035
-2.3847637
-6.1589212
-0.5614988
-3.0267448
-4.383682
-3.1863427
-3.029423
-2.5989726
-1.0239756
-4.034812
-3.5759506
-2.5025635
-3.8231523
-3.2389026
-1.9666847
-5.618305
-6.7172103
-1.6429392
-1.9119033
-3.0263615
-4.466194
-1.9204001
-3.6092257
-3.3210077
-3.775506
-2.7882051
-1.106678
-3.6865537
-3.768805
-4.211484
-3.6267934
-3.4934692
-2.1044111
-2.6417906
-0.36410666
-3.5094328
-1.1140058
-2.716649
-3.095038
-3.372514
-2.380881
-2.1418862
-2.6841838
-1.0398023
-4.4406157
-4.2655845
-3.9381802
-2.3193672
-5.65363
-3.7386787
-3.910454
-3.9428484
-6.0469766
-3.0992184
-2.374174
-5.6390133
-4.131802
-3.511963
-6.209166
-2.6700501
-1.7906519
-3.683558
-4.4961905
-5.167466
-3.009388
-3.837476
-3.0610082
-2.8079748
-3.2325914
-2.9495134
-3.2266521
-4.748798
-3.0263615
-4.2457585
-2.0251522
-3.3579974
-3.2979343
-5.65363
-2.4509335
-3.7959292
-0.36410666
-3.2772508
-3.3598862
-2.7870855
-4.930908
-2.2595437
-3.7102501
-3.9428484
-2.1667912
-1.7464868
-1.828615
-6.018371
-4.165907
-2.9170341
-3.7577379
-2.916385
-2.509877
-4.3130474
-4.473995
-4.280598
-4.234318
-5.744006
-3.7366302
-5.1562667
-0.5614988
-1.3220288
-3.0263615
-4.6018324
-2.2404108
-3.4251842
-4.005334
-4.1223335
-3.493806
-1.828615
-1.828615
-1.828615
-4.2871943
-4.038541
-2.729534
-2.8960679
-3.7748847
-2.5849488
-3.8780336
-2.2483191
-3.430358
-6.9050264
-2.566537
-6.3652053
-2.9930096
-3.0693886
-3.0857975
-3.1100926
-4.006537
-5.774763
-3.1759107
-4.421682
-4.41731
-3.4240394
-3.2057717
-2.1374245
-0.25014958
-4.2257867
-1.8660244
-3.511963
-2.8451695
-1.2144798
-3.6427162
-4.211484
-3.0263615
-1.3220288
-3.2560706
-3.427466
-1.106678
-2.380881
-2.7622175
-3.4251842
-4.167139
-3.330755
-2.0251522
-2.0251522
-3.7527559
-2.438056
-3.5704758
-4.4750533
-3.5825582
-2.707866
-3.837476
-3.4798765
-0.99674857
-4.1345224
-3.2985678
-4.4814844
-2.2999048
-3.7047405
-2.0933692
-3.8113372
-3.0625272
-2.7453187
-1.7476689
-4.7932396
-2.7746153
-4.309552
-3.7577379
-5.6511974
-2.9867482
-4.3989444
-3.3484085
-4.1473813
-3.8706996
-2.380881
-5.3824606
-3.7289135
-3.6733873
-2.4993927
-3.0896132
-3.9020054
-4.3551774
-1.246145
-3.0263615
-1.8832291
-3.2965546
-4.3320675
-3.577759
-2.969244
-2.4428227
-5.64065
-3.3932688
-3.678213
-3.3210077
-2.380881
-2.2872787
-3.6897573
-3.012059
-4.901683
-2.1418862
-5.65363
-4.099253
-2.2404108
-3.260954
-3.5894008
-6.1541204
-3.4532225
-3.402985
-2.380881
-2.9171326
-2.4993927
-0.5947656
-4.9731627
-1.2415525
-2.2404108
-1.246145
-3.4767988
-5.409091
-3.8763537
-4.925607
-3.8325088
-3.910522
-3.2130532
-5.0045905
-3.408489
-1.2415525
-3.4532225
-3.6299896
-4.37644
-4.651298
-1.6181449
-4.038541
-3.4532225
-4.5688705
-5.250518
-3.9490786
-3.4555647
-4.6914415
-3.0263615
-4.9310746
-5.274551
-2.341626
-4.05649
-4.4378843
-3.837476
-2.6128054
-3.203028
-4.2928295
-3.6397014
-3.9931867
-4.4397626
-3.2946625
-3.1977215
-2.7127717
-4.3280997
-3.4851246
-1.6918225
-2.126498
-3.4687233
-3.8962686
-3.8973627
-3.823595
-4.1200304
-3.6458466
-3.752318
-3.3932688
-2.2112172
-2.2404108
-1.7487425
-2.9652362
-3.4661283
-3.511963
-2.2744253
-3.0263615
-2.8865228
-5.3396363
-2.5658903
-2.3172917
-2.2404108
-4.714077
-5.3681517
-3.1045165
-3.9034324
-2.1418862
-3.8407688
-3.0263615
-3.0952988
-5.0334353
-3.388307
-1.828615
-3.635107
-3.1374497
-4.1324778
-4.038541
-3.0263615
-4.047111
-4.325495
-3.0263615
-3.5962372
-1.828615
-4.714077
-4.788484
-2.6757917
-3.48061
-2.4599206
-3.837476
-3.0263615
-6.633834
-2.62054
-3.5740504
-3.686172
-3.0263615
-4.4992795
-4.211484
-3.0556104
-3.8908193
-1.9119033
-2.9652362
-1.8660244
-2.0861967
-3.4146059
-2.1936789
-3.6092257
-2.2563877
-2.8451695
-3.891556
-3.3294346
-6.7837324
-3.5756931
-4.04452
-3.6458466
-3.8557224
-5.1197042
-4.3997364
-3.5336432
-2.1291616
-3.635712
-3.0263615
-3.554208
-6.1541204
-3.0263615
-5.1622066
-1.9119033
-3.2325914
-1.8600874
-3.3932688
-5.729556
-3.2959325
-1.533001
-6.1589212
-2.8800232
-5.1485186
-6.406186
-2.4993927
-6.739105
-2.380881
-3.2325914
-4.4574194
-4.165907
-4.097963
-2.4208117
-4.8302565
-2.1418862
-2.1392725
-5.6969194
-2.5948324
-3.6011543
-4.2993627
-3.0263615
-3.7653027
-4.7622275
-5.1193733
-2.4661903
-3.6087215
-4.671259
-2.9652362
-3.0267448
-3.287773
-3.2952328
-0.553689
-3.3210077
-5.1562667
-3.837476
-2.1291616
-2.1418862
-2.5754483
-1.9204001
-3.2325914
-3.6071591
-2.3914914
-4.50246
-3.64567
-0.40719667
-3.0263615
-4.280598
-4.21399
-4.3121924
-4.7752457
-2.9930096
-4.0064406
-4.717277
-4.08926
-5.3453465
-2.032082
-1.0398023
-4.651298
-2.560672
-4.287842
-1.5407958
-6.1589212
-4.9000664
-3.837476
-5.280831
-3.6513357
-1.6429392
-3.5894008
-3.5376563
-5.570118
-3.1906726
-3.910454
-2.1418862
-0.9221283
-4.4164395
-1.9204001
-6.30504
-4.4750533
-2.4447632
-4.8139353
-5.1409245
-4.587546
-2.9769697
-2.6535103
-5.2788243
-2.87446
-1.532887
-5.118889
-4.2655845
-5.618305
-3.3298726
-2.729534
-4.4164395
-3.837476
-3.0263615
-3.3375916
-2.9047165
-0.34952593
-4.9338417
-2.200001
-3.4581923
-2.560672
-2.2156782
-2.469509
-3.7653027
-5.1409245
-5.669129
-4.223761
-2.2973244
-3.4602568
-5.179843
-3.7352872
-2.966602
-1.7476689
-5.1374707
-0.34952593
-4.157212
-4.37644
-2.825189
-4.282646
-3.0497222
-2.0169024
-3.0263615
-4.7189884
-3.0574253
-3.094424
-4.452022
-2.8699777
-1.7487425
-1.959413
-1.6155648
-3.835638
-3.1936116
-2.6973498
-4.2871943
-3.0661564
-1.6181449
-2.2007473
-0.34952593
-3.775506
-3.6872065
-5.662979
-4.5148425
-1.7187088
-3.3029473
-4.99862
-5.5991755
-0.5614988
-3.9025373
-4.714077
-4.162067
-2.8623128
-5.744006
-4.080333
-3.775506
-0.34952593
-1.9153423
-2.9652362
-3.6094236
-1.9119033
-3.9373047
-2.1855686
-1.6429392
-4.8780394
-5.61065
-3.678355
-4.8153286
-1.7906519
-1.1417961
-3.8212457
-4.3720317
-2.2595437
-6.9050264
-6.489805
-3.0263615
-3.3156233
-3.0263615
-1.106678
-2.2393327
-2.9807408
-2.682424
-3.9100924
-2.5343935
-2.7718835
-3.8363364
-2.2270973
-1.0398023
-3.666416
-5.945885
-3.64567
-0.984628
-1.0398023
-4.181852
-3.0027275
-4.1345224
-4.827688
-4.546416
-3.4636962
-3.0027275
-2.380881
-3.9997115
-4.2655926
-5.460263
-3.404837
-2.2793324
-3.6715174
-2.9162545
-3.430358
-1.7476689
-4.3471127
-6.633834
-2.1453993
-2.2186415
-1.486269
-0.5947656
-3.2594004
-1.7476689
-2.8269465
-5.621823
-4.5043797
-1.7921172
-4.2284403
-5.196268
-1.7487425
-1.2144798
-6.9050264
-4.53429
-0.984628
-2.7861083
-3.0848055
-5.437462
-4.1620274
-3.1110618
-2.6459787
-3.5705452
-4.2020054
-3.9533877
-3.0610082
-3.64567
-2.4993927
-1.3220288
-3.602587
-2.9658184
-2.682424
-3.554208
-1.1697468
-1.748195
-4.6468983
-1.0239756
-4.366563
-4.448924
-1.7799249
-3.1541538
-1.106678
-3.7748847
-5.9345765
-4.0247817
-2.1291616
-3.5962372
-2.707866
-1.023831
-2.8451695
-3.3282745
-5.6245413
-2.0433033
-2.380881
-1.5047227
-2.9527566
-4.3149157
-4.0141273
-4.9133143
-3.910522
-3.2996137
-3.9015133
-3.045776
-2.836757
-5.8631864
-1.9666847
-3.386729
-2.804029
-2.0140004
-2.5600522
-3.0263615
-0.553689
-1.3976797
-4.5599356
-4.661383
-3.4240394
-3.0027275
-2.6489222
-3.910454
-3.5093257
-4.211484
-2.1525285
-3.096243
-3.835638
-2.4034853
-1.5407958
-3.2540674
-3.3122041
-2.5788844
-2.433925
-4.211484
-3.0027275
-1.7476689
-2.032082
-4.402386
-3.558412
-1.9861324
-2.8277843
-1.7725599
-2.430681
-5.1409245
-4.584866
-2.6716084
-3.4271774
-3.7710204
-5.187936
-4.3995585
-3.0848055
-1.9666847
-3.2865896
-1.6429392
-3.7889793
-2.2393327
-3.7628484
-3.1726701
-6.0090227
-3.4106705
-2.6865067
-4.006537
-1.0398023
-0.5614988
-2.9652362
-0.34952593
-1.246145
-3.0263615
-3.5142186
-1.106678
-3.8211875
-5.0699687
-2.4225214
-2.8269465
-2.8067229
-4.7189884
-5.8591604
-3.116707
-3.4114552
-2.6757917
-6.633834
-3.4800966
-5.190436
-7.1630898
-1.6155648
-4.3198123
-3.9207616
-0.7602627
-5.9345765
-2.836757
-3.0027275
-4.074567
-2.4998631
-4.925607
-2.874908
-2.5265074
-4.651298
-3.0027275
-1.106678
-3.752318
-3.9207616
-3.1619935
-1.0239756
-3.7927876
-3.6199224
-4.649118
-4.163579
-3.2753146
-2.6459787
-4.0945044
-3.2266521
-3.5063477
-4.423479
-1.2628454
-3.984696
-2.7648509
-4.0476675
-3.3375916
-4.767146
-3.7809503
-4.2191453
-4.782151
-2.126498
-3.842272
-4.285308
-2.7127717
-2.2658854
-5.882759
-5.0765266
-3.1633403
-2.1044111
-2.9920058
-2.5506063
-2.1418862
-2.0578833
-2.9495134
-2.380881
-3.631946
-1.0398023
-1.8598375
-3.8670921
-1.828615
-0.6395883
-1.246145
-3.4455197
-3.8441327
-2.6757917
-2.7413876
-2.2684197
-0.5614988
-4.9000664
-2.4034853
-1.533001
-3.8256752
-3.6132412
-2.273997
-2.9859624
-2.554616
-1.2415525
-1.023831
-2.7069654
-5.196268
-4.3471127
-4.651298
-2.1789389
-5.506489
-3.9207616
-3.7775693
-3.4915955
-2.243121
-1.8832291
-2.7127717
-5.2698126
-2.9047165
-2.3779304
-6.7172103
-3.1732955
-3.969484
-2.208573
-3.9207616
-3.630018
-1.1708134
-2.7082822
-1.0239756
-5.8591604
-2.9047165
-3.7883575
-1.7476689
-4.057742
-2.7465193
-2.4509335
-2.836757
-2.2404108
-6.7837324
-2.2999048
-4.073581
-3.6649873
-4.748798
-3.99538
-3.2074625
-2.7351918
-3.2086906
-5.621823
-1.9015058
-4.067099
-2.8167143
-3.0263615
-1.7187088
-1.6429392
-0.36410666
-4.017403
-6.633834
-4.623642
-4.767146
-3.4891176
-1.770703
-5.654233
-3.2850294
-3.7399347
-3.3375916
-3.605708
-0.36410666
-6.633834
-3.7832391
-5.4487753
-2.8900282
-2.553519
-2.243121
-3.430358
-4.0004516
-2.076964
-2.1667912
-1.2415525
-4.910455
-2.2422519
-3.2560706
-3.4767988
-1.2144798
-2.8630898
-4.001266
-3.935183
-4.759843
-5.1562667
-2.4129214
-4.74735
-4.981269
-3.8378937
-2.9547343
-3.8229423
-3.7710204
-3.005914
-2.126498
-2.0038404
-1.6429392
-4.5280657
-2.509877
-3.9595945
-4.0188766
-2.3699362
-2.794075
-4.589303
-4.8302565
-3.5586724
-5.10965
-3.4211748
-4.833605
-2.9047165
-3.0027275
-5.153075
-5.2698126
-6.339907
-4.134642
-2.5629342
-0.20269036
-2.1291616
-1.7826357
-2.8805602
-0.984628
-1.6429392
-0.8841314
-3.1891599
-1.0398023
-2.0256867
-4.5688705
-4.068741
-0.608968
-3.56775
-3.9207616
-4.4260445
-6.1547847
-3.5508642
-2.6749382
-3.7789378
-1.6429392
-1.7476689
-2.87446
-3.2218182
-2.794075
-3.639107
-3.3002222
-0.984628
-6.6340256
-2.2999048
-2.2793324
-3.649245
-4.465768
-3.352997
-4.668585
-2.665349
-2.6749382
-3.1538908
-3.3182216
-2.0038404
-0.984628
-4.4507785
-2.4993927
-4.0164
-3.642291
-3.2662842
-1.828615
-2.3172917
-1.2144798
-3.5056372
-2.1990273
-4.513222
-0.5614988
-3.5909538
-3.541544
-5.48486
-3.837476
-3.9294465
-2.9769697
-3.602587
-2.386279
-0.36410666
-4.6865883
-3.4604468
-4.855148
-3.0077705
-2.9800014
-5.1409245
-3.5639362
-6.633834
-3.6236255
-4.4992795
-1.6918225
-2.1396334
-2.3181658
-2.9570928
-2.5117037
-1.2144798
-3.5894008
-1.106678
-4.53322
-2.4129214
-4.793556
-0.7704468
-4.3751097
-3.9111161
-5.3396363
-3.7768607
-3.1632607
-0.99674857
-4.349885
-3.5088625
-3.64567
-1.106678
-3.9207616
-4.1535068
-5.4487753
-1.6181449
-3.6432352
-3.2065415
-3.2702167
-3.4768412
-3.837519
-1.2144798
-3.0027275
-3.2702167
-6.9050264
-3.746363
-2.9326909
-4.2559457
-2.729534
-6.30504
-3.3210077
-2.9614832
-3.144068
-3.3061516
-1.2628454
-4.8302565
-2.5619013
-4.1241226
-3.0561497
-3.404837
-4.231388
-3.0027275
-2.380881
-5.964994
-3.0263615
-3.4211748
-3.9898489
-3.631946
-2.0770035
-3.0412161
-1.7906519
-2.7718835
-5.2232494
-4.387158
-2.4993927
-2.4993927
-3.3227718
-2.341626
-2.006094
-3.3375916
-2.2233918
-3.3773797
-5.64065
-2.2328298
-5.5841208
-2.2396877
-2.7062817
-4.8302565
-4.4961905
-3.3932688
-1.0239756
-2.0588505
-4.016553
-2.7882051
-1.6870583
-3.4211748
-4.282661
-2.729534
-1.0239756
-1.2144798
-3.045776
-5.5392346
-8.145399
-5.3955717
-5.526924
-3.4798765
-3.8256752
-5.149624
-4.2563467
-8.145399
-3.0574253
-3.2325914
-2.3694804
-1.8832291
-3.956651
-4.030797
-4.5205774
-2.5208046
-2.8435125
-2.2328298
-1.7112942
-3.522854
-3.9207616
-2.8230507
-2.2005813
-1.6965377
-4.963
-2.3773413
-2.0933692
-3.4772367
-3.7710204
-3.7878933
-4.3130474
-5.0765266
-4.6032186
-3.0027275
-0.984628
-1.6429392
-2.0256867
-3.729593
-3.579899
-3.1088145
-2.433925
-1.0239756
-2.0256867
-4.005961
-3.6707578
-3.4706178
-4.246508
-3.094424
-3.210104
-2.5615487
-4.0247817
-4.0024014
-2.8663957
-3.64567
-4.1418815
-3.1866784
-3.2794669
-3.045776
-4.642175
-2.076964
-5.228081
-4.893371
-4.77309
-0.984628
-2.9652362
-4.767146
-5.65363
-0.984628
-3.0811381
-1.4704609
-1.4658022
-2.090656
-4.1142454
-1.9204001
-6.633834
-3.9893959
-2.5140176
-2.380881
-3.3131473
-4.323657
-2.5600522
-2.560672
-3.2560732
-3.4211748
-1.9882851
-5.744006
-3.9873872
-2.1418862
-4.2296333
-4.778832
-3.5552611
-1.8979295
-0.36410666
-2.2999048
-4.788484
-1.828615
-3.0263615
-2.7788754
-2.2967536
-1.5407958
-2.2404108
-4.0325413
-6.3601046
-2.0683284
-2.0169024
-3.0948975
-3.9428484
-2.3861747
-2.5458462
-2.8661246
-2.374174
-4.465768
-2.8661246
-4.27466
-4.3648076
-4.2049108
-3.430358
-0.984628
-2.2328298
-2.7069654
-4.8781633
-3.910454
-3.6199224
-3.0263615
-3.8780336
-5.677484
-3.7591515
-4.4400916
-2.170113
-2.560672
-2.126498
-2.8661246
-3.7289135
-3.6268156
-3.6451912
-3.3002222
-3.193329
-2.459027
-1.5407958
-6.0090227
-0.25014958
-2.4998631
-2.634737
-3.192143
-5.528197
-3.7710974
-1.8979295
-3.898336
-6.6340256
-2.2112172
-2.2005813
-1.7826357
-3.6458466
-3.835638
-3.0263615
-4.166342
-4.451176
-2.7930431
-2.9652362
-2.6582534
-6.7837324
-3.7487674
-3.1538908
-2.3193672
-3.85233
-1.6429392
-4.4976773
-2.4129214
-2.380881
-3.64567
-2.1044111
-2.8276076
-2.836757
-2.671131
-2.2404108
-2.9930096
-2.9614832
-4.1223335
-2.2999048
-5.1622066
-4.490643
-3.2284224
-1.6918225
-3.9428484
-4.436723
-1.8832291
-3.094424
-3.0574253
-4.5333047
-4.3957376
-2.5863667
-4.2136164
-2.126498
-5.3240542
-3.0168269
-3.3484085
-0.25014958
-2.084919
-6.092399
-5.407706
-5.5005274
-4.309552
-1.1417961
-3.397773
-3.5505917
-4.41731
-2.243121
-2.2404108
-3.6707578
-2.3827872
-0.40719667
-3.206718
-3.454285
-2.2404108
-3.8319411
-3.3460212
-3.099661
-4.3648076
-4.1620274
-4.9157834
-1.828615
-2.2404108
-2.5658903
-4.152399
-3.3334913
-2.4129214
-3.7096863
-4.417838
-3.1110618
-1.8832291
-4.0403423
-3.094424
-2.9930096
-3.907662
-3.7730186
-3.2325914
-1.9119033
-4.8098125
-2.126498
-2.2404108
-3.9489937
-1.8271965
-2.7863686
-5.110698
-6.349683
-3.3748014
-2.9652362
-5.460263
-1.5407958
-2.560672
-3.7031615
-2.560672
-4.2607455
-3.2140336
-2.1936789
-1.9119033
-2.1418862
-3.6427162
-4.165907
-2.87446
-4.1473813
-3.0263615
-1.9119033
-4.7189884
-5.0144773
-4.165907
-4.1075478
-3.802655
-4.5327234
-6.7837324
-0.34952593
-4.3471127
-1.6965377
-3.7652001
-1.9119033
-2.8661246
-3.096243
-3.8516352
-1.6429392
-5.2788243
-2.6865067
-2.7301064
-1.0398023
-2.3172917
-3.868537
-0.99411243
-2.9988248
-1.5727937
-6.7837324
-5.407706
-5.6248646
-0.36410666
-0.36410666
-4.057742
-3.2174609
-4.651298
-2.3193672
-3.872148
-4.155232
-4.3915052
-4.0748878
-4.1418815
-4.8008614
-3.4929652
-3.6268156
-1.8011785
-2.1418862
-3.1261942
-4.9157834
-2.9652362
-2.1418862
-4.1345224
-3.0263615
-4.994544
-3.8729527
-3.0263615
-5.5965343
-0.34952593
-4.7189884
-3.2370598
-3.9493108
-2.1418862
-4.349885
-1.9119033
-1.828615
-1.770703
-2.4998631
-3.496896
-3.5056372
-3.577695
-3.5262313
-0.99411243
-4.038541
-3.6199224
-2.7863686
-1.2628454
-3.0263615
-3.7047405
-2.0231686
-5.65363
-1.0398023
-6.0878716
-0.40719667
-3.6451912
-2.7735267
-2.6757917
-4.4397626
-3.012059
-6.7172103
-2.2999048
-6.1589212
-3.6808436
-2.1418862
-2.8357363
-2.2404108
-2.126498
-3.8694613
-3.6580794
-4.3191376
-4.7577767
-3.2252464
-4.5289025
-3.6199224
-2.5989726
-4.9157834
-3.4427855
-2.9047165
-2.2328298
-2.4129214
-4.102729
-5.2951813
-2.9547343
-1.8832291
-3.7360468
-4.2871943
-3.4413824
-4.4115896
NONE
NONE
NONE
