27.010581016540527
29.019083976745605
16.610978603363037
40.33528470993042
14.378444910049438
20.414965629577637
24.046537399291992
20.74272871017456
26.51292610168457
23.028220176696777
13.491737365722656
39.3283805847168
20.737306118011475
26.16561222076416
38.15661811828613
15.355527400970459
26.454833984375
20.444979667663574
10.460237503051758
17.230746746063232
22.350749969482422
19.17670440673828
30.78984832763672
25.08065414428711
24.086538314819336
19.837053298950195
31.056307792663574
23.638989448547363
22.33408546447754
42.450011253356934
19.104366302490234
17.56494140625
16.896560668945312
27.250184059143066
16.489370346069336
15.933350563049316
17.9049072265625
27.282154083251953
24.056068420410156
18.00066614151001
23.753149032592773
22.075356483459473
17.168254852294922
22.65526580810547
35.180888175964355
22.256465276082356
19.372374534606934
30.080242156982422
23.975930213928223
30.706337928771973
21.75419044494629
21.006954193115234
17.10416889190674
21.02617835998535
26.493915557861328
32.729363441467285
12.773046493530273
16.887897491455078
26.07531229654948
35.762444496154785
17.85887098312378
18.248080253601074
34.8189697265625
15.698392391204834
24.107471466064453
32.259657859802246
9.220096588134766
32.18430042266846
14.032225608825684
20.01140546798706
31.269752502441406
39.190096855163574
30.208574295043945
26.682357788085938
22.376099109649658
18.62013816833496
21.27539825439453
18.26225471496582
15.689957618713379
28.55118179321289
18.943178176879883
18.019497394561768
15.043787002563477
16.39564037322998
6.561470985412598
19.48421287536621
22.996832847595215
16.588898181915283
24.768428802490234
25.309441089630127
8.28546142578125
21.43176507949829
28.858234405517578
18.10455322265625
23.235549926757812
16.395041465759277
16.076134204864502
18.338160037994385
17.753780841827393
21.320369720458984
27.809795379638672
29.284000396728516
33.665358543395996
15.979811668395996
17.57914924621582
33.60345935821533
19.860719680786133
17.313203811645508
20.84811019897461
19.609827518463135
17.05160140991211
20.094459056854248
11.376133918762207
28.139962196350098
17.237600803375244
20.92873191833496
17.976459980010986
19.336416244506836
25.813223361968994
39.932963371276855
27.935812950134277
32.273855209350586
25.748798370361328
20.11896324157715
17.317466735839844
14.834711194038391
25.78495979309082
28.0241060256958
24.403833389282227
48.80290126800537
37.40760803222656
22.53799867630005
17.862633228302002
10.515098571777344
36.07781219482422
12.12252426147461
20.442874431610107
17.28081464767456
18.905744075775146
39.4469518661499
10.46214485168457
6.716984748840332
10.483574867248535
20.627986907958984
31.488895416259766
37.06158892313639
16.966456413269043
17.300854206085205
24.932785987854004
24.44505214691162
17.353496551513672
17.473080158233643
16.621374130249023
16.228840827941895
22.146982192993164
15.819783091545105
46.79174041748047
25.70901584625244
24.444870948791504
27.356560230255127
18.098258018493652
21.354206085205078
21.764739513397217
22.880358695983887
22.47864294052124
26.94384765625
17.700149536132812
24.27380084991455
21.533550262451172
30.62580680847168
11.643976211547852
16.533788204193115
19.97405433654785
32.23711395263672
17.145548820495605
31.905155181884766
16.55071783065796
31.21621322631836
31.289812088012695
10.277494430541992
17.62501049041748
49.86587715148926
20.710977792739868
24.82750701904297
31.79701805114746
7.389523983001709
23.95432949066162
18.229209423065186
8.478920936584473
22.207359313964844
21.34567356109619
20.891268730163574
8.109797477722168
38.649003982543945
17.507781982421875
26.37751579284668
16.661436557769775
21.76101303100586
12.403769493103027
27.334970474243164
23.996646881103516
30.176880836486816
26.088275909423828
43.994497299194336
16.619917392730713
26.1295108795166
26.96211814880371
25.90568208694458
21.561370849609375
25.81290912628174
23.043616771697998
20.088974595069885
35.152835845947266
21.31031322479248
38.64881706237793
38.08106327056885
20.704182624816895
36.46993350982666
17.560413360595703
22.08249855041504
16.51358699798584
33.936471939086914
19.0787992477417
43.09626483917236
18.29258680343628
26.543795585632324
29.56378936767578
25.94965362548828
44.636104583740234
16.22250270843506
21.08442211151123
36.46311092376709
23.873940467834473
25.84465789794922
32.362520694732666
30.11077308654785
18.943987369537354
47.49735641479492
16.06920289993286
45.19632339477539
29.542691230773926
15.60780143737793
16.480693817138672
22.354439735412598
24.03447151184082
22.70285701751709
9.69931411743164
9.776914596557617
31.958809852600098
32.69578552246094
16.239579677581787
24.59925365447998
32.099891662597656
24.074105739593506
13.060114860534668
17.761013984680176
18.03566551208496
26.726533889770508
13.859084129333496
35.75461959838867
14.651494979858398
29.44166374206543
37.909165382385254
13.528617858886719
19.562172889709473
30.428887367248535
20.31281852722168
32.88307571411133
24.200817108154297
30.847362518310547
8.234709739685059
18.65996789932251
19.711852073669434
49.35408973693848
43.13103103637695
22.835902214050293
25.6045134862264
16.1642427444458
16.557626247406006
11.387809753417969
15.585583090782166
4.195512771606445
23.56178617477417
16.460144996643066
20.269165992736816
18.74537467956543
27.290017127990723
15.774383068084717
16.963078498840332
16.470067024230957
16.6142578125
6.9448933601379395
35.276583671569824
16.488428115844727
16.468081951141357
10.153746604919434
15.987763404846191
23.559972763061523
22.148927211761475
23.91313076019287
31.06159019470215
32.945838928222656
8.35619831085205
36.04067134857178
23.442748188972473
14.131673812866211
32.34243965148926
15.70594072341919
18.34522819519043
21.85077953338623
31.26837921142578
22.51431703567505
29.69533920288086
6.913057804107666
23.337130546569824
20.029091835021973
16.553016185760498
17.371707439422607
16.37030601501465
21.82392978668213
18.45475959777832
33.92413139343262
10.240888595581055
41.55961990356445
11.812089920043945
18.07197856903076
17.815491676330566
16.829928398132324
18.66221523284912
16.25738525390625
46.35354804992676
21.994120597839355
12.382429122924805
33.64413070678711
31.09342384338379
27.906457901000977
17.664729595184326
26.901938438415527
17.174911975860596
16.600995540618896
16.444307804107666
16.934881687164307
21.618375778198242
30.828120231628418
28.73775577545166
15.663548469543457
19.206623554229736
38.11627388000488
20.17306900024414
17.834803104400635
20.741683959960938
16.403852939605713
22.068132877349854
15.56737995147705
28.578083038330078
27.37383270263672
40.40043354034424
27.181275367736816
25.534810066223145
17.258885383605957
17.69452428817749
16.756982803344727
48.168076515197754
20.326662063598633
35.21025276184082
25.06052017211914
16.410558223724365
33.90633583068848
29.80368137359619
35.70637273788452
16.186789512634277
26.525588989257812
12.449231147766113
16.761215209960938
17.237569332122803
36.73825740814209
30.210601806640625
30.423864364624023
31.89438533782959
15.77794861793518
24.599762439727783
39.13459777832031
38.33350372314453
16.53433322906494
16.6174955368042
16.414258003234863
15.446687698364258
9.33018970489502
28.079936027526855
20.789320945739746
26.360416412353516
22.378962516784668
38.77742004394531
33.50421333312988
17.68380117416382
40.11905860900879
16.13728427886963
18.240713119506836
49.35399055480957
5.794628143310547
23.593942642211914
21.955915927886963
18.79241371154785
22.850359439849854
25.170771598815918
32.92515182495117
21.012879371643066
23.354076385498047
17.03876256942749
23.399264971415203
24.249828338623047
51.775352478027344
20.091747164726257
31.65122699737549
36.82454299926758
19.723767280578613
26.001789093017578
15.942230224609375
22.441972732543945
23.400925636291504
30.97292200724284
9.64185905456543
24.5338191986084
31.98221778869629
17.9139461517334
15.481336832046509
31.128034591674805
16.41235065460205
20.67778968811035
51.64998817443848
17.047632217407227
23.885803699493408
30.5068998336792
30.62101984024048
26.445056915283203
35.046207427978516
21.507131576538086
15.619494438171387
16.091995239257812
43.91963863372803
24.118857383728027
33.14822483062744
20.57811450958252
15.774298667907715
16.722845554351807
28.057371139526367
17.463035106658936
44.40455722808838
28.015151023864746
9.590367317199707
27.366517543792725
22.339951038360596
19.598812103271484
13.348605155944824
22.40518093109131
22.8153715133667
16.30464744567871
33.7822961807251
23.063488006591797
20.105815887451172
34.63516616821289
24.498536109924316
16.25244641304016
40.2750358581543
15.947808265686035
41.0690860748291
22.15829086303711
39.392452239990234
24.790306568145752
20.722517013549805
17.19532871246338
16.52644920349121
19.450252850850422
22.29969882965088
22.574176788330078
22.947646141052246
15.995295524597168
34.60963535308838
32.555376052856445
9.592398643493652
30.385238647460938
16.137290954589844
22.64923159281413
20.40822172164917
19.511505126953125
20.442096710205078
23.61353063583374
18.263772010803223
37.48786926269531
32.180670738220215
6.5836100578308105
18.668625831604004
8.897672653198242
37.42034912109375
17.623716354370117
24.78838539123535
33.68638801574707
39.05188751220703
18.650782585144043
13.725738525390625
21.444437742233276
42.31505489349365
21.731223424275715
29.077383995056152
17.104307651519775
17.49959421157837
33.4345703125
17.851050853729248
6.573251724243164
23.0473575592041
16.837215423583984
19.841005444526672
12.830852508544922
8.931370735168457
27.879840850830078
31.81548023223877
39.65799140930176
18.12606191635132
23.69710063934326
30.44421100616455
16.454744338989258
22.771095275878906
16.346223831176758
20.178640365600586
12.376726150512695
41.954851150512695
26.60972785949707
27.603275299072266
15.72369909286499
25.369221687316895
16.4081711769104
6.731046199798584
23.60834312438965
31.697872161865234
19.60899782180786
31.732325553894043
17.028552532196045
25.525100231170654
15.578609704971313
37.01854991912842
8.967028617858887
18.691476821899414
11.08114242553711
40.61272621154785
10.366567611694336
10.419717788696289
47.60212516784668
22.31663227081299
6.047431468963623
21.27427101135254
46.86252784729004
28.549107551574707
15.41933536529541
32.389567375183105
21.86318016052246
8.551565170288086
20.948071479797363
18.816790103912354
16.185868740081787
20.666205883026123
16.805455684661865
8.445948600769043
16.512092113494873
26.072962760925293
18.11554479598999
22.446309089660645
23.904496669769287
19.966063499450684
27.171454429626465
22.93506622314453
10.719799041748047
12.481827735900879
42.95203685760498
22.906989097595215
26.730817556381226
29.882930755615234
18.797735691070557
29.742863655090332
27.178735733032227
17.889760971069336
37.76893997192383
19.01728630065918
16.879756927490234
9.105818748474121
20.648767471313477
16.572726726531982
34.8756799697876
16.91800832748413
9.647584915161133
21.208022117614746
17.562496185302734
26.321815013885498
33.31969451904297
14.480224132537842
20.470446586608887
19.94489320119222
29.589116096496582
27.871356964111328
27.11396837234497
37.57627296447754
21.74838399887085
16.86595916748047
17.47007465362549
21.1509051322937
44.07520008087158
23.08477473258972
28.348519325256348
14.436765670776367
15.217106580734253
13.087721824645996
30.609610557556152
33.050755182902016
24.22122573852539
40.12618446350098
18.98947811126709
39.44011306762695
17.92596435546875
41.148569107055664
15.674302101135254
26.673527240753174
8.717972755432129
23.224768320719402
25.571227550506592
16.572050094604492
28.23239517211914
14.07436490058899
26.592244625091553
21.351320266723633
15.258610963821411
18.764667987823486
16.177043437957764
20.265038013458252
24.059185028076172
10.52093505859375
21.757537841796875
34.4021053314209
25.00271463394165
22.129263401031494
22.960388660430908
21.007925033569336
41.19850444793701
26.22777557373047
10.812278747558594
22.620527267456055
21.969975471496582
30.75537395477295
28.77630376815796
23.743547439575195
16.21490478515625
34.092034339904785
16.944387435913086
25.771156311035156
23.465591430664062
10.739027976989746
23.289212703704834
25.979564666748047
16.40904474258423
6.6600341796875
23.8516902923584
35.39497756958008
31.78373146057129
35.049522399902344
26.710765838623047
28.95461082458496
16.351152420043945
17.89215612411499
12.456674575805664
20.655296325683594
32.38601303100586
19.295310020446777
21.881986141204834
32.907169342041016
17.876583099365234
32.09142017364502
35.38344478607178
26.888702392578125
39.07008743286133
11.162262916564941
24.888431072235107
16.486356735229492
31.960647583007812
24.191609382629395
25.27742862701416
20.54117488861084
15.70632028579712
37.83517551422119
20.956565856933594
24.045772552490234
9.427627563476562
21.595954418182373
38.97228717803955
21.82236909866333
21.61379051208496
20.740243434906006
21.4411678314209
24.144790649414062
42.0479040145874
26.175891876220703
18.482877254486084
16.088228225708008
15.446462631225586
22.155481338500977
19.06438446044922
16.27230930328369
22.413522720336914
25.536806106567383
21.071784019470215
32.72992515563965
20.397493362426758
26.59337329864502
11.005424499511719
27.511195182800293
40.70264434814453
35.81903076171875
27.289504051208496
26.86223793029785
34.03186798095703
15.793658256530762
26.233574390411377
36.28141689300537
19.26820182800293
27.01014518737793
37.46187782287598
32.005770683288574
15.02437686920166
13.897420883178711
40.741743087768555
21.58396863937378
30.832054138183594
19.60027837753296
36.90564155578613
37.496439933776855
17.116188526153564
17.73015530904134
17.562768936157227
25.801989555358887
10.847229957580566
18.063173294067383
8.168145179748535
38.48847198486328
16.43308401107788
32.48777961730957
18.48188082377116
36.05043315887451
18.579265356063843
17.537947177886963
7.177444934844971
31.95057201385498
12.090007781982422
14.03661823272705
45.03250503540039
27.224507331848145
51.08233642578125
35.76630115509033
24.809371948242188
19.063942591349285
23.26621723175049
15.869612693786621
35.912635803222656
36.334134578704834
16.217877864837646
20.464009284973145
11.633461952209473
6.688955783843994
24.743928909301758
23.387891451517742
29.1376953125
16.331748962402344
17.646233081817627
20.11581325531006
20.923678398132324
5.569582462310791
24.08449363708496
49.1245698928833
16.98907709121704
30.790969848632812
16.86627721786499
14.625500202178955
29.83392333984375
20.69355869293213
15.425926208496094
19.092402458190918
26.848954518636067
31.513490676879883
7.460834980010986
16.219125270843506
37.63551425933838
22.983534812927246
16.9064359664917
11.81240177154541
21.37271785736084
42.628150939941406
9.546489715576172
25.299297332763672
15.787413597106934
18.075241088867188
16.73729944229126
34.57147979736328
43.42041778564453
22.869950771331787
7.583678245544434
18.395471572875977
22.317721366882324
28.91598606109619
11.211775779724121
11.378820419311523
19.849135398864746
20.167785167694092
37.61562728881836
28.041536331176758
30.477624893188477
20.69352149963379
24.259886741638184
20.93225383758545
11.967964172363281
23.4635272026062
26.315802574157715
12.374650001525879
35.767784118652344
18.07149839401245
21.716800689697266
16.776404857635498
17.735819339752197
35.47006034851074
18.200932025909424
14.64484715461731
34.46800231933594
10.119664192199707
10.519560813903809
9.280475616455078
30.81149387359619
27.358298301696777
41.597333908081055
19.257928371429443
24.33415412902832
19.034964084625244
21.65673542022705
23.43198585510254
21.53354501724243
15.165105819702148
17.84164333343506
11.975994110107422
37.27050304412842
22.778284072875977
16.766321182250977
10.515101432800293
29.423446655273438
18.039713859558105
17.338497638702393
7.984492778778076
43.15978813171387
25.83189296722412
30.12911033630371
38.05134582519531
24.83489481608073
17.853978157043457
23.19088363647461
17.805260181427002
19.398334980010986
18.889034748077393
18.12168788909912
18.09535026550293
23.972476959228516
16.155270099639893
17.532516479492188
26.633816401163738
27.136157989501953
14.419507026672363
48.2819299697876
16.875166416168213
20.68369483947754
24.82881259918213
18.19320297241211
32.495720863342285
18.191340446472168
33.6840705871582
28.489676475524902
36.79262733459473
33.96606636047363
36.7238507270813
30.780316670735676
20.04511022567749
20.77396059036255
6.823141098022461
35.75466346740723
22.128729820251465
18.27909564971924
10.990620613098145
15.598430156707764
16.67186212539673
18.38707733154297
9.749651908874512
18.61206817626953
24.497995376586914
15.535421371459961
19.72327947616577
23.698081493377686
17.63798475265503
16.428861618041992
43.64290237426758
22.302968978881836
35.944801330566406
18.99327850341797
21.676257133483887
18.477164268493652
29.604110717773438
21.978708267211914
24.577638626098633
30.00243091583252
17.05085039138794
16.84868288040161
17.952576637268066
20.136390209197998
22.486814498901367
29.494232177734375
39.996384620666504
39.0720100402832
17.697340965270996
16.431354522705078
17.59722328186035
27.20710563659668
18.25339937210083
25.059821128845215
22.793795108795166
31.688024520874023
45.63700294494629
35.208335876464844
24.546707153320312
36.870256423950195
40.02158546447754
29.51152515411377
19.264283657073975
18.691129684448242
14.889123916625977
11.791424751281738
23.157320976257324
28.587615966796875
24.855414390563965
31.51463270187378
9.080633163452148
23.09726905822754
43.1156005859375
21.21339988708496
18.40899896621704
8.246023178100586
17.98978614807129
16.78062391281128
8.981122970581055
27.606977462768555
21.268442153930664
19.891310691833496
22.11627960205078
26.996183395385742
35.44377613067627
22.551959991455078
17.77879524230957
8.665532112121582
16.694105625152588
30.755423069000244
18.133235454559326
7.957594394683838
27.28697109222412
7.650763988494873
25.091182231903076
8.686116218566895
32.97023296356201
22.397747039794922
19.28740692138672
29.486239433288574
18.51579475402832
23.067079544067383
15.536903381347656
11.264652252197266
30.940241813659668
12.751914024353027
8.64184284210205
20.403808116912842
29.73752212524414
22.071144104003906
21.042593479156494
34.55141258239746
38.26954142252604
43.993507385253906
28.925661087036133
25.523192405700684
23.450741291046143
33.4113515218099
18.762788772583008
22.559736251831055
28.242462158203125
30.11616039276123
12.224345207214355
25.469712257385254
24.40674877166748
19.29142999649048
24.586091995239258
21.433947563171387
32.547908782958984
16.36121129989624
35.27882480621338
32.440598487854004
36.00263977050781
22.049291610717773
32.54508113861084
23.73552703857422
39.74946975708008
32.07548427581787
21.35950756072998
30.481271743774414
24.379220008850098
36.00395679473877
36.6738166809082
22.944313049316406
22.58386754989624
16.44776678085327
24.079951286315918
15.353686571121216
8.401815414428711
9.464488983154297
16.864190101623535
17.945685863494873
28.57894515991211
18.493138313293457
21.31009531021118
7.154210090637207
16.99093532562256
15.92445182800293
18.625248908996582
16.084609985351562
9.418769836425781
16.341723442077637
18.29547119140625
36.160715103149414
34.75191020965576
24.516218662261963
27.725544929504395
21.888994216918945
11.810282707214355
40.18659496307373
59.687679290771484
24.897920608520508
21.64647626876831
14.886824607849121
18.949156761169434
26.730525970458984
17.890807628631592
18.33278226852417
17.823675632476807
50.18893623352051
13.863458633422852
28.252938270568848
26.42531394958496
20.727417945861816
23.080324172973633
25.218527793884277
15.856746673583984
10.894072532653809
27.645779609680176
31.617111206054688
35.14066696166992
18.25054121017456
48.20261764526367
40.31267166137695
25.30137062072754
24.13682270050049
36.21721267700195
12.401879847049713
15.999249458312988
27.834115982055664
33.46024703979492
18.376281261444092
46.19352722167969
44.79853343963623
8.607646942138672
28.13031578063965
52.46005439758301
23.75995922088623
42.983253479003906
29.186012268066406
24.458330154418945
21.62427520751953
30.961393356323242
43.11286163330078
19.574060440063477
15.977387428283691
31.535233815511067
20.209679126739502
15.711905479431152
36.00491905212402
19.34400224685669
35.6043643951416
25.883684158325195
36.90681838989258
19.04879379272461
18.285767555236816
26.643850326538086
28.848880767822266
36.58767223358154
27.272019863128662
7.284376621246338
23.431464513142902
24.260048866271973
19.304574966430664
34.985753536224365
28.81482760111491
23.42905569076538
17.606729825337727
18.09769916534424
15.760103702545166
16.80286455154419
8.196784973144531
16.840557098388672
17.45948076248169
17.37932252883911
25.323646545410156
44.7882776260376
20.332609176635742
15.814339637756348
26.02469825744629
9.304340362548828
7.558857440948486
8.871736526489258
21.704965591430664
21.894169807434082
16.068055629730225
29.165245056152344
16.444875717163086
16.90322732925415
17.266761779785156
30.131083965301514
19.84787940979004
28.551175117492676
20.990566730499268
9.275786399841309
27.563018798828125
24.504688262939453
25.387630462646484
26.836904525756836
20.080141067504883
25.500361919403076
14.009292602539062
8.342094421386719
19.657329082489014
14.876524925231934
21.19242286682129
27.994975090026855
17.73027801513672
34.455928802490234
7.38949728012085
25.765172958374023
26.169673919677734
24.65080690383911
20.509952068328857
31.81059455871582
18.95640802383423
22.134750604629517
28.69447422027588
17.50869369506836
32.61776161193848
18.494020462036133
19.314223766326904
33.52986526489258
8.85340690612793
24.917378902435303
16.82691240310669
15.560230731964111
8.769563674926758
31.700610160827637
16.644649505615234
28.239895820617676
31.742252349853516
47.25480651855469
8.557016372680664
17.240906238555908
14.012405633926392
36.66691589355469
37.008056640625
23.014907836914062
25.41402530670166
17.17966938018799
24.031774520874023
15.433480501174927
28.935440063476562
23.778619289398193
19.311320304870605
22.200600624084473
31.145358085632324
22.61768913269043
40.37010192871094
27.53370952606201
16.788702487945557
22.403356552124023
10.160658836364746
17.044801712036133
31.82674503326416
25.221332550048828
20.369643211364746
30.169424533843994
46.5492000579834
34.08380699157715
28.7100191116333
39.11017322540283
22.316287994384766
14.352028846740723
30.4384822845459
16.87832021713257
22.540959358215332
18.485941410064697
24.58642292022705
32.362037658691406
29.330480575561523
19.31277370452881
18.18690299987793
19.419023036956787
18.730397701263428
33.8077507019043
8.930964469909668
9.413248062133789
27.479145050048828
19.605427742004395
31.165842056274414
37.38643836975098
20.222148895263672
27.307711601257324
31.99431800842285
23.584558486938477
30.953123092651367
17.350000858306885
25.196664333343506
7.347254276275635
17.89601230621338
36.05215835571289
15.733836650848389
17.549158573150635
18.57415199279785
23.061105728149414
16.165321350097656
11.214493751525879
18.528815746307373
32.27333927154541
22.234783172607422
22.029896418253582
23.630308151245117
20.131770610809326
26.87569236755371
15.685016632080078
14.804662704467773
21.97099256515503
23.99570941925049
42.96964645385742
23.123787879943848
26.74118423461914
11.861954689025879
21.09501552581787
15.947178363800049
21.791832447052002
19.52134656906128
41.908613204956055
24.52835464477539
18.358702898025513
20.870888233184814
27.738550186157227
25.267457962036133
19.519290447235107
11.175837516784668
34.43452072143555
34.8022403717041
36.82159423828125
22.50632953643799
21.215805530548096
13.491113185882568
25.180048942565918
18.137400150299072
28.212688446044922
15.609459400177002
40.591163635253906
19.896612803141277
10.017909049987793
21.477456092834473
20.532784461975098
42.203216552734375
14.228507041931152
18.08946990966797
16.412341117858887
27.496112823486328
42.86858558654785
18.32343578338623
19.023630142211914
29.10272789001465
30.69292640686035
17.81637954711914
6.816169738769531
22.904388904571533
32.69136714935303
16.47519874572754
10.600640296936035
17.550039291381836
15.632081031799316
32.19736862182617
17.614795684814453
17.14395809173584
13.122267723083496
26.937142372131348
16.86859655380249
21.23399019241333
13.490897178649902
23.760205268859863
20.7315575281779
20.074021816253662
7.467813968658447
26.5809965133667
29.181636810302734
27.621949195861816
31.180291175842285
42.236656188964844
33.48403549194336
16.54700994491577
17.608829498291016
27.05298137664795
22.79205544789632
40.52068583170573
10.15876579284668
17.094239950180054
16.452693462371826
22.25652837753296
19.04519271850586
18.296306610107422
15.542078495025635
20.874332427978516
18.652607917785645
24.3377742767334
16.001189708709717
20.20689344406128
41.357421875
16.664631843566895
18.53673267364502
21.655781269073486
16.923601150512695
23.952942848205566
11.578598022460938
15.654285907745361
9.388379096984863
21.550926208496094
32.69239902496338
15.35876727104187
37.912400245666504
16.496962547302246
13.131021499633789
20.267442226409912
17.00777244567871
22.34057331085205
21.621893882751465
17.371955394744873
17.056658267974854
10.404025077819824
23.699131965637207
16.441071033477783
17.398712635040283
23.592288970947266
21.51326560974121
16.934212684631348
29.695451736450195
34.57460021972656
20.528764724731445
18.075547218322754
14.655827522277832
27.205589294433594
25.563222885131836
20.185590744018555
13.758271217346191
23.458584785461426
20.445505142211914
16.86937141418457
18.57082509994507
16.322216510772705
13.975227355957031
30.335688591003418
17.31022834777832
32.87608973185221
23.316083908081055
15.863271236419678
7.980203628540039
10.307361602783203
23.338807582855225
12.921623229980469
19.63589859008789
10.08650016784668
40.223877906799316
18.15122365951538
18.879739999771118
5.657150745391846
7.961806297302246
21.0517897605896
19.99436616897583
23.905811309814453
16.84251880645752
15.730305671691895
48.80264409383138
22.403823852539062
17.116604804992676
17.2897629737854
22.676043033599854
17.029648780822754
15.62341833114624
32.47844123840332
34.947593688964844
25.57585334777832
35.573147773742676
17.187968254089355
52.202003479003906
27.65732479095459
24.842078685760498
17.654926300048828
24.02583599090576
26.289381980895996
18.53399085998535
15.992992401123047
41.726871490478516
17.74421501159668
23.020906448364258
24.126301765441895
16.9886736869812
17.4075984954834
26.912340482076008
31.185638427734375
15.702218055725098
28.373310089111328
10.964963912963867
18.152976989746094
20.42125368118286
19.53517723083496
17.113981246948242
19.219910621643066
10.612151145935059
17.930374145507812
27.901114463806152
43.86277770996094
17.009329795837402
19.25462579727173
16.583913803100586
17.793710708618164
16.74744415283203
19.33058452606201
15.100076675415039
19.70602035522461
9.827345848083496
16.606852054595947
23.37185287475586
8.594738006591797
20.825827598571777
24.513917922973633
23.963894844055176
41.63428974151611
20.361526489257812
9.018949508666992
19.24402379989624
49.68390941619873
18.10128688812256
27.67244577407837
16.81814217567444
16.812427520751953
30.713528633117676
16.772844314575195
23.1394362449646
35.68622589111328
21.032712936401367
21.30903720855713
52.70572280883789
19.957962036132812
11.346078872680664
17.818861484527588
24.668806076049805
22.7456111907959
19.673087120056152
15.197363376617432
26.35666847229004
