10.185698509216309
13.745420455932617
4.212523937225342
15.53162670135498
17.221454620361328
12.794672966003418
17.07333755493164
6.677131652832031
15.349272727966309
14.105669975280762
11.231276512145996
10.831692695617676
3.3573215007781982
15.338497161865234
7.666408538818359
11.989439010620117
0.26441851258277893
0.0
11.2805757522583
0.0
1.7726925611495972
12.830048561096191
2.8003287315368652
14.592229843139648
14.324296951293945
3.684159994125366
12.070727348327637
8.442680358886719
4.7475905418396
6.212728977203369
9.26950454711914
12.448296546936035
1.5973528623580933
0.0
13.772701263427734
8.037968635559082
12.406712532043457
14.013443946838379
8.811873435974121
0.0
11.489784240722656
3.7611422538757324
0.0
0.0
11.307201385498047
12.586036682128906
12.615150451660156
9.376504898071289
6.393329620361328
6.443587303161621
12.504977226257324
4.642056465148926
0.0
9.046430587768555
14.741637229919434
13.764236450195312
1.7111420631408691
11.399263381958008
7.508635997772217
7.172463417053223
9.299885749816895
0.0
0.9989413022994995
11.538104057312012
6.2553253173828125
3.0411155223846436
1.1443202495574951
8.057296752929688
9.366609573364258
11.805505752563477
0.4525042474269867
14.157479286193848
11.139830589294434
0.8746239542961121
8.462262153625488
7.157560348510742
11.531543731689453
12.61563491821289
16.508991241455078
12.875650405883789
12.057514190673828
0.0
7.173965930938721
0.0
5.538369655609131
7.966533660888672
7.221103191375732
0.0
15.359289169311523
5.969102382659912
9.420989036560059
14.907357215881348
1.5973528623580933
9.389581680297852
10.664101600646973
11.631948471069336
9.825189590454102
8.974940299987793
14.681495666503906
7.654047966003418
15.518624305725098
11.374872207641602
11.414859771728516
0.0
6.522231578826904
14.497790336608887
12.745884895324707
12.381121635437012
0.0
13.299162864685059
2.5823264122009277
10.406353950500488
10.909666061401367
4.193789958953857
12.186134338378906
0.0
15.530875205993652
8.75487995147705
5.032547950744629
4.014355659484863
3.1655044555664062
0.0
2.8966500759124756
8.573772430419922
8.793645858764648
16.235580444335938
6.4906415939331055
2.1540372371673584
13.324335098266602
0.8179659843444824
0.0
20.77826690673828
8.453357696533203
25.069446563720703
3.2172698974609375
8.044275283813477
0.0
0.0
14.48792839050293
4.236551761627197
14.208463668823242
14.925430297851562
0.7912302613258362
8.135456085205078
14.730079650878906
10.335987091064453
0.0
0.0
3.7801952362060547
8.928338050842285
0.0
4.8129167556762695
14.898075103759766
0.0
13.34735107421875
17.31911277770996
6.1874237060546875
19.700241088867188
13.954975128173828
2.043792247772217
0.0
1.0424184799194336
0.0
13.344356536865234
14.9945650100708
14.12690258026123
8.02673053741455
11.485645294189453
7.940370082855225
12.400251388549805
2.506854772567749
0.0
5.035167694091797
10.645984649658203
15.416128158569336
4.7475905418396
0.0
4.080804347991943
8.44966983795166
0.0
12.793976783752441
0.0
9.418259620666504
2.292393922805786
9.596477508544922
0.0
1.464653730392456
9.638557434082031
0.0
10.764837265014648
11.680731773376465
7.388814926147461
0.0
11.30047607421875
1.8810443878173828
1.847726583480835
11.631948471069336
10.154901504516602
8.037055015563965
5.323768138885498
18.17852783203125
10.864306449890137
7.7633795738220215
4.9906005859375
8.695322036743164
3.4460699558258057
2.012202501296997
4.462776184082031
5.000077724456787
8.886423110961914
11.248612403869629
15.327710151672363
2.9626693725585938
12.526995658874512
13.433303833007812
7.800725936889648
10.596596717834473
8.383771896362305
0.0
1.220339298248291
0.0
6.410109996795654
12.687410354614258
2.258371591567993
16.630859375
5.591455936431885
11.863808631896973
0.6687785983085632
7.099575996398926
9.453256607055664
11.901479721069336
1.3545958995819092
3.9256951808929443
11.432008743286133
5.909400939941406
8.68737506866455
6.732066631317139
6.185937881469727
12.829553604125977
3.0915050506591797
6.90585470199585
9.049116134643555
3.7363548278808594
4.504082679748535
12.923596382141113
16.106216430664062
0.0
12.362289428710938
12.0662260055542
9.693646430969238
10.3895902633667
10.060572624206543
11.240433692932129
13.334097862243652
10.804902076721191
0.0
3.416241407394409
8.06934928894043
5.680920124053955
7.346185207366943
8.340228080749512
11.062166213989258
9.2709379196167
9.41180419921875
11.743305206298828
14.418662071228027
10.589662551879883
12.749918937683105
1.1648921966552734
10.74919605255127
2.350191116333008
10.565424919128418
8.183820724487305
8.440445899963379
14.105669975280762
13.201476097106934
10.41796588897705
0.0
12.113214492797852
0.0
10.239148139953613
10.541485786437988
4.0079498291015625
2.132007122039795
1.5116971731185913
6.444401741027832
6.69085693359375
0.0
0.0
11.631948471069336
8.868999481201172
11.600865364074707
5.960605144500732
13.570647239685059
11.603242874145508
7.216171741485596
10.78724193572998
9.086803436279297
7.8660736083984375
10.241250038146973
0.9498065114021301
5.255558490753174
0.0
7.365920543670654
4.7044878005981445
7.631978988647461
4.554816246032715
14.806330680847168
8.322661399841309
14.032232284545898
0.0
9.56742000579834
1.9574432373046875
4.0609588623046875
14.256872177124023
2.5356130599975586
0.0
7.561259746551514
2.870321750640869
11.739409446716309
4.6901679039001465
8.081995964050293
10.395336151123047
14.584656715393066
0.0
13.187079429626465
8.545495986938477
0.0
13.234519004821777
8.646990776062012
4.509434700012207
10.907783508300781
0.0
13.092947959899902
5.3633270263671875
12.956132888793945
14.952584266662598
13.773581504821777
14.777517318725586
0.0
4.499385356903076
12.197163581848145
2.5482048988342285
0.0
7.498300552368164
16.559480667114258
3.0627660751342773
7.884400367736816
10.920628547668457
7.823840141296387
9.371959686279297
0.0
19.946025848388672
0.0
5.418350696563721
5.566525459289551
13.869330406188965
8.704215049743652
3.511483907699585
11.310294151306152
12.160334587097168
7.010354042053223
5.887981414794922
8.70430850982666
10.402809143066406
4.907862186431885
3.209190845489502
14.351170539855957
10.211509704589844
6.843918800354004
4.736462593078613
13.794034957885742
0.0
13.217292785644531
0.0
7.384313106536865
8.360745429992676
9.249232292175293
12.872513771057129
15.706633567810059
4.9575581550598145
8.917104721069336
8.080476760864258
13.238481521606445
5.042754173278809
2.50833797454834
1.6829754114151
5.119194507598877
5.577840328216553
6.671143531799316
12.046245574951172
16.264280319213867
7.85897970199585
11.286993026733398
12.186134338378906
8.919839859008789
16.84794807434082
0.0
2.258371591567993
15.527188301086426
2.461311101913452
14.584580421447754
9.956436157226562
0.0
9.080452919006348
8.883131980895996
12.839470863342285
1.5218676328659058
11.837635040283203
18.45430564880371
1.6781654357910156
5.198432922363281
2.406909465789795
0.0
9.229893684387207
13.474260330200195
2.0738630294799805
0.0
13.846095085144043
2.5492286682128906
1.1266322135925293
10.850151062011719
14.261307716369629
12.488438606262207
8.614553451538086
10.985635757446289
0.0
11.631948471069336
15.135310173034668
12.92361831665039
0.0
9.267712593078613
0.0
11.274092674255371
8.11972427368164
6.985731601715088
0.0
4.182937145233154
6.299160480499268
1.1760311126708984
15.13247013092041
3.0718908309936523
11.762908935546875
0.0
7.493105411529541
3.25152325630188
5.658771514892578
1.6286784410476685
5.377228736877441
0.8387029767036438
12.381121635437012
10.650199890136719
10.812705993652344
3.706834316253662
12.186134338378906
7.382375717163086
11.631948471069336
6.074559211730957
9.034026145935059
4.503711223602295
12.60544204711914
11.137992858886719
16.508991241455078
5.567835330963135
12.057514190673828
10.633238792419434
4.615750312805176
5.712399482727051
4.355393409729004
0.0
15.85397720336914
4.917492866516113
14.94540786743164
12.785856246948242
0.0
12.505505561828613
6.303777694702148
10.621967315673828
3.4115633964538574
0.0
15.165534973144531
14.007467269897461
12.586036682128906
10.268117904663086
3.003714084625244
8.053642272949219
9.621243476867676
12.081645965576172
13.819249153137207
14.750662803649902
0.0
7.440811634063721
9.501791000366211
19.232845306396484
9.420565605163574
9.455413818359375
2.6747732162475586
5.187943458557129
5.149363994598389
4.975708484649658
3.59458589553833
5.827828884124756
5.604532241821289
0.35045385360717773
9.294632911682129
13.130690574645996
5.141494274139404
0.0
0.0
13.259454727172852
0.0
14.151712417602539
7.602117538452148
1.7828959226608276
6.765726089477539
9.58165168762207
3.7360684871673584
0.0
12.19898509979248
15.095288276672363
0.0
4.7562642097473145
14.249332427978516
4.008852481842041
0.0
9.73958969116211
20.344860076904297
0.0
0.0
3.9185078144073486
0.0
0.0
7.2223687171936035
4.663244724273682
12.225143432617188
10.745223045349121
0.0
6.129901885986328
14.987003326416016
8.935778617858887
2.6985042095184326
13.016551971435547
14.248710632324219
0.0
7.403872489929199
17.221647262573242
6.350677967071533
21.415390014648438
0.0
0.0
2.871994733810425
5.01383638381958
6.396114349365234
2.5244412422180176
0.0
0.0
13.13005256652832
3.2942628860473633
0.0
0.0
2.472642660140991
6.075307846069336
5.546580791473389
12.785663604736328
6.6525750160217285
2.24334716796875
11.643472671508789
7.241751670837402
7.83096170425415
8.657788276672363
0.0
10.496021270751953
7.3147053718566895
1.961207628250122
0.0788973867893219
0.048727501183748245
1.7208555936813354
7.457299709320068
11.337316513061523
2.226011276245117
6.677395820617676
14.776799201965332
12.867185592651367
0.0
3.053856134414673
0.0
9.9393310546875
15.015643119812012
12.143153190612793
0.0
11.91008186340332
12.95550537109375
1.889541745185852
15.167604446411133
9.212601661682129
16.621347427368164
0.0
12.587875366210938
15.307198524475098
4.087441444396973
10.31851863861084
9.226040840148926
0.0
13.826315879821777
5.639490127563477
12.525931358337402
3.7974650859832764
5.190342903137207
13.712367057800293
9.161859512329102
3.8051366806030273
17.62142562866211
0.0
0.46256452798843384
11.096287727355957
0.0
4.496798515319824
10.990059852600098
0.0
10.178180694580078
4.702319145202637
9.687603950500488
11.536552429199219
13.60766315460205
5.918580532073975
12.994183540344238
14.768824577331543
12.806648254394531
2.2805063724517822
1.4550007581710815
0.0
12.373994827270508
0.0
0.0
10.568056106567383
12.49606704711914
0.0
7.9921135902404785
4.988333225250244
9.210967063903809
10.1707181930542
6.983354091644287
10.693930625915527
3.032750368118286
11.914441108703613
9.41738510131836
6.222890853881836
5.148472785949707
9.823979377746582
8.225151062011719
7.553852081298828
9.599790573120117
10.749251365661621
0.8395835161209106
7.30650520324707
9.606901168823242
9.851177215576172
0.0
2.6291277408599854
9.819499015808105
19.346479415893555
4.488807678222656
4.141881465911865
13.977737426757812
7.827890872955322
0.0
4.960320949554443
0.0
10.849358558654785
10.843140602111816
0.0
6.984928131103516
6.5225067138671875
5.228030204772949
4.225225925445557
7.36192512512207
6.116528511047363
10.332839012145996
11.357107162475586
4.385205268859863
11.937956809997559
12.793670654296875
8.852136611938477
12.057514190673828
15.06572437286377
6.118366718292236
10.281051635742188
0.0
10.910133361816406
11.778615951538086
5.909202575683594
9.802637100219727
0.0
6.727168560028076
7.444168567657471
6.230758190155029
13.478894233703613
5.58664608001709
2.912302017211914
13.736708641052246
12.571249008178711
0.7051453590393066
7.792415618896484
13.379314422607422
7.230337619781494
11.35880184173584
6.783964157104492
4.559240818023682
12.229485511779785
11.01574993133545
11.565247535705566
14.918023109436035
3.8126325607299805
14.641474723815918
11.773541450500488
7.112938404083252
13.370135307312012
12.595524787902832
1.3830927610397339
10.423810958862305
20.031824111938477
9.497151374816895
4.338993072509766
14.602560043334961
4.190895080566406
0.0
6.082330226898193
7.653695583343506
10.578094482421875
11.443940162658691
4.786984443664551
0.6013283729553223
0.0
14.310453414916992
7.965906143188477
7.708531856536865
0.0
7.22969913482666
19.158536911010742
1.812042236328125
15.217255592346191
9.157423973083496
0.0
7.802552700042725
5.592209815979004
0.0
6.770024299621582
13.10091781616211
8.760790824890137
0.018403518944978714
1.4424638748168945
3.586099624633789
8.431398391723633
15.57052230834961
15.492240905761719
13.901249885559082
11.185751914978027
9.005595207214355
12.691967010498047
13.426968574523926
0.0
12.707795143127441
12.848937034606934
7.809927463531494
11.464545249938965
11.510828971862793
21.13557243347168
0.0
7.571881294250488
1.378965139389038
10.610872268676758
9.143973350524902
8.952156066894531
0.9636971950531006
0.0
7.747837543487549
0.0
13.182816505432129
11.203384399414062
7.570329666137695
7.324666976928711
0.0
15.602266311645508
14.958781242370605
8.403793334960938
0.0
3.7880871295928955
4.7974958419799805
0.0
11.925580024719238
11.153523445129395
6.939260482788086
3.1172611713409424
2.9743916988372803
0.0
13.861218452453613
8.522326469421387
10.852457046508789
2.0217015743255615
7.776939868927002
4.31199312210083
8.859648704528809
8.71397876739502
1.373593807220459
8.658140182495117
0.0
14.884551048278809
5.704991817474365
13.675620079040527
10.952262878417969
3.5240979194641113
4.73797082901001
14.522077560424805
5.3340020179748535
0.0
16.583662033081055
12.641555786132812
0.39991331100463867
5.78481388092041
0.0
7.38331413269043
2.1195197105407715
0.0
10.558732986450195
0.0
15.022610664367676
5.535045623779297
0.0
12.848937034606934
0.0
14.726480484008789
2.076669931411743
9.682914733886719
9.186933517456055
19.14208221435547
11.352737426757812
5.246059894561768
14.38309383392334
9.082334518432617
10.052085876464844
11.364404678344727
12.848937034606934
7.2080159187316895
0.0
8.238436698913574
0.0
8.138053894042969
9.213207244873047
0.0
5.464920520782471
10.41110897064209
0.0
9.266502380371094
2.524386167526245
13.762651443481445
0.0
9.300766944885254
12.472633361816406
6.404655933380127
11.913835525512695
20.666519165039062
14.285984992980957
16.789480209350586
9.498879432678223
5.164432525634766
8.57818603515625
8.665008544921875
13.002928733825684
4.619514465332031
0.0
4.601099967956543
2.3434219360351562
15.678301811218262
6.453680515289307
0.0
15.725631713867188
0.0
7.615699768066406
16.436126708984375
8.468854904174805
11.637958526611328
14.236300468444824
3.078483819961548
3.056767463684082
7.7837090492248535
16.729129791259766
0.0
12.98412036895752
0.0
11.6146240234375
0.0
11.966668128967285
8.828989028930664
12.015495300292969
0.5709273815155029
0.0
0.0
0.0
11.871415138244629
8.450165748596191
10.997236251831055
2.516890525817871
13.492517471313477
16.515684127807617
0.0
4.7475905418396
11.332473754882812
0.0
12.057514190673828
0.0
0.0
5.886363506317139
15.216958999633789
6.1153178215026855
11.240433692932129
5.483170032501221
10.700886726379395
7.594489574432373
0.0
18.137725830078125
11.26544189453125
10.69300651550293
0.0
8.342209815979004
5.8894453048706055
15.376899719238281
3.15921950340271
8.181717872619629
3.496987819671631
5.804340362548828
14.781652450561523
15.381622314453125
0.0
0.0
14.516579627990723
5.956840515136719
14.76236343383789
7.939544677734375
12.976473808288574
1.2808717489242554
1.16536545753479
5.460760116577148
9.236255645751953
0.4417945444583893
0.0
13.871960639953613
18.346460342407227
8.760196685791016
4.058152198791504
10.193887710571289
13.827603340148926
10.857503890991211
12.659599304199219
13.14190673828125
1.9128652811050415
11.489530563354492
4.78192138671875
16.342796325683594
2.727419137954712
9.732016563415527
11.297575950622559
9.850517272949219
1.5476126670837402
2.504584789276123
6.540492057800293
1.2709544897079468
2.6928024291992188
14.938902854919434
3.051352024078369
11.066448211669922
12.803335189819336
0.0
0.37510380148887634
9.08633041381836
7.298811435699463
1.0064810514450073
7.84191370010376
8.18870735168457
12.522692680358887
10.06104564666748
6.453669548034668
7.056725978851318
0.0
14.5504150390625
8.102215766906738
6.92216682434082
2.1204442977905273
6.839560031890869
14.46497917175293
10.115530014038086
13.79642105102539
12.829553604125977
8.522128105163574
5.7914838790893555
13.622654914855957
13.978364944458008
4.503787994384766
7.60032320022583
0.0
15.578386306762695
5.98721981048584
3.227583169937134
4.306830883026123
8.604085922241211
14.50944709777832
2.2180092334747314
13.89493465423584
4.809999942779541
6.608382225036621
6.989793300628662
9.203377723693848
8.12939167022705
11.556188583374023
9.86095142364502
3.267329216003418
13.446687698364258
14.836990356445312
0.0
0.0
0.0
12.829322814941406
10.40641975402832
10.816393852233887
0.0
3.5227110385894775
12.549076080322266
12.086335182189941
10.597719192504883
7.455913066864014
12.848937034606934
0.0
0.0
0.0
11.277207374572754
9.130083084106445
4.141077995300293
11.103464126586914
18.947765350341797
8.669785499572754
8.709234237670898
1.8965420722961426
13.699009895324707
3.993304967880249
8.465927124023438
8.816838264465332
0.0
0.0
11.585725784301758
1.847473382949829
11.58406925201416
2.9348440170288086
11.324724197387695
8.932827949523926
12.097209930419922
10.678356170654297
0.0
0.0
14.009360313415527
8.984010696411133
2.635357618331909
14.472882270812988
5.004348278045654
3.157557487487793
2.9493730068206787
9.36098575592041
8.884001731872559
7.093863487243652
8.727206230163574
8.638569831848145
13.636832237243652
12.856310844421387
3.0667614936828613
5.811131477355957
3.5113518238067627
10.46461296081543
3.9334771633148193
10.37192440032959
2.7868454456329346
7.8117218017578125
8.058077812194824
7.437267303466797
11.627601623535156
7.229996681213379
0.0
13.772701263427734
3.742232322692871
8.792930603027344
4.305763244628906
3.64650559425354
11.239498138427734
3.7543070316314697
0.0
5.722801208496094
15.535014152526855
12.538949966430664
9.610676765441895
10.074363708496094
11.717010498046875
10.209165573120117
0.0
17.792835235595703
10.00212574005127
11.687626838684082
12.982109069824219
3.6967408657073975
2.602336883544922
0.0
0.0
12.014969825744629
4.94678258895874
10.632434844970703
11.143155097961426
0.0
11.499711990356445
8.996723175048828
3.6973023414611816
15.159679412841797
5.796976566314697
10.591005325317383
12.848937034606934
4.5046796798706055
4.762031555175781
5.020330429077148
0.0
8.765358924865723
11.157134056091309
11.316436767578125
15.271655082702637
12.059103965759277
1.6530917882919312
13.031794548034668
13.96689510345459
0.0
4.920519828796387
5.992998123168945
8.971759796142578
1.244549036026001
9.927014350891113
11.657842636108398
12.163614273071289
3.9998157024383545
0.0
13.214563369750977
9.586373329162598
10.704882621765137
14.88372802734375
14.596447944641113
7.608094215393066
4.2536234855651855
10.6854887008667
2.461162567138672
3.897000312805176
15.402215957641602
7.834604740142822
0.0
8.894051551818848
7.071926593780518
0.0
12.798701286315918
11.735149383544922
10.361654281616211
12.335872650146484
3.1227095127105713
3.533552885055542
14.487356185913086
15.022610664367676
1.0064810514450073
4.60699987411499
7.45594596862793
9.234692573547363
10.966097831726074
9.877230644226074
0.0
19.57254981994629
9.855151176452637
5.786927223205566
2.069075107574463
10.093780517578125
14.773150444030762
11.494758605957031
4.461125373840332
13.961732864379883
1.8781055212020874
2.7724814414978027
2.4884815216064453
14.350089073181152
9.789307594299316
9.156224250793457
11.299221992492676
16.749195098876953
0.0
1.761190414428711
0.0
9.490470886230469
3.0732226371765137
0.0
11.157461166381836
4.530677795410156
4.103412628173828
2.8003287315368652
11.78826904296875
12.43917179107666
6.363908290863037
9.535235404968262
13.726912498474121
0.0
9.07917594909668
0.0
12.314067840576172
10.59549617767334
13.433226585388184
0.0
13.568135261535645
6.651210308074951
0.4133637547492981
3.7189419269561768
2.253385543823242
2.700397253036499
7.664218425750732
16.024171829223633
12.057514190673828
17.161956787109375
0.0
8.263389587402344
6.205178260803223
10.534154891967773
10.81875991821289
0.0
7.131572723388672
0.0
10.378539085388184
16.56791114807129
14.4771146774292
6.594205379486084
9.54121208190918
0.5739707946777344
9.743419647216797
0.0
0.0
0.662306547164917
6.673785209655762
3.6145083904266357
17.921968460083008
0.14172470569610596
8.701056480407715
0.0
12.385348320007324
3.7272520065307617
11.086909294128418
13.364582061767578
7.1798930168151855
8.203588485717773
0.0
10.297473907470703
6.6361308097839355
11.005205154418945
9.635123252868652
1.4474170207977295
10.054969787597656
6.559335708618164
11.272189140319824
0.4430052936077118
15.338497161865234
4.9855265617370605
12.400813102722168
20.662628173828125
4.7475905418396
6.531884670257568
12.838920593261719
0.9854358434677124
11.62214183807373
13.974809646606445
6.067844867706299
15.456623077392578
0.0
3.094498872756958
19.278919219970703
11.104267120361328
5.920352935791016
5.970114707946777
12.352757453918457
4.680008411407471
0.0
0.0
10.520825386047363
7.141743183135986
0.0
9.896459579467773
7.329124450683594
7.680156230926514
14.712766647338867
10.403436660766602
6.39866828918457
13.013588905334473
9.028532981872559
3.7544829845428467
0.9752984642982483
10.422776222229004
11.287290573120117
0.6183890700340271
0.0
0.1142129898071289
15.389128684997559
12.31340217590332
17.02191734313965
9.598811149597168
5.019659042358398
13.358929634094238
9.424979209899902
2.9468250274658203
2.115326166152954
3.313260793685913
8.458717346191406
2.830146551132202
7.09187126159668
11.183428764343262
3.851618766784668
11.24742317199707
9.862646102905273
13.157746315002441
14.584656715393066
7.431962013244629
8.866093635559082
7.271734714508057
14.836990356445312
13.909307479858398
0.0
8.294792175292969
10.782062530517578
0.0
13.739668846130371
12.133997917175293
14.007615089416504
2.6326940059661865
0.0
10.293664932250977
13.916095733642578
11.591988563537598
9.02241325378418
1.9632328748703003
4.281856060028076
7.499048709869385
15.391043663024902
16.66756820678711
0.0
2.808044672012329
10.203507423400879
0.0
10.07616901397705
12.629316329956055
8.343915939331055
2.298111915588379
0.0
2.0567142963409424
6.23582124710083
15.78193187713623
12.711719512939453
0.0
11.254830360412598
6.055594444274902
11.849026679992676
5.813751220703125
10.707711219787598
2.9831862449645996
0.0
15.227646827697754
12.32741928100586
14.027521133422852
11.806694030761719
0.0
3.427138090133667
10.983379364013672
0.0
5.860827445983887
13.148115158081055
0.0
12.313374519348145
12.201423645019531
10.206677436828613
16.548175811767578
3.9263997077941895
5.356733798980713
0.0
13.663033485412598
0.0
8.584625244140625
0.0
0.0
0.0
12.513667106628418
4.374099254608154
2.403805732727051
9.757926940917969
6.692166805267334
15.648385047912598
0.0
18.433876037597656
2.785304307937622
13.295540809631348
0.0
3.214815378189087
17.50013542175293
0.0
14.4771146774292
7.4002180099487305
18.16502571105957
15.190454483032227
8.952695846557617
2.5034399032592773
11.770096778869629
10.449610710144043
12.158143997192383
0.0
3.37854266166687
0.0
8.361141204833984
0.0
10.505823135375977
7.8084306716918945
2.743324041366577
15.179689407348633
0.0
5.804593086242676
13.782122611999512
6.451908588409424
16.26993751525879
4.728240489959717
0.0
6.027845859527588
12.085906028747559
8.744104385375977
0.0
14.681869506835938
10.58358097076416
7.0257415771484375
2.770059823989868
5.150145530700684
0.0
2.543229818344116
2.8930068016052246
15.926743507385254
0.2188444882631302
0.0
12.245429039001465
10.88969898223877
9.946727752685547
11.786474227905273
1.5341622829437256
5.194459438323975
12.424566268920898
7.918967247009277
14.153583526611328
11.401068687438965
15.314017295837402
6.410709857940674
15.312278747558594
10.8171968460083
10.724056243896484
0.0
6.242282390594482
2.3187553882598877
8.378015518188477
0.0
10.083301544189453
10.558116912841797
17.65481948852539
17.82607650756836
5.293939590454102
2.4993014335632324
9.171292304992676
0.0
7.58884334564209
14.909112930297852
8.46143627166748
12.991517066955566
14.565659523010254
