-1.6189569
-2.0009315
-3.497618
-2.0009315
-5.0596094
-1.6189569
-2.1462324
-4.787219
-2.9846766
-5.630717
-3.9682677
-3.7482193
-2.1462324
-5.2088337
-5.50172
-5.2088337
-5.50172
-5.50172
-5.630717
-2.1462324
-5.0596094
-2.9547913
-5.630717
-4.9487543
-4.5773764
-2.6656568
-1.6189569
-4.0442634
-2.1462324
-4.4676676
-2.3499491
-2.1462324
-4.9487543
-5.50172
-5.50172
-5.50172
-2.0287743
-2.0009315
-2.9538004
-3.497618
-1.6189569
-4.7245216
-3.497618
-4.62111
-4.669745
-1.6189569
-2.1462324
-2.0009315
-5.630717
-5.630717
-4.787219
-3.8522584
-3.497618
-1.6189569
-4.669745
-2.0009315
-4.9487543
-5.50172
-2.6656568
-4.9487543
-5.3656597
-3.497618
-2.1462324
-3.497618
-2.9488792
-2.0009315
-2.9538004
-2.0009315
-2.343508
-2.996527
-5.2088337
-4.4676676
-5.3656597
-1.6189569
-5.2088337
-5.630717
-3.9091623
-2.1462324
-3.497618
-2.7147827
-4.787219
-3.497618
-5.630717
-3.497618
-2.1462324
-2.6656568
-5.630717
-3.497618
-2.0287743
-2.646433
-3.497618
-5.50172
-5.630717
-2.6656568
-5.3656597
-3.497618
-3.9682677
-4.5773764
-1.7983218
-4.8605194
-5.630717
-2.1462324
-4.8605194
-3.497618
-4.669745
-4.4676676
-2.0009315
-3.0031297
-4.4074154
-0.69700265
-5.630717
-5.630717
-5.0596094
-2.960785
-2.1462324
-2.1462324
-3.497618
-5.50172
-3.1927414
-5.50172
-2.1462324
-4.6707335
-2.0009315
-4.9487543
-4.787219
-2.9689074
-5.50172
-3.1927414
-2.0287743
-4.4676676
-4.4676676
-4.9487543
-3.9682677
-4.9487543
-5.0596094
-5.630717
-2.0287743
-3.497618
-4.4676676
-5.630717
-4.9487543
-5.630717
-5.630717
-2.1462324
-2.1462324
-4.4676676
-3.497618
-3.497618
-2.0009315
-3.7482193
-3.497618
-4.098564
-5.2088337
-3.497618
-4.1576653
-5.630717
-2.1462324
-3.0031297
-2.0287743
-2.7147827
-3.497618
-4.669745
-2.8724964
-2.1462324
-1.6189569
-1.6189569
-5.630717
-5.630717
-3.6292984
-4.9487543
-2.9547913
-3.497618
-4.4676676
-4.4676676
-3.497618
-2.0009315
-3.497618
-1.6189569
-1.6189569
-3.497618
-3.497618
-3.9091623
-3.9682677
-5.2088337
-5.630717
-5.50172
-2.0287743
-5.630717
-3.497618
-1.6189569
-2.9538004
-2.0009315
-5.630717
-2.0009315
-5.630717
-5.630717
-3.497618
-5.630717
-5.50172
-4.62111
-4.1099396
-1.6189569
-5.50172
-4.4676676
-3.497618
-4.8605194
-4.9487543
-4.173788
-1.6189569
-1.6189569
-4.787219
-5.2088337
-4.20795
-5.630717
-5.630717
-5.630717
-4.20795
-4.4676676
-3.497618
-1.6189569
-3.497618
-1.6189569
-4.9487543
-2.9538004
-5.0596094
-4.62111
-5.0596094
-1.6189569
-2.0009315
-3.497618
-1.7983218
-5.3656597
-5.630717
-5.50172
-5.630717
-1.6189569
-1.6189569
-4.20795
-4.173788
-5.2088337
-2.0009315
-3.497618
-2.0287743
-5.630717
-4.4676676
-5.630717
-3.497618
-2.1462324
-2.0009315
-4.20795
-4.787219
-2.0009315
-4.011261
-5.3656597
-4.4676676
-3.497618
-1.6189569
-2.0287743
-1.6189569
-2.9538004
-4.9487543
-4.4676676
-5.2088337
-5.3656597
-2.0287743
-4.354512
-3.8933115
-3.7482193
-2.0009315
-2.1462324
-2.3499491
-1.6189569
-2.0287743
-4.4676676
-4.4676676
-4.4676676
-1.6189569
-5.2088337
-3.497618
-3.497618
-5.630717
-5.630717
-3.5217443
-3.497618
-5.630717
-2.9111989
-5.630717
-3.497618
-3.497618
-3.497618
-5.630717
-5.630717
-5.630717
-5.630717
-5.630717
-4.173788
-3.497618
-4.4676676
-4.4676676
-2.0009315
-5.50172
-2.9372914
-5.630717
-5.630717
-5.630717
-5.3656597
-2.6656568
-3.497618
-1.7983218
-1.6189569
-2.0009315
-5.50172
-4.2260942
-3.497618
-2.996527
-4.2450304
-3.497618
-2.1462324
-3.497618
-2.0287743
-3.497618
-1.6189569
-3.497618
-4.4676676
-3.497618
-1.6189569
-5.630717
-3.497618
-2.1462324
-4.669745
-4.4676676
-2.0009315
-3.497618
-4.20795
-5.630717
-1.6189569
-2.799698
-1.6189569
-3.497618
-3.497618
-3.497618
-4.8605194
-1.6189569
-1.6189569
-2.0009315
-1.7983218
-4.2260942
-5.630717
-5.3656597
-4.787219
-1.7983218
-3.497618
-5.630717
-1.6189569
-1.6189569
-2.6656568
-2.0009315
-4.787219
-5.0596094
-3.497618
-2.0009315
-2.6901846
-2.0009315
-4.4676676
-5.3656597
-4.4676676
-3.497618
-5.0596094
-5.630717
-4.2450304
-3.497618
-5.2088337
-3.497618
-5.630717
-3.497618
-2.0009315
-5.630717
-2.0009315
-4.9487543
-5.630717
-2.215504
-1.7983218
-2.9538004
-2.1462324
-3.497618
-3.497618
-3.497618
-2.1462324
-2.6656568
-1.6189569
-5.630717
-2.9804463
-1.7983218
-5.2088337
-3.497618
-4.4676676
-3.497618
-3.497618
-2.9538004
-5.630717
-2.7274618
-2.1462324
-5.630717
-2.0009315
-1.6189569
-4.4676676
-5.2088337
-4.5773764
-5.50172
-5.630717
-4.4676676
-4.4074154
-4.8605194
-2.0009315
-5.2088337
-1.6189569
-5.50172
-2.7274618
-2.0009315
-1.6189569
-2.9538004
-5.2088337
-4.669745
-3.1927414
-2.0287743
-4.173788
-5.2088337
-3.497618
-4.407955
-4.4676676
-3.497618
-5.3656597
-4.4676676
-5.630717
-2.0009315
-3.0190659
-2.0009315
-5.3656597
-5.0596094
-4.4676676
-4.4676676
-2.0009315
-3.9682677
-3.497618
-3.497618
-3.7482193
-4.9487543
-5.630717
-4.9487543
-3.497618
-3.0031297
-5.630717
-5.50172
-5.3656597
-2.1462324
-5.50172
-3.497618
-2.1462324
-4.4676676
-4.20795
-4.20795
-2.0287743
-3.0031297
-3.7482193
-3.497618
-4.4676676
-1.6189569
-4.20795
-5.3656597
-2.0009315
-2.0009315
-5.630717
-2.0009315
-3.7482193
-2.0009315
-2.0009315
-5.630717
-4.4676676
-2.0009315
-5.630717
-2.0009315
-5.50172
-1.6189569
-2.0287743
-2.5225239
-4.62111
-5.0596094
-4.4676676
-5.3656597
-1.6189569
-1.6189569
-5.3656597
-1.7983218
-4.4676676
-2.0009315
-4.4676676
-3.8522584
-5.2088337
-4.8605194
-3.497618
-4.9487543
-3.5254197
-1.6189569
-1.6189569
-3.497618
-5.630717
-4.0344667
-5.50172
-3.497618
-4.20795
-5.3656597
-5.0596094
-5.630717
-5.630717
-1.6189569
-2.0287743
-4.4676676
-3.497618
-4.4676676
-1.6189569
-3.497618
-3.0190659
-2.0287743
-1.6189569
-3.497618
-5.2088337
-2.0009315
-2.7972376
-3.497618
-2.0009315
-3.9682677
-3.497618
-3.7482193
-2.6656568
-2.0287743
-4.9487543
-3.497618
-5.3656597
-5.50172
-4.669745
-5.630717
-5.630717
-5.630717
-4.62111
-3.497618
-5.2088337
-4.7245216
-5.50172
-3.497618
-1.6189569
-3.7482193
-1.6189569
-4.4676676
-1.6189569
-2.0009315
-3.497618
-5.2088337
-2.0009315
-3.497618
-5.3656597
-3.497618
-4.787219
-5.630717
-2.0009315
-3.497618
-2.0287743
-5.50172
-4.9487543
-2.0009315
-5.630717
-2.9538004
-2.0009315
-4.285574
-1.6189569
-4.8605194
-2.7304764
-2.0287743
-2.0287743
-2.6377413
-4.1905336
-3.6292984
-4.5773764
-5.630717
-3.497618
-1.7983218
-3.497618
-5.3656597
-5.50172
-4.2450304
-2.0009315
-4.2260942
-5.3656597
-2.7274618
-5.630717
-5.630717
-2.0009315
-2.7147827
-3.8933115
-4.9487543
-5.2088337
-5.0596094
-5.630717
-5.2088337
-4.058983
-2.0009315
-3.9091623
-4.3801584
-5.630717
-4.9487543
-4.5012493
-1.6189569
-2.0009315
-5.3656597
-5.50172
-1.6189569
-2.0287743
-1.7983218
-4.4676676
-3.497618
-4.8605194
-3.497618
-2.7147827
-5.630717
-2.0009315
-1.6189569
-5.630717
-2.343508
-5.3656597
-2.7147827
-4.787219
-3.497618
-1.7531074
-4.9487543
-3.497618
-2.9658437
-3.8933115
-4.787219
-2.7147827
-4.669745
-2.0287743
-4.20795
-5.630717
-5.630717
-5.630717
-5.630717
-2.9538004
-4.8605194
-5.3656597
-3.497618
-5.630717
-3.141036
-1.6189569
-3.9682677
-3.497618
-3.6638396
-4.7245216
-5.630717
-3.497618
-4.4676676
-2.94112
-2.0287743
-2.1462324
-4.787219
-2.0009315
-5.50172
-3.497618
-3.497618
-4.62111
-2.0009315
-2.0009315
-2.9547913
-2.0009315
-2.0287743
-2.5225239
-3.141036
-2.9538004
-2.0287743
-2.1462324
-5.50172
-3.497618
-4.8605194
-2.0009315
-2.1462324
-5.2088337
-3.497618
-1.6189569
-4.787219
-2.0009315
-2.967997
-5.630717
-1.6189569
-1.6189569
-4.8605194
-5.630717
-5.50172
-1.6189569
-4.787219
-5.630717
-3.141036
-2.7147827
-3.497618
-2.9547913
-4.20795
-3.497618
-2.5225239
-5.50172
-3.9682677
-2.7688878
-2.7688878
-5.3656597
-3.497618
-1.6189569
-2.9658437
-2.9547913
-5.630717
-4.20795
-5.630717
-1.6189569
-4.5773764
-4.2260942
-2.0287743
-2.0287743
-4.4676676
-2.0009315
-5.3656597
-4.1243567
-2.0287743
-4.787219
-2.0009315
-4.62111
-2.7147827
-2.0009315
-3.497618
-2.7688878
-4.5012493
-5.630717
-2.9538004
-4.2260942
-5.2088337
-4.4676676
-5.630717
-5.630717
-3.497618
-3.0190659
-5.2088337
-3.497618
-2.9538004
-1.6189569
-3.497618
-2.94112
-4.20795
-4.4676676
-2.0009315
-4.9487543
-5.630717
-4.0442634
-3.9682677
-4.4676676
-4.011261
-5.630717
-3.497618
-5.2088337
-3.497618
-3.497618
-1.7983218
-5.50172
-4.4676676
-3.497618
-3.9682677
-2.7688878
-2.7147827
-5.2088337
-5.630717
-3.230726
-3.497618
-2.9547913
-3.497618
-5.630717
-5.630717
-5.3656597
-4.0344667
-3.497618
-5.630717
-1.6189569
-2.5700052
-3.497618
-2.467316
-5.50172
-3.497618
-4.669745
-2.467316
-4.4676676
-3.497618
-1.6189569
-3.497618
-2.1462324
-2.7688878
-5.630717
-2.7274618
-5.630717
-3.497618
-4.9487543
-2.9730263
-4.9487543
-3.497618
-3.497618
-5.0596094
-5.630717
-5.630717
-2.7688878
-2.6435702
-5.3656597
-2.7688878
-5.630717
-1.7531074
-5.2088337
-2.9804463
-4.285574
-2.0009315
-3.497618
-5.630717
-3.497618
-3.497618
-2.0287743
-3.497618
-2.9689074
-4.4676676
-3.8933115
-2.0287743
-5.2088337
-2.0009315
-4.20795
-3.1927414
-5.630717
-4.5773764
-4.173788
-4.1576653
-2.6656568
-5.0596094
-2.1462324
-4.285574
-2.0287743
-4.4676676
-4.8605194
-4.9487543
-1.7531074
-5.630717
-5.630717
-3.497618
-5.630717
-4.62111
-2.9658437
-2.0287743
-2.0009315
-2.0009315
-3.497618
-4.4676676
-4.8605194
-2.0287743
-2.1462324
-4.058983
-5.2088337
-2.0287743
-4.4676676
-2.9538004
-4.4676676
-2.6656568
-2.1462324
-5.630717
-3.497618
-4.20795
-3.1927414
-5.50172
-2.6656568
-3.497618
-1.6189569
-1.6189569
-4.354512
-5.630717
-5.630717
-2.0009315
-5.3656597
-5.630717
-3.497618
-4.8605194
-2.0009315
-3.497618
-5.50172
-3.497618
-2.0009315
-3.497618
-0.69700265
-5.630717
-3.1927414
-4.787219
-3.9682677
-5.630717
-3.497618
-2.1462324
-2.1462324
-3.0441597
-2.9868073
-4.669745
-3.497618
-3.497618
-4.8605194
-1.6189569
-2.8962061
-2.0009315
-3.497618
-3.497618
-4.787219
-4.9487543
-4.4676676
-4.787219
-5.630717
-4.4676676
-2.1462324
-3.497618
-5.3656597
-5.3656597
-5.50172
-4.5012493
-5.3656597
-5.2088337
-3.7482193
-4.4676676
-4.4676676
-4.4676676
-2.5700052
-4.5773764
-4.787219
-4.669745
-5.630717
-5.630717
-4.9487543
-4.787219
-4.8605194
-5.2088337
-3.497618
-4.62111
-3.141036
-5.0596094
-4.5012493
-3.497618
-2.0287743
-4.082466
-3.497618
-2.799698
-4.9487543
-5.630717
-5.630717
-5.0596094
-2.0287743
-4.4676676
-1.6189569
-3.497618
-2.996527
-5.630717
-2.0287743
-4.058983
-1.6189569
-3.497618
-2.0287743
-4.4676676
-2.467316
-4.5012493
-2.1462324
-4.8605194
-1.6189569
-1.6189569
-3.497618
-2.7147827
-5.630717
-5.630717
-3.497618
-2.0009315
-5.630717
-2.9804463
-4.098564
-2.0009315
-2.0009315
-2.799698
-3.0064692
-2.0287743
-5.50172
-4.4676676
-4.011261
-5.630717
-1.6189569
-1.6189569
-4.787219
-2.0287743
-1.6189569
-4.1905336
-2.9538004
-3.9682677
-5.3656597
-3.497618
-5.3656597
-5.3656597
-5.630717
-1.6189569
-4.20795
-4.1905336
-2.9538004
-1.6189569
-5.50172
-5.630717
-5.3656597
-4.354512
-2.5225239
-4.9487543
-5.50172
-5.2088337
-2.1462324
-3.497618
-3.497618
-5.630717
-3.497618
-3.497618
-3.0064692
-2.0009315
-5.50172
-5.50172
-3.497618
-2.6372635
-2.0287743
-3.497618
-5.2088337
-3.497618
-3.497618
-2.7147827
-1.6189569
-5.0596094
-5.2088337
-4.787219
-4.1576653
-2.0009315
-2.0009315
-3.8933115
-5.630717
-3.497618
-2.9658437
-4.170724
-3.497618
-3.497618
-1.7983218
-4.4676676
-5.630717
-5.2088337
-2.9547913
-1.6189569
-2.467316
-5.50172
-3.497618
-3.497618
-1.6189569
-2.1462324
-5.2088337
-2.1462324
-3.7482193
-4.4676676
-4.5773764
-4.058983
-4.20795
-5.50172
-3.497618
-5.630717
-4.6707335
-5.3656597
-2.9538004
-2.5700052
-3.497618
-2.0009315
-2.1462324
-5.630717
-4.5773764
-2.0009315
-4.5773764
-1.7531074
-2.0009315
-2.926831
-2.0009315
-3.497618
-5.50172
-2.0009315
-2.343508
-5.50172
-5.3656597
-5.630717
-4.1905336
-4.4676676
-4.9487543
-3.497618
-5.3656597
-2.0009315
-4.20795
-2.0009315
-3.497618
-5.630717
-5.630717
-5.630717
-5.630717
-2.0287743
-5.630717
-3.497618
-3.497618
-5.630717
-3.497618
-4.2450304
-4.173788
-3.497618
-2.7688878
-2.467316
-2.0009315
-4.4676676
-3.9682677
-5.2088337
-5.2088337
-3.6292984
-3.497618
-4.8605194
-4.5773764
-2.7147827
-5.50172
-5.630717
-2.1462324
-3.497618
-5.630717
-5.630717
-1.6189569
-3.497618
-3.497618
-4.20795
-1.6189569
-2.0009315
-4.285574
-4.4676676
-5.50172
-5.630717
-3.497618
-2.0287743
-4.9487543
-2.9719927
-5.2088337
-4.4676676
-2.9538004
-5.630717
-5.630717
-2.0287743
-4.4676676
-4.787219
-4.20795
-2.1462324
-5.630717
-2.0287743
-5.630717
-5.630717
-5.630717
-2.0287743
-4.285574
-3.497618
-5.630717
-3.497618
-3.497618
-3.497618
-2.799698
-4.011261
-5.50172
-2.467316
-2.94112
-3.497618
-2.7147827
-3.9682677
-2.9804463
-5.2088337
-2.6358333
-4.669745
-3.0031297
-3.8933115
-3.497618
-5.630717
-5.50172
-5.630717
-2.0009315
-2.1462324
-2.0009315
-4.9487543
-2.0009315
-3.497618
-1.6189569
-2.0009315
-3.497618
-5.630717
-5.2088337
-3.0031297
-5.50172
-1.6189569
-5.630717
-5.630717
-2.0009315
-4.4676676
-5.630717
-5.630717
-3.497618
-5.50172
-1.6189569
-1.6189569
-4.20795
-2.0009315
-4.5773764
-5.630717
-5.630717
-4.9487543
-2.9538004
-3.497618
-1.7531074
-4.407955
-4.787219
-5.50172
-5.630717
-1.7983218
-2.0009315
-2.7274618
-2.0009315
-2.0009315
-3.497618
-5.630717
-3.497618
-2.1462324
-5.630717
-3.497618
-3.497618
-4.62111
-5.630717
-1.6189569
-3.497618
-4.5773764
-4.5773764
-2.0009315
-1.6189569
-2.0009315
-1.6189569
-4.4676676
-3.497618
-2.5225239
-3.5254197
-2.0009315
-5.630717
-1.6189569
-5.0596094
-3.497618
-1.6189569
-4.9487543
-5.630717
-2.0287743
-2.0287743
-2.3499491
-5.630717
-5.3656597
-4.011261
-5.2088337
-4.4676676
-4.62111
-5.630717
-2.1462324
-5.2088337
-5.50172
-2.1462324
-5.50172
-2.7147827
-3.497618
-4.4676676
-3.497618
-5.0596094
-4.9487543
-2.0009315
-2.8901799
-5.630717
-4.4676676
-5.50172
-3.497618
-3.497618
-3.1927414
-4.4676676
-3.497618
-1.7983218
-2.1462324
-4.4676676
-5.630717
-5.630717
-2.0009315
-4.4676676
-4.20795
-5.630717
-2.1462324
-5.630717
-1.6189569
-1.6189569
-3.497618
-5.630717
-2.0009315
-5.630717
-5.2088337
-5.630717
-2.9259017
-3.497618
-5.50172
-2.6435702
-2.0009315
-4.9487543
-4.669745
-2.0009315
-4.20795
-5.2088337
-5.630717
-1.6189569
-5.3656597
-3.497618
-4.4676676
-2.343508
-5.630717
-3.497618
-2.1462324
-1.7983218
-3.497618
-3.497618
-3.1927414
-2.1462324
-2.1462324
-1.5535603
-2.9538004
-4.4676676
-3.497618
-1.6189569
-4.1547117
-2.0009315
-5.630717
-5.630717
-3.497618
-4.787219
-5.630717
-4.354512
-3.497618
-2.6656568
-4.354512
-1.0418217
-3.8933115
-4.787219
-3.8933115
-4.011261
-3.497618
-5.50172
-5.50172
-5.50172
-3.497618
-3.497618
-5.630717
-5.2088337
-3.497618
-4.4676676
-3.0064692
-2.5700052
-3.497618
-1.7983218
-2.0287743
-2.1462324
-3.0064692
-5.630717
-5.50172
-2.0287743
-3.497618
-2.9233305
-4.9487543
-5.50172
-2.1462324
-5.630717
-3.7482193
-2.1462324
-3.497618
-5.0596094
-1.6189569
-2.0009315
-3.497618
-5.630717
-3.497618
-2.0009315
-3.497618
-5.630717
-5.630717
-5.0596094
-5.50172
-4.9487543
-1.6189569
-2.1462324
-3.497618
-2.0009315
-1.7983218
-3.497618
-4.62111
-5.630717
-3.497618
-4.9487543
-2.0009315
-5.50172
-4.9487543
-2.0009315
-3.497618
-4.4676676
-4.20795
-4.407955
-3.497618
-1.6189569
-4.8605194
-5.630717
-3.6292984
-3.7482193
-4.9487543
-5.0596094
-2.0009315
-3.497618
-1.6189569
-2.0009315
-2.9547913
-5.3656597
-2.0009315
-3.497618
-4.62111
-4.4074154
-4.9487543
-3.497618
-5.0596094
-3.497618
-2.9547913
-4.9487543
-4.4676676
-3.497618
-4.4676676
-5.3656597
-2.0009315
-4.1099396
-2.0009315
-4.354512
-5.630717
-4.173788
-3.497618
-3.8933115
-2.1462324
-5.2088337
-5.630717
-5.50172
-5.630717
-2.1462324
-2.1462324
-3.497618
-4.2260942
-3.497618
-2.1462324
-4.9487543
-5.630717
-4.4676676
-3.497618
-5.630717
-4.20795
-2.8234763
-1.7531074
-2.1462324
-2.0009315
-3.497618
-3.497618
-3.1927414
-5.630717
-4.8605194
-5.630717
-1.6189569
