5.150792
3.542832
5.512905
2.670942
6.139354
5.315138
5.286911
5.968187
4.676288
2.529841
4.206208
3.603207
1.797673
5.015528
3.569699
4.957035
4.359614
3.60461
5.091503
4.54617
4.138174
5.593042
4.197186
6.021914
3.467395
4.714108
6.276776
4.555141
4.139023
2.318286
0.7359536
4.202307
0.7193732
3.319821
3.498111
5.275565
4.825441
9.239466
5.314822
4.415995
4.453309
6.117574
5.269867
1.782907
10.16642
5.730052
5.090239
3.851872
6.321009
5.57867
3.530547
3.683476
5.336814
5.295212
5.212647
3.472625
3.177355
3.682665
5.974737
7.191186
3.891725
4.938874
4.139023
4.455366
0.9528666
4.908241
2.970476
4.150235
3.815936
4.965261
3.368194
4.601481
5.011079
4.112467
5.917243
3.601289
5.216013
3.935022
5.804013
3.713529
5.216425
7.042348
6.336519
5.266129
2.882913
4.407538
6.987455
5.415995
5.052742
2.387489
3.152754
5.797643
3.508206
5.057083
0.2787536
5.512905
4.436532
3.018765
5.749864
3.242331
5.368304
5.903054
6.342225
5.001022
3.171262
5.147136
6.730547
4.031432
4.319887
3.602391
2.007197
2.166815
5.388356
3.637847
4.342591
4.84882
5.886802
3.491162
3.786975
3.503337
6.432466
4.324008
5.449194
3.650755
3.009724
4.673843
3.282962
4.085718
10.16642
3.839375
2.875227
4.231148
3.413295
4.727766
1.397776
2.508555
6.035301
4.893116
4.559043
3.712234
4.727766
1.027837
3.483315
5.286911
6.521395
4.93294
5.177113
5.177113
3.992095
4.103456
5.336814
2.350056
4.242445
5.023885
3.839281
3.636162
3.086785
7.023388
5.360936
5.088325
5.114965
3.196478
5.316426
4.978076
4.99228
5.009804
5.737589
6.286405
4.422921
3.363507
2.471843
6.258925
1.862088
3.375618
4.172131
3.269134
6.482378
5.87194
5.926426
2.328403
4.623604
2.786988
4.513331
3.653591
4.764984
3.858803
4.809097
4.921245
3.75513
3.38338
5.149515
2.660233
4.877837
2.866686
1.910664
3.828978
5.512905
2.672611
1.725711
3.527501
7.477503
1.281343
3.145999
4.714
3.587335
4.487624
4.021057
2.922437
2.559916
5.863434
10.16642
6.232826
3.559633
5.298121
7.312246
5.643639
3.744676
3.59981
7.042348
4.910261
4.374603
5.441994
2.263747
3.677845
4.513152
3.527501
4.324809
2.684973
5.132039
5.512905
4.874402
3.504661
5.375941
4.531502
10.16642
3.908418
5.056071
3.751953
4.094051
3.462059
2.641584
4.876083
5.621417
6.090634
4.714
3.379827
3.990026
4.681575
3.483539
3.892704
3.420006
4.957655
3.026197
6.922195
1.958433
5.688997
1.864172
5.372682
2.8048
2.22763
1.726108
3.625495
3.567245
5.359474
4.864304
4.230927
2.065264
5.312498
5.050341
4.299169
3.740597
4.962552
3.555357
3.839375
4.601481
4.638225
6.385704
4.291936
5.512905
5.361638
7.375697
3.413104
5.369708
6.258925
4.473763
4.987065
3.557981
5.336814
5.177113
5.512905
4.24185
4.291669
2.529841
2.323381
6.283368
4.874833
6.100998
1.958433
3.396966
2.464
5.008214
5.300707
3.425148
3.260066
3.460137
3.472702
5.192529
5.211875
5.749864
4.672785
4.171039
5.192707
2.960311
2.791026
4.235178
5.103251
5.415995
5.021288
6.258925
5.30969
4.559043
3.843523
3.13938
4.93294
5.361638
5.474942
3.893368
4.478143
5.12835
1.758429
6.088486
4.271197
4.667807
4.090488
1.898269
5.19482
5.025593
5.517439
5.177113
6.101656
6.258925
4.934442
5.870231
6.870872
6.160491
6.264979
6.662772
3.708882
3.950738
5.017592
6.024314
6.258925
5.837965
1.576655
5.366072
3.982624
5.048492
5.907381
6.033879
5.688997
5.697905
3.802747
2.027837
1.819692
5.493213
1.424706
5.512905
4.213949
2.708676
3.045818
5.415995
5.577502
5.160723
2.968479
5.177113
2.027837
7.556441
3.616218
6.55762
1.947897
6.816213
6.265564
0.2688453
4.831961
5.804013
6.258925
5.336814
2.922148
4.349843
4.407309
2.932852
5.928325
6.265564
5.18769
6.258925
3.839375
5.886802
5.387967
3.53085
4.642884
3.459783
4.115567
5.780403
4.666039
10.16642
3.309845
5.476017
2.751204
3.605235
5.778859
0.8293038
5.10331
5.709723
5.32578
3.271806
5.754225
5.581821
4.576904
4.33548
10.16642
7.23572
3.160867
5.911765
4.600833
2.843912
4.007445
4.023629
5.512905
4.587482
4.714
5.144928
4.559682
4.93294
5.243498
4.041974
2.244241
3.80764
3.560552
6.176804
3.740597
4.908605
6.497606
5.816824
4.876083
4.02506
4.812099
6.383649
3.260066
5.044829
4.36937
4.031432
2.269805
5.092274
5.727164
4.165446
4.802315
5.512905
4.249573
4.428237
4.119545
3.896009
4.631747
3.847038
4.830349
4.678273
3.14846
1.336746
3.349567
6.008315
5.646014
4.186791
6.569965
4.62573
4.827569
3.16782
3.059669
4.08089
5.57337
4.02017
4.593196
3.206672
5.867042
5.730052
5.68988
4.023952
1.591452
5.533184
6.285533
5.499402
6.138847
2.332879
5.195367
3.078321
6.357095
3.774483
1.862088
6.132999
3.300632
4.325984
3.806757
4.738209
3.943918
2.07316
7.089008
5.550694
3.074245
2.541025
7.369845
2.715695
6.224311
5.567707
5.360633
4.87893
5.718851
3.152881
6.021773
4.93294
3.007416
2.297569
4.743929
6.258925
2.804218
4.010109
2.594807
4.495176
4.385015
4.034759
4.256775
5.177113
4.026357
4.436532
2.715695
1.44281
2.636363
6.776963
6.662246
3.923701
3.568832
7.384281
3.741679
3.231828
4.059626
5.395307
7.650272
2.988942
5.207676
4.181509
5.834678
1.827178
3.982136
1.58121
2.989478
2.581921
5.837241
4.298884
4.269867
3.705356
2.765824
5.023885
4.671128
4.317929
3.598791
6.200817
4.071715
7.042348
5.711429
5.544951
5.9717
1.572934
4.901608
4.6344
3.174659
5.919827
6.098178
5.56953
5.242862
5.402645
2.173965
7.233361
2.806824
7.600296
5.064209
2.604009
3.991114
4.667363
2.62365
5.500844
6.878836
3.329786
3.963934
3.732946
4.871182
3.459783
5.310722
5.471765
4.462481
4.931167
3.898927
5.288628
4.758442
5.67024
3.169028
3.865702
6.049763
2.236267
5.72083
6.537361
2.824252
4.719843
1.490694
2.467865
4.393182
4.726816
6.32341
4.382343
4.975889
2.137354
3.868257
2.823226
4.812341
3.991114
3.756382
3.673598
5.194149
6.700087
5.51093
5.680874
2.939512
3.08328
6.304888
5.976814
4.145401
5.54895
2.328403
3.282496
5.62763
2.624997
3.010141
4.878054
3.698313
3.664368
3.228458
3.513407
3.199998
4.239007
5.366252
4.938469
4.269936
6.939217
5.850079
2.119776
4.078532
5.286876
4.103536
5.108757
5.010684
6.466132
2.715695
1.436832
6.554926
4.980191
5.857466
5.654605
4.968598
4.5279
2.677585
5.387967
4.81336
4.059909
4.711652
3.080531
3.730716
5.047097
3.710929
3.749398
4.007273
2.95925
3.407142
4.954754
5.048018
10.16642
3.807642
5.397877
4.631102
4.080203
6.54336
4.834363
5.56722
5.443449
2.975052
4.841559
3.511709
5.639718
6.22302
3.647478
5.423903
4.578715
2.91076
3.444855
3.206016
5.336814
4.76313
3.048021
4.512905
4.058714
5.32788
5.37317
5.448643
4.293542
3.203472
4.103536
5.967913
5.006043
5.894908
5.243498
3.559633
1.801485
3.747625
6.102718
4.091987
6.649858
4.937639
3.284116
3.934163
2.483603
1.564991
4.956994
2.082347
3.241539
2.431823
4.870756
4.39627
5.249664
5.853106
3.206824
6.959419
4.6344
3.635656
5.807611
1.215996
2.954801
3.464675
6.258925
4.381517
3.815057
5.976814
3.495134
6.538589
5.387967
5.504305
3.348191
5.769597
3.807642
5.121713
5.627297
7.169563
5.159498
3.823725
5.617281
4.837259
3.535944
3.873029
5.387967
1.958263
2.337307
3.814234
6.965437
4.512905
2.368223
4.561074
5.289406
5.414315
2.028761
2.787659
5.035784
5.710355
5.385082
3.060609
2.833628
3.590351
7.568279
4.278219
4.801085
5.797432
3.722759
4.512905
5.090126
4.958656
5.886802
2.640898
3.933559
4.683982
4.705596
5.451374
10.16642
4.482876
4.481039
3.335339
3.459783
5.455143
2.296299
3.874692
5.330034
7.827159
4.404566
3.065489
6.334107
2.90506
5.368304
5.17567
2.315639
4.747086
6.842617
2.861468
3.956872
6.43881
2.843575
3.35005
4.205171
4.705596
4.493484
2.739851
7.042348
4.975889
5.637844
4.6974
1.215996
5.094895
1.300497
3.39245
5.415993
3.187247
3.944903
3.446329
6.037158
5.692889
4.153719
5.285302
2.799034
4.419669
8.909393
1.300497
4.908605
2.828869
3.529869
2.017354
4.616936
6.061111
5.886802
1.859339
0.763428
5.09566
3.687045
2.558302
4.02017
5.688997
1.893947
4.952722
3.366707
5.540351
5.849595
3.332541
4.795223
6.070632
2.358143
5.409674
4.226429
4.546859
3.666576
3.167125
3.559633
2.899895
5.366212
0.8906807
3.007416
4.486774
4.846991
5.594633
6.654813
1.632763
5.624542
6.812707
5.492324
2.715695
4.811299
5.319676
5.637844
5.657497
5.550694
4.391889
6.527233
4.769677
7.516955
4.473965
4.588761
3.18874
0.9513947
4.623604
4.855921
2.957097
3.734015
3.238657
4.315737
7.042348
6.527233
5.706023
5.339393
2.369944
2.030877
5.637844
4.461753
3.230293
5.471318
2.705751
5.736053
3.108125
1.215996
4.35484
5.512905
5.595847
2.552417
3.635602
3.834186
4.707379
5.001786
4.969377
0.8894775
1.215996
4.996357
4.29385
3.696367
5.989691
5.778605
2.954052
5.776873
4.488381
4.88266
10.16642
6.784038
5.160723
1.782907
2.503902
5.330644
6.309096
3.527254
6.180649
9.244851
3.991114
6.7877
4.465322
5.349587
3.423842
5.248631
5.363608
1.09466
3.68503
3.370151
7.895339
1.442318
4.092047
4.053398
5.738514
5.160723
5.165136
1.893947
3.656384
4.788839
5.06391
3.193218
2.287566
4.825929
4.813935
3.146612
4.475477
4.443304
3.991114
4.095411
2.981251
4.160962
6.080587
1.872884
5.665721
4.424233
2.415349
5.85985
3.038092
4.93294
2.572267
6.673646
5.450413
5.424819
3.778408
4.887163
3.477648
3.201342
6.192479
10.16642
5.1604
5.357115
3.812754
4.004359
5.215138
6.84291
4.308012
5.752383
5.577952
5.077458
3.589326
3.104778
5.498788
5.079518
3.051535
5.291938
4.834284
6.180668
4.820418
5.512905
3.991114
4.802516
5.012303
7.042348
6.973684
5.891401
6.558422
2.729771
5.249664
3.92809
3.810636
3.535944
3.39245
6.100998
5.637844
2.857784
5.050307
4.554679
2.215498
5.498046
4.126554
3.506074
3.807642
4.38795
3.968941
5.512905
3.282496
5.059582
5.211875
7.042348
6.024314
4.364404
4.90001
5.882037
5.839913
6.135005
5.88062
5.243552
3.23301
4.245734
6.567756
3.175941
3.791489
5.148231
5.036324
1.215996
6.141644
4.089425
3.62658
6.578857
4.332015
2.84047
3.95551
7.128324
3.59882
2.233733
3.991114
2.070961
3.876105
1.855519
4.694092
4.285534
3.927713
4.181208
2.416195
3.295206
2.706021
5.445959
3.532983
4.045928
2.642889
1.336922
5.161328
4.674986
4.218825
1.424706
4.310528
5.211875
2.499753
2.096447
3.52214
2.189631
2.229612
3.069355
4.984121
3.373586
6.783247
5.188261
4.784301
10.16642
3.007416
5.62523
5.114965
4.882011
2.653826
5.177113
5.375817
5.090126
3.489269
4.93294
4.162443
2.168397
3.39245
2.556168
4.390689
5.489405
3.244568
3.041535
1.811575
4.491746
5.118267
7.042348
5.116188
5.000535
4.73655
5.688997
3.991114
3.559633
1.874156
1.876958
5.710758
1.958433
5.354886
2.298853
3.527254
5.397934
4.994474
1.592732
5.220484
2.390052
4.861546
2.439893
5.850079
5.069696
3.736234
2.437647
3.258603
3.597105
2.609519
4.191337
4.456256
6.602502
4.085226
5.621417
5.833393
3.991114
3.223316
5.415995
5.804013
3.991114
8.933909
2.371021
5.354437
6.43939
2.97997
2.903667
3.571592
7.606293
1.425885
3.741033
4.483819
0.8893017
3.847038
3.485374
4.813935
1.386777
5.441453
7.59666
4.690016
4.867393
4.88372
3.411382
5.195172
4.592087
4.002871
3.231785
6.258925
3.379827
4.807052
3.038731
1.294716
4.952102
4.197186
5.243498
5.613821
3.309845
3.579035
2.245307
6.258925
5.662602
2.771045
4.047382
3.383542
4.676716
3.00123
6.318017
2.780244
5.689036
6.006706
3.991114
5.421134
4.051313
5.532707
4.980064
7.29757
6.312015
4.745053
4.859015
6.730547
3.454681
7.042348
4.504014
2.780981
4.584282
5.653597
4.876083
5.060607
3.362691
3.002697
4.385107
4.366777
4.087414
10.16642
4.273105
5.112469
4.034759
5.33323
1.215996
3.103395
4.181886
6.025728
3.923754
3.909417
3.476438
5.296191
4.495176
5.992186
5.056134
4.878173
6.782935
2.447441
4.312034
2.313351
2.534305
3.532633
5.015528
7.328381
5.419643
4.412605
4.139023
3.791489
2.449357
4.139023
1.17448
5.503773
5.211875
6.009189
4.876083
5.978599
4.909681
3.104099
4.641072
2.388865
2.297569
1.783384
7.042348
10.16642
4.600833
2.50873
3.007416
6.324916
4.926255
1.215996
5.014166
1.027837
3.565118
4.290257
3.559633
2.643518
3.637303
6.86123
6.091555
2.966612
5.512905
4.833142
4.592721
3.821517
4.142141
6.116401
4.477502
6.527233
4.395612
1.13234
4.24148
3.736707
3.72932
2.923896
3.348191
5.13382
2.916044
3.695387
5.21497
4.251642
4.295802
3.991039
6.32283
5.291057
4.139023
3.735536
6.527233
5.552943
4.600833
4.292982
3.266111
5.110075
4.083981
1.215996
5.445959
3.97816
4.195789
3.065194
2.812119
5.602846
4.361638
2.723898
4.256519
3.913923
4.728764
1.623803
6.58732
4.666342
1.647138
8.252538
3.639224
6.509985
4.859693
6.578857
3.490433
2.477455
6.482378
7.042348
2.550273
5.817555
5.415995
3.309845
3.309841
6.016404
7.042348
3.735536
3.334486
4.052651
2.664702
1.964248
6.262909
4.618186
4.008888
1.791265
4.778965
4.37211
5.051419
4.551036
1.212075
5.364155
3.847012
3.508568
3.649488
3.257329
4.55466
1.866841
3.881124
3.61248
6.527233
5.339626
4.916915
4.132297
2.421438
3.685819
5.483773
4.294359
5.592087
5.506791
6.037406
4.618958
3.362691
6.046133
4.583487
5.02475
1.322804
2.450604
5.86964
5.143538
4.461753
4.601481
3.747715
5.870231
5.432813
10.16642
6.088745
6.140035
1.790572
4.660875
5.527452
5.22023
5.435423
5.249664
4.290497
4.408037
2.306174
5.600069
4.116363
4.385261
2.7194
3.921674
0.6521524
5.177113
5.479183
4.785907
1.120384
5.786655
4.714
3.169497
4.601481
2.483603
2.954514
4.612644
3.447551
4.241282
5.099996
4.874833
7.042348
6.500275
2.934492
3.581041
2.846885
4.349954
2.830418
6.447871
2.899312
6.100998
4.784261
4.633045
5.15661
4.615265
4.612622
6.965437
8.677697
4.163704
5.309216
5.563706
6.318608
3.98079
9.272511
4.876083
5.637844
7.115524
7.057465
4.634985
3.604964
4.738753