3.7494495
6.4799466
5.313124
3.0137546
6.264455
6.4378448
5.3676314
2.8165655
5.3676314
5.362735
3.5192614
5.27452
7.4638724
8.177593
5.8404775
7.681592
3.8607588
4.784338
8.248479
4.8219643
8.790833
7.8859935
2.6528378
7.8859935
4.4873533
3.5192614
5.830504
7.339071
7.469038
8.506615
7.0148273
5.25298
2.4515593
4.53836
6.018071
4.618598
4.350958
3.4431756
3.5708385
7.4638724
7.53318
8.72425
5.313124
1.2904496
5.093404
3.9192178
7.9273634
7.131069
4.5258045
4.251194
3.1112344
4.5688047
4.0504346
3.3701527
3.3978915
0.14546868
3.0137546
5.493574
3.1176898
7.534529
6.7056246
3.456079
6.548449
4.203824
3.4382932
8.248479
1.3731251
4.618598
7.845615
3.345914
5.313124
7.420277
7.654857
0.39423686
5.3434124
7.8870516
7.8680477
5.042717
6.0386944
8.123416
4.542842
6.2193484
3.0988674
7.6812205
4.660014
3.0137546
3.0137546
3.0137546
5.3676314
1.5503731
6.056311
1.4100866
5.313124
3.0787773
6.7056246
7.7979164
3.048534
5.0442643
4.3745894
8.5649805
5.3676314
7.0705957
3.196344
6.7056246
3.0137546
1.5578954
7.4145393
8.248479
8.993547
8.749831
8.248479
7.8859935
4.350958
4.7641683
4.081951
6.5626197
5.408125
5.1332912
7.2994914
5.3676314
7.2869177
3.9668784
6.413829
8.514268
8.888603
4.4626384
5.2533484
5.3676314
1.9649202
7.8859935
4.859223
6.1008515
3.3592222
7.879553
3.0137546
4.0486717
5.313124
3.4706922
3.0112596
7.3829074
3.8725324
7.358464
4.53836
8.752554
3.936963
7.287754
8.850637
5.25298
5.437898
6.7056246
6.2028685
4.545998
8.63674
8.638679
8.873336
7.817838
2.4408522
8.778339
4.9370923
5.4113297
4.3388443
5.542174
6.20313
7.9025974
4.1513696
5.0869465
7.8276305
7.187496
7.761259
4.999133
8.248479
3.8552983
7.4942155
1.9431565
8.248479
7.2469254
5.3676314
4.5422044
8.491728
3.4567983
4.6785617
6.7056246
5.451752
6.1008515
5.0987015
4.0688233
8.78444
6.20313
3.0137546
5.830504
5.595085
4.7641683
8.248479
6.7056246
8.588373
2.6528378
7.8029633
7.689387
4.098963
5.845286
5.313124
5.313124
8.300026
2.9122741
3.4173038
7.70976
7.2722
8.047297
8.046906
7.8522363
8.026797
4.9536295
4.2997737
7.6993904
7.411057
3.7360806
8.897471
6.7056246
6.7056246
4.6648936
4.947257
5.2108364
2.1139715
7.523074
8.215489
8.383741
6.2193484
8.062845
4.618598
6.1008515
6.1008515
6.5626197
4.2698207
5.042717
8.891808
5.313124
4.438061
1.3821617
7.673997
5.8251104
2.238189
8.628742
4.947257
6.4799466
4.707431
6.918074
4.1836677
1.2938573
4.5422044
5.7585855
6.6097817
1.5503731
8.735376
8.735376
7.782898
3.2889676
5.9891567
7.64935
8.248479
4.742911
3.2889676
4.855321
6.6097817
4.069317
8.383076
2.4478118
1.8343219
8.735376
4.708261
8.248479
4.5987687
7.9190693
5.851484
1.2904496
7.9382725
7.9190693
6.7056246
4.6307507
3.4567983
7.197869
6.7056246
7.240438
7.3459153
7.1399837
5.313124
4.8008184
3.9410276
4.5442743
4.2997737
8.182513
2.1426497
6.1008515
0.09893226
5.641817
8.10016
4.2997737
3.8552983
1.1937178
3.3773713
3.4779477
8.64168
3.7714994
2.6850717
8.735376
3.057933
4.947257
6.7056246
4.635194
8.735376
3.8552983
8.232207
7.540061
3.796207
8.248479
4.570856
2.33103
4.660014
5.705201
5.5280833
4.098963
4.9927053
6.413829
2.727599
4.6590447
2.1139715
5.7788596
7.238808
4.8828163
3.506884
4.557997
3.4567983
3.093978
4.553756
7.358464
5.4098744
5.266912
5.313124
8.445461
8.562953
7.8522363
7.35071
4.8982124
3.3570683
2.6652484
5.1364
5.042717
6.576252
6.111685
3.4567983
7.323184
2.878919
5.5283303
7.534529
4.3520617
6.4256706
7.681592
7.3756824
7.3332744
1.1937178
4.742911
8.302659
2.4410691
8.734741
6.6496477
5.551243
2.1139715
6.7056246
4.487293
8.024424
4.4239254
3.5950813
3.8552983
5.6951494
6.17933
3.6658287
7.3332744
5.0742717
5.2093954
1.5199027
7.190988
8.09634
5.273932
7.873079
5.1201973
4.203824
8.310526
4.61538
3.644607
3.7920637
7.8363366
5.163915
0.2659924
3.3427336
8.060259
4.614024
8.248479
4.2052374
7.2972374
7.0063286
5.309184
8.703034
8.135708
4.061749
5.1975536
4.7037477
7.5763254
5.0559435
3.3913174
7.2120876
6.2249837
7.501512
3.9093645
4.4209127
5.773438
7.2972374
7.479975
7.3557053
6.855583
7.2972374
6.576252
8.193279
7.2120876
6.0704637
4.0023093
6.340149
8.248479
6.7056246
7.4688945
7.690388
6.7056246
6.7056246
7.2580028
3.4693127
5.354193
8.12098
5.477954
5.1975536
7.62377
5.131052
7.358464
3.1485267
7.336572
3.8298602
3.151379
7.3662777
8.097007
1.5774603
6.7405133
5.4657345
1.9829795
4.7989745
5.6409416
6.721648
8.206963
5.9291296
7.873079
8.06074
7.8156066
8.248479
4.68268
2.4974837
4.2852154
8.248479
5.9564447
2.788455
8.290812
7.2328124
7.9382725
4.2997737
3.2962577
1.2598102
4.4370584
4.53836
7.9907837
5.25298
7.5702295
6.8537474
7.2253017
5.0872493
7.2685895
7.3455315
4.618598
7.654897
8.248479
6.7056246
8.248479
7.7722235
1.808024
3.4221435
8.55826
8.112901
7.667964
8.248479
8.546282
2.0317726
7.1375613
3.7494745
3.7909772
6.2583766
8.301752
8.481155
8.135708
7.8276305
5.4893565
1.8858302
3.2133613
5.6945057
7.883048
5.0728474
7.486385
8.384914
7.949543
5.9246206
4.203558
4.9083633
4.6824703
1.6263053
4.138001
7.7540226
7.2328124
7.7546663
2.399313
8.248479
5.9881077
4.453636
7.1240244
3.169167
8.731555
7.9106903
7.7511625
4.0864367
6.5506735
4.7102466
8.248479
3.3592222
5.408515
7.831669
7.9310474
7.1025753
8.124731
4.625175
7.1392956
3.4803069
4.1768622
6.1008515
4.9482446
3.4877765
7.2666435
7.8183985
4.1441255
3.2452512
5.3676314
6.0021567
6.976244
4.741852
5.9246206
7.4811015
3.3976176
4.741333
2.5620027
4.8351784
6.5707088
4.9073963
7.3332744
4.457959
7.7046165
5.4771614
6.4799466
7.8906302
7.4284053
8.248479
6.7056246
8.10162
7.772517
8.020843
1.4253279
2.3437958
8.035127
4.6133904
5.213104
6.7056246
3.854235
7.817838
7.2688637
3.556234
4.592333
7.457926
1.9065506
1.3345305
6.0668926
6.4799466
6.4799466
4.9927053
4.618598
7.182955
1.8343219
7.4278054
4.00895
4.2997737
7.303402
8.248479
8.248479
8.248479
6.0592103
6.7672186
7.2253017
5.524436
3.8320425
5.2508445
8.248479
8.389448
8.094761
8.248479
2.9536123
5.9704294
8.248479
3.8771927
7.2701464
2.2445698
7.35071
3.7423978
4.5296
7.317962
5.313124
4.758173
4.887785
7.479577
3.139368
7.7768908
7.258507
3.5647757
4.799418
4.3892784
8.005764
5.480525
4.9073963
5.313124
8.248479
7.3194575
8.074375
7.6903477
5.3059287
7.057162
7.5218306
8.10016
5.032918
7.968951
3.6886752
4.618598
6.576252
6.6097817
5.327889
7.92296
2.9544876
4.317659
6.1008515
4.1014957
3.516072
7.2328124
4.914218
5.119003
4.265362
6.7056246
8.234528
7.8299108
3.6727066
5.3676314
7.424249
4.1072273
7.252808
4.895456
8.248479
1.3505552
7.2972374
7.618453
4.472644
5.2508445
3.5722573
2.7093642
5.6076517
5.266912
4.0647974
5.9246206
4.3837614
6.4799466
7.757576
8.315317
4.282706
5.973683
5.042717
5.7994823
8.248479
5.6076517
7.0063286
4.2345614
7.8765154
6.5347433
7.2120876
4.7565613
1.3039738
6.7056246
3.3592222
8.168864
1.5072956
2.5435593
7.3942246
7.3954024
5.094028
4.2997737
5.300188
7.4356394
8.089934
4.225169
8.248479
7.130084
5.916267
8.248479
0.46382725
5.3676314
8.248479
7.667964
7.9461055
7.2439094
7.9361362
8.1541395
3.1719031
4.115651
6.2193484
7.8262377
7.643642
8.248479
7.20821
4.4661384
2.4496589
4.4213586
7.3778577
7.7046165
7.1495156
8.248479
0.9119029
3.6177056
5.449379
8.248479
3.2705739
4.975219
3.7675717
1.2387164
8.556557
3.6373205
5.2426243
2.9463649
4.098963
7.9857945
8.388383
1.2151171
7.5534906
4.3329496
2.5395336
4.4170046
6.4799466
6.215884
7.2926044
7.8934975
4.6771994
3.9485822
5.524436
4.4712853
3.942614
0.3122627
7.978208
2.6528378
5.213104
8.248479
8.248479
5.3881283
4.3053193
4.5258045
4.2010736
7.7102904
2.1699412
8.558431
7.529039
8.248479
4.2997737
5.524436
5.524436
7.7684784
8.248479
5.2703676
3.7300177
8.396053
7.2813516
4.7494845
7.1724305
8.248479
7.785739
5.9490952
6.668623
5.4348407
4.342376
5.0708313
5.0669274
6.7056246
5.3676314
6.0206547
5.354744
6.224351
8.248479
5.2533484
6.7056246
6.536184
5.3991337
7.877482
3.4567983
4.8322296
7.817838
7.282469
7.274133
6.7056246
4.9536295
7.2563143
2.5947185
5.073461
7.5177884
4.1085534
4.8322296
4.289773
4.373979
4.1099763
7.457303
5.818773
3.8582602
7.667964
4.2684093
7.7077384
3.3978915
5.319001
3.6043956
8.149068
4.5151134
3.6848264
2.7093642
3.018791
2.3718567
8.06815
7.783041
3.45351
3.6603599
7.547443
6.7056246
2.7805169
7.654857
7.998726
8.248479
7.6723833
5.7961726
5.0304556
7.9364305
4.0974965
7.6484985
7.5280504
2.704174
6.7958345
7.339071
6.2193484
7.5280504
8.757241
4.041122
7.0293374
7.7862515
8.78444
7.3377266
5.055912
5.700394
7.5177884
2.5324476
5.6213293
6.576252
8.170626
7.5377398
7.946202
7.3954024
4.037882
3.7731
4.9244967
2.3375313
7.873079
7.8016496
7.7273464
7.1125197
2.6528378
5.1320853
3.7968113
7.8815913
5.394894
8.060034
8.248479
4.844314
7.5177884
6.0980196
8.248479
7.783732
4.135669
5.2425404
4.3645353
6.2193484
7.4015026
7.900096
8.248479
7.921425
7.8040423
5.1975536
7.509972
7.8531227
7.936543
6.275026
5.16833
5.2533484
2.566617
3.904253
5.313124
2.878919
7.70976
8.229695
3.3330953
3.4567983
6.7056246
5.7272277
5.2093954
5.805024
5.664517
5.557354
8.248479
5.3676314
7.2120876
7.2120876
7.2972374
5.9770203
8.310526
8.248479
4.351737
7.0214305
3.9599993
1.099638
6.8537474
6.7056246
8.300026
4.6807647
1.2151171
3.1495044
5.273977
7.2972374
7.208555
6.3120713
7.0097566
7.917856
7.246413
8.248479
3.4992805
6.899572
4.614024
6.166009
7.0036135
0.28139874
4.944566
4.1099763
8.248479
4.260322
4.844314
4.7890835
3.8734188
3.8198802
5.362735
6.6097817
3.8771927
1.2904496
7.7139435
6.6615815
7.681592
2.4515593
3.4567983
1.5577958
5.313124
8.064622
7.3264036
1.230231
7.4638724
2.8165655
2.6177309
8.248479
3.048534
7.4857883
4.53836
4.734298
7.8859935
7.6812205
5.754121
2.8165655
7.8276305
7.2685895
4.412863
4.7388287
3.300912
3.234239
6.3285995
3.1434772
3.7494495
6.5626197
6.0966105
5.641817
3.4431756
4.2874317
4.636653
7.77239
6.7056246
4.784338
7.2197847
6.413829
7.5186167
7.131069
5.313124
4.251194
7.3264036
8.248479
5.9746003
1.9194717
2.791799
3.3978915
8.248479
6.093677
1.1045711
5.700394
3.303035
0.6812283
5.4049664
8.790833
0.33904856
8.683694
8.535306
7.607894
2.243019
4.542842
5.042717
5.042717
6.9989266
8.388383
3.8513389
4.4954853
6.545928
6.7056246
6.7056246
6.7056246
2.0701294
4.5551653
4.2305837
4.503494
4.702892
4.644217
8.853194
8.248479
4.557997
3.106997
1.3821617
7.240438
6.2249837
4.3394146
3.0787773
6.7056246
2.0013092
6.649292
4.888864
7.2416472
6.4799466
7.8854322
7.938411
5.3676314
4.3520617
3.6559963
3.4567983
8.248479
2.4234369
3.318303
7.1266146
8.248479
3.4880435
4.4297132
4.9928894
7.9449205
8.735376
4.040439
4.3520617
8.638679
8.248479
2.4408522
6.1008515
7.2897034
8.883058
3.1665976
7.1193852
4.3388443
5.4113297
5.542174
2.0211136
3.7008493
3.667266
6.20313
4.86105
7.3662663
5.595085
3.3654277
7.088763
6.4799466
7.20813
1.8343219
7.5534906
8.025264
4.561653
7.856711
5.119235
7.873079
7.3954024
8.248479
3.435901
3.5753322
5.6770144
6.55797
7.113195
8.203254
