30.04734992980957
13.16816520690918
14.824469566345215
30.63137435913086
11.75826358795166
8.80827808380127
16.952361583709717
18.24913454055786
20.194210052490234
19.718536376953125
38.081631660461426
34.55567169189453
14.645061492919922
14.272356033325195
17.032592296600342
14.291133403778076
26.479137420654297
16.728100299835205
19.879221200942993
23.700575351715088
12.172477722167969
24.879653930664062
15.662959098815918
13.98186206817627
24.405619621276855
12.091485023498535
26.277374267578125
9.121990203857422
6.286267280578613
19.34942626953125
17.41161346435547
15.521849632263184
21.621078968048096
32.17490005493164
15.012886047363281
31.512571334838867
24.858312129974365
26.68933868408203
29.17276382446289
23.553317070007324
20.532817840576172
10.528470039367676
16.95657968521118
10.468559265136719
20.009533882141113
11.670787811279297
30.914365768432617
25.707679748535156
36.21982002258301
8.963665962219238
16.06687355041504
16.714524745941162
27.793590545654297
35.61056900024414
26.879539489746094
33.14927387237549
17.011657238006592
11.879297256469727
16.652170658111572
17.97378921508789
9.697615623474121
19.792277812957764
12.342225074768066
28.81351661682129
10.011484146118164
21.860782623291016
33.93217468261719
19.378366470336914
35.215694427490234
13.82127571105957
16.60887908935547
13.600010871887207
18.773879528045654
22.773975372314453
32.75901412963867
14.653796672821045
16.483279705047607
11.818212509155273
17.66031837463379
11.854293823242188
25.84995460510254
30.349711894989014
13.60132122039795
26.26974391937256
16.444482803344727
18.012160301208496
13.552140235900879
48.898433685302734
15.749179363250732
23.745820999145508
11.185522079467773
21.9107666015625
16.92948341369629
27.949922561645508
31.494428157806396
27.201171875
12.725584983825684
17.825233936309814
10.098316192626953
17.65469741821289
11.671246528625488
30.47908115386963
11.805051803588867
9.485835075378418
28.183441162109375
6.805048942565918
17.31943130493164
9.867640495300293
32.98943042755127
12.068010330200195
11.154151916503906
14.364076614379883
11.439776420593262
28.112841606140137
14.777204513549805
24.410439014434814
33.119564056396484
13.642460823059082
16.43613290786743
28.710779190063477
33.542236328125
9.267972946166992
39.601070404052734
21.47613763809204
17.317466735839844
15.781609058380127
19.83350133895874
26.31867790222168
12.864829063415527
40.53215503692627
48.93313026428223
9.374786376953125
20.269482612609863
27.962282180786133
19.99502944946289
34.15880584716797
19.276443481445312
23.315638542175293
16.12270736694336
19.186941146850586
16.702587127685547
21.1403226852417
35.57875442504883
24.645872592926025
12.335441589355469
12.449113845825195
9.87890911102295
12.709957122802734
13.304452896118164
23.807480812072754
22.812265396118164
15.53504467010498
21.581861972808838
19.349827766418457
17.79266357421875
17.969043731689453
17.49382972717285
16.577105045318604
13.697171211242676
12.13403606414795
18.495999813079834
19.43513059616089
19.265811443328857
16.220869064331055
11.092947959899902
19.058982849121094
11.749817848205566
12.332802772521973
20.64266586303711
19.515058517456055
25.94741439819336
26.134909629821777
24.886045455932617
18.819089889526367
15.33021879196167
16.353960514068604
24.34483528137207
34.03237438201904
21.295359134674072
15.935450553894043
18.809309005737305
17.453628063201904
17.022459506988525
15.138518333435059
25.146949768066406
15.17310380935669
19.524640560150146
15.646165370941162
17.49947166442871
35.968244552612305
10.572267532348633
13.44003677368164
16.901835441589355
31.211103439331055
33.89007759094238
29.056806564331055
33.65456485748291
13.308887481689453
29.330128987630207
20.422404289245605
12.246814727783203
19.75885009765625
11.101456642150879
27.48696517944336
28.312774658203125
8.580020904541016
45.14335250854492
25.76441192626953
6.350034236907959
27.703391075134277
22.366591453552246
16.316192150115967
34.30961227416992
18.360300064086914
29.00043296813965
37.65516376495361
19.21510124206543
26.980592727661133
8.083338737487793
30.8523006439209
12.435270309448242
12.946874618530273
18.624728202819824
15.335464477539062
16.46325397491455
9.983939170837402
11.711323738098145
43.215721130371094
22.993640899658203
35.43532371520996
17.384953498840332
2.597493886947632
23.4196195602417
15.293839454650879
20.81059455871582
7.8920979499816895
24.131235122680664
36.70359802246094
20.23484706878662
17.074369430541992
17.38629913330078
25.906192779541016
11.046064376831055
24.08959706624349
17.15304946899414
26.861918449401855
9.970839500427246
16.471965789794922
14.414669036865234
27.053245544433594
16.741544723510742
21.196718215942383
26.046876907348633
14.389884948730469
8.741883277893066
13.199034452438354
16.87797451019287
14.057092666625977
11.011049270629883
21.42926025390625
38.54109191894531
14.937708854675293
46.99687385559082
11.027873992919922
17.436538696289062
30.061870574951172
33.547505378723145
20.439563751220703
20.1787109375
11.914820671081543
11.39389419555664
6.911313533782959
22.901243209838867
12.08168888092041
16.037433624267578
22.333717346191406
16.487035751342773
15.437468528747559
24.886359214782715
26.54933762550354
20.412498474121094
23.819371223449707
27.478219985961914
34.89649963378906
13.487011909484863
11.122207641601562
15.63851547241211
11.150338172912598
24.847530364990234
12.828367233276367
13.084527015686035
23.225640773773193
12.116329193115234
13.173072814941406
12.084593772888184
30.74166488647461
25.517257690429688
28.45319175720215
20.964722633361816
19.800168991088867
30.898226737976074
19.688514709472656
35.738789558410645
20.05537223815918
16.632119178771973
23.941036224365234
16.45673370361328
31.657290935516357
28.191274642944336
19.10369300842285
7.804965019226074
18.18569564819336
27.976962566375732
12.457171440124512
32.99801969528198
20.859031677246094
16.75188636779785
17.280813217163086
17.166401863098145
22.852622509002686
14.161391258239746
34.733530044555664
16.67093276977539
29.136646270751953
16.655506134033203
17.43749237060547
20.656726360321045
18.26978635787964
26.803598403930664
15.897324562072754
32.60379409790039
12.337921142578125
25.090662002563477
14.854004859924316
27.178266525268555
21.860294342041016
10.636406898498535
17.154582977294922
22.784159183502197
40.28456401824951
23.0076847076416
15.647325992584229
24.867478052775066
33.78573513031006
14.957193374633789
11.53302001953125
5.929101943969727
30.91072368621826
16.01132583618164
12.419156074523926
17.565799713134766
29.62325668334961
20.895646572113037
23.371105194091797
18.364174365997314
29.820514678955078
21.585996627807617
18.330780029296875
49.16155433654785
24.877109050750732
10.39326286315918
28.656192779541016
12.503229141235352
33.29512023925781
10.890127182006836
26.73345375061035
27.56250286102295
31.65259552001953
35.55405807495117
27.581820964813232
26.0235538482666
28.464475631713867
19.9827938079834
14.741959571838379
18.50005531311035
22.462553024291992
15.710312843322754
16.996320247650146
9.38245964050293
15.723793029785156
13.19393253326416
13.75200080871582
17.11806297302246
10.862139701843262
12.131481170654297
12.119134902954102
23.30470848083496
19.890066146850586
33.67781066894531
10.698617935180664
10.594736099243164
24.689983367919922
17.75308847427368
17.435943603515625
14.997241020202637
31.099597930908203
24.96965456008911
42.018239974975586
10.743888854980469
18.39627981185913
28.914424896240234
7.408895492553711
18.93044090270996
21.973811149597168
6.760274887084961
31.85435136159261
12.473687171936035
26.744056701660156
19.588783899943035
10.801508903503418
18.140159606933594
16.028427124023438
10.092239379882812
6.892885208129883
45.244436264038086
10.788626670837402
28.381454467773438
12.110757827758789
12.44064712524414
29.294264793395996
17.94688606262207
25.78227186203003
21.59905242919922
8.09938907623291
23.415054321289062
17.803263664245605
9.360892295837402
16.18070411682129
32.0387544631958
32.970664978027344
17.420595169067383
9.59291934967041
12.53451919555664
17.564931869506836
29.467499256134033
27.08893060684204
20.55526351928711
15.000612497329712
15.56431245803833
6.742125988006592
9.372076034545898
16.794713020324707
40.37143325805664
14.253737449645996
14.314326286315918
43.09395122528076
27.184314250946045
31.511629104614258
14.73071002960205
26.361665725708008
32.409217834472656
12.587971687316895
43.882657051086426
21.705228090286255
16.276944637298584
8.690476417541504
14.541999816894531
37.92445182800293
22.477365493774414
18.106647491455078
24.174287796020508
26.826224327087402
16.704360008239746
30.10299301147461
27.49937152862549
23.558639526367188
35.89333629608154
41.00033378601074
32.52332782745361
18.591733932495117
20.464346647262573
13.303947448730469
16.198619842529297
15.507423400878906
17.181713104248047
15.991082668304443
39.594178199768066
18.79248046875
27.147953033447266
34.685014724731445
32.53877782821655
19.795358180999756
13.310118675231934
24.519997596740723
16.534273147583008
21.787172317504883
31.413002014160156
11.119983673095703
21.283788681030273
10.661955833435059
10.200458526611328
19.312406539916992
16.6580228805542
38.96854305267334
32.353580474853516
7.30263090133667
26.479351043701172
25.012264251708984
19.32854652404785
9.702908515930176
9.983344316482544
8.112011909484863
18.97807550430298
4.71904993057251
13.771430015563965
11.854022026062012
15.807793617248535
19.369948863983154
18.668692270914715
22.800832271575928
25.918224334716797
35.11654615402222
28.182116508483887
11.32465934753418
29.965370178222656
20.2978515625
43.327959060668945
9.108738899230957
28.576521237691242
26.65665864944458
12.441166877746582
24.98941135406494
15.596701622009277
32.442893981933594
21.992377519607544
20.459274291992188
9.604178428649902
27.079593658447266
14.766491889953613
7.631564140319824
33.42132377624512
22.298250198364258
14.778375625610352
22.064494609832764
18.134578704833984
13.412793159484863
17.518754959106445
16.65557336807251
19.341793537139893
40.407737731933594
10.977251052856445
10.051337242126465
18.981019020080566
40.61272621154785
19.250761032104492
29.948620796203613
19.66530990600586
10.999068260192871
10.947988510131836
9.286498069763184
25.627411365509033
21.402538299560547
8.647706985473633
32.98784255981445
7.449840068817139
15.291024208068848
11.216961860656738
13.881582260131836
21.482626914978027
16.93712854385376
16.797670364379883
23.018753051757812
20.194175243377686
15.984189510345459
21.908052444458008
16.15665626525879
31.24592399597168
14.943469047546387
28.853464126586914
28.747575759887695
33.9532585144043
14.97350025177002
22.127573013305664
16.284661769866943
14.235124588012695
19.676597595214844
21.650453567504883
22.206663608551025
26.248523712158203
12.578563690185547
9.7446870803833
21.54322052001953
7.836007595062256
7.916275978088379
37.10627746582031
2.7664358615875244
22.410343170166016
17.1052565574646
17.03441619873047
10.563008308410645
12.208386421203613
24.373833179473877
16.644429683685303
20.063556671142578
20.880126953125
15.051729679107666
18.46148109436035
33.00798511505127
29.269922256469727
40.58295774459839
15.979056358337402
24.681056022644043
12.419364929199219
20.78681707382202
33.861825942993164
11.21923828125
9.350915908813477
15.560665130615234
11.6409273147583
16.038806915283203
7.230186462402344
12.877559661865234
16.236850261688232
39.941447257995605
25.55715815226237
14.806502342224121
16.35586166381836
8.336769104003906
37.23272132873535
12.797131538391113
18.010334968566895
9.19865608215332
15.723950386047363
7.600719451904297
13.30369758605957
15.87116813659668
34.1218147277832
34.16095161437988
13.102106094360352
17.67047691345215
26.388407230377197
19.124530792236328
8.766963958740234
10.756157875061035
20.61859893798828
22.056983947753906
16.42740774154663
13.488636016845703
27.63013982772827
9.153966903686523
16.92818832397461
35.28077507019043
37.60254192352295
13.595787048339844
17.81142282485962
23.713144302368164
21.334072589874268
32.55567216873169
16.21490478515625
34.47077560424805
13.73528003692627
31.22828197479248
15.824771881103516
13.359506607055664
35.791255950927734
26.16722297668457
10.583399772644043
11.729307174682617
41.86572265625
29.970332145690918
35.275858879089355
18.255712509155273
28.895038604736328
11.85965633392334
10.395856857299805
25.192619800567627
29.46373176574707
13.372408866882324
21.147747039794922
8.443421363830566
9.946430206298828
7.5878496170043945
6.422898292541504
18.887373685836792
31.866487503051758
35.558082580566406
27.96050262451172
30.851898193359375
8.07342529296875
18.413243293762207
30.275489807128906
36.936923027038574
19.546505451202393
36.08899116516113
19.658599853515625
32.64883232116699
5.76909065246582
9.619519233703613
11.793238639831543
10.950420379638672
20.35671043395996
21.689908345540363
15.90737247467041
16.318885803222656
19.756713390350342
33.04549980163574
26.565353393554688
15.387161254882812
29.968244552612305
20.796567916870117
17.31482696533203
12.328787803649902
15.914514541625977
11.706414222717285
17.750991821289062
32.562726974487305
22.317623138427734
19.417924880981445
14.443768501281738
38.599027156829834
15.326261520385742
34.87900638580322
10.964581489562988
15.933570861816406
11.011375427246094
35.2589054107666
10.231295585632324
12.205729484558105
25.175790786743164
20.50490140914917
6.9074602127075195
26.013615608215332
25.33618927001953
20.507272720336914
9.596588134765625
27.086910247802734
16.506816864013672
12.569345474243164
12.469069480895996
12.051283836364746
28.849767684936523
16.536770820617676
24.65356206893921
15.795172691345215
21.87315344810486
16.13515567779541
27.355215549468994
25.842605590820312
21.429685592651367
29.494234085083008
10.072977066040039
14.661218643188477
13.026570796966553
39.90724468231201
17.416458129882812
9.681426048278809
24.69257926940918
15.181843757629395
26.460683822631836
20.096744537353516
17.49836540222168
20.77032709121704
8.749321937561035
40.675987243652344
32.749855041503906
9.096113204956055
16.004474639892578
25.01846170425415
29.505794525146484
26.599693298339844
35.77604675292969
18.973198731740315
33.58610534667969
21.80331802368164
13.226852416992188
11.736983299255371
9.794769287109375
23.622966766357422
24.13590955734253
18.504860877990723
16.4240779876709
8.92477798461914
29.113311767578125
19.038894653320312
5.813708305358887
9.779943466186523
21.562199592590332
16.014920711517334
23.765624523162842
14.757594108581543
21.98645846048991
22.182628631591797
14.716530799865723
30.252124786376953
13.643832206726074
19.962573051452637
25.320392608642578
22.97797155380249
22.25575351715088
19.248928546905518
19.933175563812256
32.258111000061035
9.659438133239746
18.009037017822266
24.511347770690918
6.209317207336426
24.696449279785156
18.010663986206055
8.784422874450684
37.251532554626465
24.766130447387695
18.853410720825195
31.23462200164795
14.601621627807617
26.194908142089844
27.503881454467773
20.055712064107258
31.853707313537598
14.867501258850098
20.64113998413086
32.58505630493164
25.503026962280273
9.588443756103516
25.166150093078613
16.46204137802124
41.844696044921875
19.671239852905273
16.6676926612854
12.938464164733887
19.457396030426025
18.471375465393066
37.01429462432861
40.69017791748047
35.85354042053223
11.754950523376465
14.873066186904907
37.554840087890625
22.530397415161133
16.16385841369629
27.42096710205078
20.50125789642334
9.512350082397461
24.34305763244629
22.563170909881592
44.36461162567139
41.448421478271484
31.953146934509277
25.06550121307373
28.20834732055664
46.91793441772461
8.380950927734375
15.621888160705566
13.251348495483398
9.897110939025879
34.59842872619629
21.587117195129395
33.50675582885742
19.86698079109192
10.959875106811523
17.316874186197918
32.20060443878174
12.466059684753418
13.60185718536377
19.985939025878906
18.05241346359253
5.758928298950195
33.07855224609375
11.26941204071045
18.139804363250732
21.508496284484863
12.486616134643555
28.76634979248047
21.1329607963562
20.52893590927124
21.482397079467773
31.366384506225586
25.582599639892578
29.970267295837402
25.68585968017578
16.02549934387207
41.43016529083252
19.999186992645264
17.141420364379883
27.640262126922607
20.930295944213867
11.587453842163086
33.19478225708008
15.095650672912598
18.798916816711426
19.535673141479492
19.712114334106445
13.792340278625488
10.304147720336914
7.255712985992432
30.711267471313477
24.582514762878418
39.54908847808838
8.412644386291504
18.465820789337158
9.099620819091797
20.969074249267578
24.189960479736328
26.43802833557129
17.48484468460083
15.2083101272583
18.758907794952393
21.48537015914917
26.517667770385742
13.362506866455078
39.24614143371582
10.725665092468262
10.714839935302734
10.169572830200195
16.673086166381836
29.903594970703125
15.193965911865234
24.269744873046875
14.304984092712402
10.589110374450684
17.631620407104492
30.240253448486328
25.209638595581055
25.466247081756592
27.295565843582153
44.47003746032715
27.582164764404297
13.350419044494629
6.892143726348877
9.623699188232422
18.108537197113037
12.033818244934082
10.496598243713379
8.069954872131348
13.835467338562012
15.948473930358887
41.90029430389404
16.963077545166016
30.399067401885986
36.735713958740234
21.778226852416992
16.703118324279785
20.693114280700684
20.23747205734253
9.945931434631348
25.55496311187744
17.64165234565735
11.890365600585938
21.734578609466553
25.199307441711426
30.545412063598633
22.74109172821045
32.75271224975586
30.40360164642334
25.0875670115153
27.530847549438477
6.97961950302124
19.333014806111652
28.737744331359863
17.2825927734375
13.337345123291016
16.026860237121582
22.18262481689453
10.27326774597168
16.660470962524414
16.572994709014893
22.803712844848633
26.641666889190674
15.918332576751709
32.1616792678833
22.923131942749023
32.027116775512695
9.225739479064941
8.762069702148438
16.734954357147217
8.267950057983398
12.716407775878906
10.583795547485352
11.172109603881836
26.235801696777344
33.46838092803955
22.720989227294922
11.81085205078125
17.514721393585205
23.410749435424805
46.593485832214355
22.8314151763916
17.338118076324463
55.13458251953125
5.906014919281006
14.799250602722168
14.64836311340332
23.461503982543945
20.316761016845703
15.241912364959717
30.722872734069824
28.994842052459717
17.923046112060547
9.527294158935547
16.28836154937744
10.906691551208496
15.040656089782715
8.816965103149414
16.519817352294922
11.22216796875
23.356331825256348
11.563743591308594
19.002894401550293
13.921126365661621
19.154405117034912
16.356069087982178
31.068440914154053
26.741025924682617
9.51941204071045
11.395064353942871
15.00412368774414
31.36909818649292
17.691608428955078
20.232074737548828
13.702476501464844
15.164268493652344
15.338939666748047
13.526275634765625
27.323144912719727
10.405434608459473
9.925578117370605
19.78709602355957
20.495845794677734
35.45783805847168
15.157331466674805
23.59049940109253
23.055872917175293
25.026981353759766
12.616586685180664
12.764533042907715
33.69009447097778
39.713748931884766
13.597380638122559
16.827660083770752
10.435688018798828
10.189254760742188
8.116715431213379
18.651424407958984
24.308005332946777
31.728683471679688
22.21187472343445
36.76472473144531
10.415938377380371
15.4332275390625
15.049312591552734
8.080488204956055
31.06451988220215
20.93605375289917
8.40865421295166
30.749927520751953
32.528282165527344
21.99599266052246
18.007266521453857
15.218879699707031
27.372325897216797
16.065006256103516
17.547012329101562
18.5136775970459
16.27280616760254
41.15690994262695
20.929523944854736
24.097262382507324
14.77572250366211
11.317049980163574
37.279441833496094
15.208504915237427
6.284581184387207
7.904947280883789
12.911279678344727
13.908663749694824
21.38025665283203
30.501638412475586
14.960646152496338
19.19733428955078
12.70754337310791
9.23266887664795
22.90721082687378
16.441678047180176
16.17472743988037
30.227787017822266
24.20072364807129
16.347364902496338
17.557214736938477
17.338233947753906
30.732309341430664
19.736968517303467
20.335634231567383
18.783689498901367
32.75064468383789
16.54919672012329
12.335966110229492
21.03021812438965
8.642908096313477
10.31478214263916
17.25839328765869
28.151427268981934
36.942193031311035
10.06519889831543
15.408363342285156
10.102153778076172
18.183822631835938
21.785865783691406
28.590696334838867
19.618289947509766
27.41596746444702
7.284376621246338
28.153407096862793
16.422473907470703
33.25763511657715
44.24966812133789
16.764877319335938
22.715945720672607
9.531397819519043
18.52225971221924
17.433425426483154
25.699350357055664
10.68789005279541
22.47472922007243
10.750794410705566
8.23379898071289
33.856746673583984
16.498533248901367
13.765852928161621
18.72806143760681
12.834734916687012
12.264875411987305
27.676971912384033
21.074997425079346
38.7012825012207
16.973445892333984
23.97353744506836
36.15807342529297
29.601322174072266
16.940631866455078
19.204532623291016
21.169007301330566
18.042177200317383
19.945667266845703
53.05055618286133
26.503835678100586
33.90237045288086
27.43433380126953
22.734896659851074
25.59873914718628
12.739520072937012
25.092382431030273
21.60765838623047
25.392406463623047
15.370328903198242
17.0621976852417
17.369706630706787
30.168423652648926
9.227368354797363
39.35420036315918
15.321460723876953
12.596514701843262
16.191076278686523
32.29788398742676
13.866402626037598
18.79404592514038
31.3616205851237
46.457536697387695
22.341585159301758
20.97781753540039
8.040796279907227
18.02088689804077
17.416622161865234
8.654953002929688
9.029925346374512
31.99809694290161
9.246661186218262
19.09450912475586
23.85712242126465
20.79542112350464
23.874515533447266
12.421319961547852
20.543097496032715
9.668695449829102
9.253207206726074
25.33784294128418
15.903110027313232
18.54533338546753
20.32198715209961
16.81354331970215
13.035828590393066
11.591323852539062
37.63043212890625
20.44330596923828
35.061946868896484
27.15652370452881
7.296939849853516
18.83831564585368
10.608110427856445
13.5638427734375
23.90869140625
16.969280242919922
1.9540750980377197
32.975754261016846
11.683670043945312
35.749942779541016
18.134023666381836
12.33349895477295
29.7408390045166
25.372291564941406
15.49769115447998
16.198448657989502
21.805965423583984
10.064207077026367
19.879873275756836
30.515344619750977
13.727529525756836
20.80122947692871
11.205124855041504
15.18009090423584
14.392928123474121
19.61931610107422
3.848341464996338
16.675801753997803
17.181847095489502
18.857608795166016
15.203640937805176
5.9537529945373535
8.930964469909668
35.444586753845215
9.30838394165039
37.02408409118652
22.284587860107422
19.45474672317505
17.789684295654297
19.937819480895996
35.43730163574219
12.044368743896484
49.50370216369629
29.30978488922119
10.480182647705078
24.88036012649536
16.185317993164062
18.598526000976562
37.889591217041016
12.848325729370117
20.877253532409668
26.80262851715088
14.011826515197754
18.015862464904785
17.86136484146118
15.104450225830078
28.932852745056152
19.525218963623047
16.26179790496826
13.139777183532715
13.515945434570312
21.906866550445557
16.580055713653564
9.612354278564453
19.355637550354004
20.64068031311035
16.959402561187744
18.85944175720215
11.861954689025879
17.545482635498047
16.794217586517334
19.683307647705078
11.01667308807373
19.46214485168457
16.830023765563965
17.660062789916992
10.496514320373535
23.912938833236694
15.665695905685425
24.30689811706543
25.775482177734375
7.6394147872924805
45.607879638671875
30.04292583465576
17.345995903015137
6.765744686126709
16.51682758331299
28.837332725524902
23.14728355407715
13.059881210327148
27.998605728149414
45.21161651611328
9.018769264221191
8.487436294555664
19.294687271118164
18.63349723815918
35.858155250549316
29.027883529663086
22.468238830566406
11.057452201843262
16.098743438720703
27.264461517333984
23.821617126464844
13.151450157165527
15.976125717163086
17.17989730834961
17.673322677612305
10.622907638549805
19.249849796295166
24.132137298583984
43.588279724121094
20.276852289835613
19.1567227045695
25.51810646057129
27.9957218170166
22.495722770690918
15.916431427001953
18.551715850830078
15.839942932128906
8.07706356048584
18.28168296813965
29.17300510406494
12.830265998840332
11.652273178100586
12.422865867614746
11.437737464904785
12.682226181030273
12.923377990722656
21.876466274261475
25.847614288330078
25.810466766357422
29.73213291168213
16.57467746734619
14.116074562072754
19.056135177612305
43.6270809173584
20.66146469116211
25.208545684814453
15.773512840270996
23.713324546813965
16.27302360534668
12.228414535522461
16.394601821899414
32.62581729888916
10.410558700561523
20.008777618408203
12.778322219848633
15.987353324890137
25.455164909362793
11.53788948059082
19.07435631752014
19.651944637298584
16.275261878967285
18.074580192565918
17.494267463684082
13.00631046295166
20.7845778465271
34.834747314453125
29.36165428161621
13.061537742614746
10.252277374267578
9.98293685913086
17.131195068359375
10.314787864685059
14.471117973327637
8.330495834350586
19.009195804595947
6.361159324645996
13.777277946472168
21.768707275390625
5.36162805557251
14.714546203613281
25.6438045501709
13.952956199645996
18.22822618484497
16.469675064086914
31.959142684936523
26.24298858642578
9.829391479492188
20.54452896118164
18.221077919006348
17.03441619873047
42.19778823852539
7.3050761222839355
32.216389656066895
21.544917345046997
25.88202667236328
13.529311180114746
35.02458190917969
17.478386878967285
11.833208084106445
33.06490516662598
33.70602321624756
16.210640907287598
26.12097930908203
9.638821601867676
8.939434051513672
24.477044105529785
10.728628158569336
18.639164924621582
40.29323959350586
8.78592586517334
15.935659408569336
14.395877838134766
13.708480834960938
16.923690795898438
25.167358875274658
19.216991901397705
11.537491798400879
15.64439344406128
20.854870796203613
11.294960975646973
14.19748067855835
9.659948348999023
19.700095176696777
29.294951915740967
14.523293495178223
14.174537658691406
20.33508014678955
15.298286437988281
26.75546169281006
34.947593688964844
15.916850090026855
16.670053482055664
14.217004776000977
33.595741271972656
22.06991958618164
7.820750713348389
10.763601303100586
20.34487771987915
17.72063636779785
12.021410942077637
14.283331155776978
11.786800384521484
25.5367431640625
18.4859037399292
26.834257125854492
23.188678741455078
19.10163116455078
11.09986686706543
25.69059991836548
10.537236213684082
26.133214950561523
4.9830522537231445
17.535249710083008
8.103636741638184
21.063583374023438
10.641020774841309
22.522839069366455
12.375088691711426
17.593852996826172
24.065648555755615
31.18678092956543
15.44954776763916
23.90829849243164
30.388249397277832
9.448450088500977
27.09157085418701
7.669485092163086
14.138996124267578
19.805944442749023
34.10898208618164
20.70057201385498
22.09352684020996
14.960505485534668
26.684879779815674
18.17812490463257
33.51101207733154
15.620647430419922
22.96301794052124
16.08418846130371
35.049156188964844
49.68390941619873
15.671645164489746
21.48895263671875
18.552054405212402
8.580476760864258
17.083323001861572
15.751410007476807
27.269962787628174
16.683454036712646
30.89780044555664
20.616539001464844
21.700870513916016
18.076351165771484
10.43409538269043
28.582988739013672
24.235912799835205
12.636561393737793
16.256100177764893
17.6118106842041
43.80665588378906
