-5.4342823
-4.800256
-1.4044223
-1.4044223
-2.291965
-1.851445
-3.6234782
-3.1333272
-2.1681285
-2.2007825
-1.8430461
-1.851445
-2.4591918
-2.4488244
-6.3442974
-3.010745
-4.26563
-2.0408018
-1.851445
-3.1333272
-3.6854436
-1.4044223
-5.0298457
-5.540118
-2.6782155
-2.291965
-4.800256
-1.851445
-4.115872
-3.010745
-1.851445
-3.109845
-2.4488244
-4.239174
-2.415916
-2.2074938
-1.4044223
-2.5903785
-5.1767197
-2.6782155
-3.939329
-6.1544275
-3.010745
-3.1333272
-2.6782155
-1.851445
-1.4044223
-2.4488244
-3.010745
-3.060125
-4.331524
-4.800256
-2.291965
-1.8430461
-1.4044223
-3.032883
-3.348672
-2.6782155
-4.307396
-3.1333272
-6.083623
-1.851445
-5.0851774
-4.115872
-1.4044223
-3.7358136
-1.4044223
-2.554887
-1.8430461
-1.4044223
-2.1681285
-2.1681285
-3.4533527
-5.371793
-1.728569
-2.1618943
-1.851445
-5.260498
-2.1253185
-6.3442974
-4.0989366
-4.239174
-2.291965
-1.851445
-2.6782155
-2.4457333
-4.800256
-2.2074938
-1.5715743
-5.711828
-4.307396
-3.5109944
-5.2704287
-2.4984846
-4.7338367
-2.554887
-3.8160279
-2.291965
-2.6782155
-4.5919046
-1.851445
-2.1681285
-5.188303
-2.4457333
-6.618417
-1.4044223
-1.4044223
-5.4972258
-1.4044223
-4.26563
-4.364024
-2.2007825
-2.2250817
-1.851445
-1.851445
-4.800256
-4.800256
-4.307396
-2.4488244
-1.851445
-2.4457333
-1.4044223
-3.7079575
-1.4044223
-1.728569
-2.1253185
-5.3542414
-2.2074938
-2.1681285
-2.1681285
-4.9557304
-1.4044223
-1.4044223
-4.0700817
-4.26563
-2.2074938
-3.9271984
-6.618417
-1.4044223
-1.4044223
-2.1681285
-2.6782155
-1.851445
-1.851445
-2.1681285
-5.371793
-5.4554744
-1.4044223
-2.4457333
-4.975648
-4.89071
-4.89071
-3.3396797
-3.9555223
-6.1544275
-1.851445
-2.4591918
-2.2074938
-2.1253185
-5.188303
-2.554887
-4.800256
-1.851445
-2.6782155
-4.7338367
-5.384667
-2.4488244
-2.4591918
-4.26563
-1.4044223
-4.800256
-2.1681285
-2.1681285
-4.781648
-1.4044223
-1.4044223
-6.945077
-6.945077
-4.364024
-6.618417
-2.1618943
-2.554887
-1.4044223
-2.1681285
-2.9402013
-3.7188442
-2.1681285
-6.083623
-2.918483
-5.540118
-1.4044223
-6.945077
-1.4044223
-4.0958734
-4.800256
-2.9715788
-6.618417
-3.8882306
-3.010745
-4.0958734
-2.291965
-2.1681285
-2.1681285
-5.371793
-2.1681285
-4.654271
-1.728569
-2.6782155
-2.226341
-1.4044223
-5.4972258
-3.010745
-5.188303
-5.74051
-4.460548
-4.0700817
-5.74051
-4.800256
-2.6782155
-4.161428
-2.6782155
-4.460548
-2.2007825
-2.8942597
-3.010745
-2.1681285
-4.654271
-1.4044223
-4.800256
-2.6782155
-1.4044223
-4.7338367
-5.148603
-2.4488244
-2.226341
-2.6782155
-3.010745
-1.728569
-1.4044223
-1.4044223
-5.591405
-2.2074938
-3.1333272
-2.1681285
-2.1681285
-5.347135
-1.851445
-1.4044223
-3.010745
-2.4958913
-1.4044223
-2.6782155
-3.7188442
-4.800256
-4.800256
-2.6782155
-2.2074938
-2.291965
-2.554887
-1.8430461
-2.1681285
-5.4059315
-5.1380196
-2.2074938
-5.1336865
-2.927896
-2.4457333
-5.4342823
-1.851445
-5.74051
-2.6782155
-2.2074938
-2.1681285
-5.74051
-5.74051
-2.6782155
-2.1681285
-5.425752
-3.8979204
-2.4984846
-3.4221182
-2.1681285
-4.800256
-2.7974894
-3.010745
-5.0298457
-4.7338367
-4.7338367
-5.4554744
-3.032883
-3.010745
-2.1681285
-4.9166074
-3.6155865
-1.4044223
-4.800256
-3.715344
-2.1681285
-1.4044223
-4.26563
-0.8140271
-4.460548
-4.364024
-4.800256
-3.857846
-2.226341
-5.4342823
-2.226341
-2.6782155
-1.4044223
-2.1253185
-3.010745
-5.0298457
-1.8430461
-2.415916
-3.8996277
-1.851445
-4.800256
-2.2074938
-2.1681285
-2.6782155
-6.3442974
-2.1681285
-6.3442974
-2.291965
-2.554887
-5.342226
-1.851445
-3.010745
-4.364024
-2.4985485
-3.8996277
-3.6155865
-2.1681285
-2.6782155
-1.4044223
-2.226341
-4.8865395
-4.307396
-4.800256
-4.307396
-2.6782155
-2.226341
-1.4044223
-2.9644883
-2.1681285
-3.715344
-2.4984846
-2.1253185
-2.291965
-4.692663
-2.4984846
-2.226341
-2.6782155
-4.800256
-1.4044223
-1.4044223
-2.7974894
-4.8865395
-1.4044223
-2.6782155
-1.4044223
-2.1681285
-5.4972258
-3.715344
-5.4342823
-1.8430461
-4.307396
-3.8331032
-4.7338367
-3.0793955
-4.635513
-4.1789713
-5.4342823
-1.4044223
-3.8979204
-1.4044223
-3.5109944
-4.549224
-1.728569
-2.291965
-4.800256
-1.851445
-4.800256
-4.800256
-4.800256
-1.851445
-2.918483
-2.291965
-4.364024
-1.4044223
-2.291965
-2.0408018
-4.692663
-4.145664
-4.681628
-5.188303
-2.2007825
-1.4044223
-4.654271
-1.851445
-2.4984846
-1.4044223
-2.6782155
-6.618417
-1.8430461
-3.010745
-2.5416589
-4.26563
-2.4457333
-4.0958734
-4.7338367
-1.4044223
-1.9606384
-2.291965
-6.945077
-4.654271
-1.4044223
-2.6782155
-2.5903785
-3.857846
-5.1336865
-5.063363
-2.2074938
-1.4044223
-2.1681285
-4.800256
-1.8430461
-2.1681285
-1.4044223
-3.7079575
-5.74051
-3.010745
-1.4044223
-2.7974894
-1.4044223
-4.235876
-5.1336865
-4.115872
-2.1681285
-1.4044223
-2.554887
-5.4554744
-4.800256
-2.4457333
-5.840043
-2.1681285
-5.3542414
-3.4533527
-1.4044223
-5.4972258
-4.6283207
-3.1333272
-1.851445
-6.618417
-3.8979204
-1.851445
-2.4457333
-3.010745
-3.010745
-2.2074938
-1.728569
-2.4457333
-5.1530886
-3.715344
-2.6782155
-3.010745
-4.1789713
-1.4044223
-1.4044223
-2.8503506
-1.4044223
-2.4457333
-1.4044223
-1.4044223
-2.1253185
-2.1681285
-1.4044223
-4.017649
-1.4044223
-2.1618943
-2.291965
-2.2074938
-2.1253185
-3.010745
-1.7988532
-2.415916
-4.1411653
-2.6782155
-2.6782155
-3.3303745
-2.291965
-4.4427614
-1.4044223
-5.059712
-1.4044223
-1.9606384
-2.6782155
-5.188303
-5.148603
-3.6630464
-2.6782155
-2.226341
-6.815943
-2.1253185
-2.226341
-1.4044223
-4.4911704
-2.291965
-2.2007825
-5.8790283
-2.6492352
-6.945077
-2.291965
-2.2074938
-2.1681285
-4.323505
-6.618417
-2.6782155
-4.0582128
-2.2074938
-2.2074938
-2.6782155
-4.0700817
-2.1681285
-1.4044223
-6.945077
-5.840043
-1.4044223
-2.554887
-4.4911704
-2.4457333
-2.6782155
-2.2074938
-5.1380196
-4.4911704
-2.554887
-3.6630464
-4.0958734
-5.840043
-4.975648
-3.8755035
-2.6782155
-6.483466
-4.0700817
-5.4972258
-5.840043
-2.6782155
-2.6782155
-3.7079575
-2.6782155
-2.1681285
-2.6782155
-4.331524
-4.323505
-1.728569
-1.4044223
-4.323505
-4.975648
-4.323505
-4.1102786
-3.4717271
-1.4044223
-4.323505
-2.2074938
-1.4044223
-2.1946468
-1.4044223
-3.4415007
-4.37273
-1.4044223
-2.554887
-2.291965
-1.4044223
-6.239068
-2.2074938
-2.2074938
-3.4415007
-2.554887
-3.010745
-2.8503506
-2.4984846
-3.3406773
-2.6782155
-4.0232983
-5.0298457
-5.464615
-4.6795835
-4.4911704
-6.3442974
-2.4984846
-4.654271
-5.047518
-4.307396
-1.4044223
-2.2250817
-3.8869824
-4.1789713
-2.8503506
-3.9820583
-1.4044223
-5.74051
-6.1544275
-1.4044223
-1.851445
-2.7974894
-1.4044223
-2.7974894
-0.8140271
-2.6782155
-1.4044223
-3.3303745
-5.0298457
-2.226341
-2.2074938
-2.6782155
-2.1681285
-6.815943
-2.226341
-3.3406773
-2.7974894
-4.1789713
-1.4044223
-6.945077
-2.1681285
-4.700704
-1.8430461
-5.65959
-3.2227793
-2.7185423
-5.80427
-4.9537306
-4.582948
-1.8430461
-3.7909799
-5.6356516
-1.8430461
-5.0298457
-2.2250817
-3.010745
-1.4044223
-3.059378
-5.4972258
-1.4044223
-5.0298457
-2.554887
-1.4044223
-3.010745
-3.010745
-1.9052911
-2.6782155
-3.7909799
-4.6668863
-3.796496
-1.8430461
-4.624025
-5.057172
-2.1681285
-3.7909799
-2.2250817
-1.851445
-2.1681285
-1.4044223
-2.1253185
-3.9271984
-5.2192087
-6.0227604
-1.4044223
-1.4044223
-3.7358136
-1.4044223
-2.2074938
-3.4533527
-1.9052911
-2.2253556
-2.2074938
-2.918483
-1.8430461
-4.3664193
-2.4488244
-1.4044223
-1.851445
-4.597189
-3.1454947
-2.226341
-5.0298457
-1.4044223
-0.8140271
-4.307396
-2.291965
-2.6782155
-6.618417
-3.7612042
-5.0298457
-2.226341
-1.728569
-2.1681285
-1.9052911
-2.1253185
-4.7338367
-4.2746644
-5.540118
-3.9628398
-2.8503506
-3.156974
-5.0298457
-4.991209
-4.991209
-3.8039806
-5.74051
-3.010745
-2.7974894
-4.624025
-4.624025
-3.010745
-4.307396
-6.945077
-1.4044223
-3.7097607
-2.2074938
-2.2074938
-2.1681285
-1.4044223
-4.115872
-3.8039806
-2.2074938
-2.1253185
-1.4044223
-3.6630464
-2.1253185
-1.4044223
-5.4342823
-4.403739
-1.7507426
-5.347135
-2.1618943
-5.171985
-4.7547717
-2.1681285
-5.5708637
-3.8191855
-6.483466
-2.2074938
-4.700704
-4.331524
-4.7456756
-2.6782155
-5.80427
-2.1274493
-3.010745
-2.1681285
-1.4044223
-1.4044223
-4.624025
-3.6630464
-2.4984846
-2.2250817
-2.291965
-5.119265
-5.4342823
-3.060125
-5.4342823
-2.2074938
-2.6782155
-4.484542
-3.8191855
-4.8865395
-2.4984846
-5.65959
-2.4984846
-4.89071
-1.4044223
-6.815943
-5.684924
-4.991209
-4.991209
-4.1720757
-3.8269093
-4.991209
-2.6782155
-4.1884665
-2.1681285
-2.291965
-2.9645379
-4.8393927
-4.6693964
-3.6780522
-2.9645379
-3.010745
-4.26563
-2.1681285
-4.152564
-6.945077
-4.0700817
-1.851445
-5.0298457
-4.8865395
-4.654271
-2.4591918
-2.6782155
-3.4236877
-5.0128646
-4.307396
-4.800256
-5.425752
-4.307396
-3.6729465
-4.8865395
-4.991209
-2.4591918
-1.8430461
-5.0298457
-4.307396
-4.991209
-3.6630464
-1.728569
-3.7123814
-1.4044223
-5.2412934
-4.8865395
-4.8298626
-4.800256
-2.2074938
-4.0700817
-4.582948
-4.364024
-3.8039806
-2.2074938
-4.0989366
-1.4044223
-3.010745
-3.3396797
-3.3396797
-4.871898
-1.728569
-2.2250817
-2.918483
-5.4491844
-5.840043
-2.554887
-2.2074938
-2.1681285
-2.1681285
-2.1681285
-5.840043
-4.1207666
-2.554887
-3.8996277
-5.082485
-3.010745
-2.1253185
-2.2074938
-1.4044223
-1.4044223
-4.7338367
-2.1681285
-3.4415007
-2.2074938
-1.851445
-1.851445
-2.1253185
-2.2074938
-4.284452
-1.4044223
-1.8430461
-2.6782155
-1.851445
-2.1681285
-2.6782155
-3.010745
-2.8984623
-2.554887
-2.6782155
-4.8298626
-2.226341
-4.6752176
-2.1274493
-2.4984846
-3.364992
-1.4044223
-4.991209
-4.7703686
-4.4911704
-2.5903785
-1.4044223
-4.1884665
-3.7909799
-4.6668863
-1.4044223
-4.331524
-1.4044223
-3.7079575
-4.307396
-1.4044223
-4.991209
-5.4342823
-5.4342823
-1.851445
-1.851445
-1.4044223
-1.4044223
-6.945077
-5.591405
-4.7338367
-2.927896
-2.226341
-1.9804219
-1.4044223
-4.331524
-4.331524
-2.2007825
-2.6782155
-2.1681285
-1.728569
-4.0989366
-2.1681285
-1.851445
-6.0227604
-2.6782155
-4.307396
-5.0298457
-2.728928
-5.591405
-2.4488244
-2.1550725
-4.4589944
-2.1681285
-2.1681285
-2.8392072
-1.4044223
-2.2250817
-2.4457333
-5.4342823
-2.1681285
-4.742686
-2.4984846
-3.7123814
-4.1789713
-3.3406773
-1.9606384
-0.8140271
-3.4400818
-4.9251695
-2.554887
-2.2074938
-2.1550725
-3.3406773
-1.4044223
-2.554887
-3.6630464
-1.4044223
-5.540118
-2.2074938
-5.74051
-2.6782155
-5.188303
-1.8430461
-4.8016596
-2.2074938
-1.851445
-2.6782155
-3.3406773
-2.2074938
-2.1681285
-1.4044223
-1.7988532
-1.851445
-4.9251695
-6.945077
-5.330534
-4.4911704
-1.4044223
-3.7909799
-4.1789713
-3.3406773
-1.4044223
-5.419875
-3.060125
-3.4236877
-1.4044223
-1.4044223
-1.4044223
-1.851445
-2.4984846
-2.554887
-2.1681285
-2.291965
-3.6780522
-2.6782155
-2.6782155
-1.728569
-2.2074938
-2.6782155
-2.8503506
-4.307396
-2.554887
-1.7988532
-5.4342823
-2.4591918
-2.554887
-4.6752176
-4.654271
-6.945077
-2.8503506
-3.4415007
-2.6782155
-4.1884665
-3.8191855
-3.6854436
-2.1253185
-2.8503506
-5.2805915
-3.010745
-4.7456756
-1.851445
-2.7185423
-3.3406773
-3.032883
-5.171985
-5.4342823
-6.083623
-1.4044223
-4.307396
-3.032883
-6.3442974
-5.319148
-2.2074938
-4.0700817
-3.8269093
-4.1884665
-4.1884665
-2.728928
-6.815943
-4.307396
-1.4044223
-2.1253185
-2.1253185
-1.4044223
-1.4044223
-2.1274493
-2.4984846
-2.7185423
-2.728928
-2.9881597
-4.518746
-4.323505
-2.918483
-2.4457333
-5.039111
-2.2074938
-2.2007825
-2.6782155
-3.4400818
-4.297172
-3.9271984
-5.188303
-2.6782155
-1.851445
-2.7261438
-1.851445
-1.8430461
-4.9943256
-2.728928
-1.851445
-3.010745
-1.4044223
-2.4591918
-6.945077
-2.4457333
-2.2074938
-2.9656568
-1.7507426
-3.3406773
-1.4044223
-1.851445
-1.851445
-1.4044223
-1.4044223
-3.9231536
-3.6729465
-1.4044223
-5.148603
-1.4044223
-3.8996277
-5.1336865
-1.4044223
-3.7909799
-2.554887
-3.939329
-2.1274493
-2.8503506
-3.6234782
-2.415916
-4.1884665
-2.4984846
-1.4044223
-6.945077
-1.4044223
-3.7909799
-2.1253185
-3.7188442
-2.1253185
-4.004928
-2.2074938
-5.319148
-2.9715788
-4.781648
-3.1333272
-6.945077
-6.945077
-1.728569
-4.8137536
-4.9251695
-2.1253185
-1.4044223
-2.1681285
-2.9656568
-2.4984846
-5.188303
-2.2074938
-5.188303
-2.9656568
-3.7079575
-2.1253185
-2.6870956
-2.1681285
-1.851445
-4.549224
-2.6492352
-5.366598
-4.7257614
-5.6129646
-3.3406773
-3.010745
-2.291965
-1.4044223
-2.554887
-3.0657132
-4.26563
-4.991209
-3.1781318
-2.2074938
-2.582616
-2.2253556
-4.225865
-5.74051
-2.8503506
-1.4044223
-3.010745
-2.2074938
-2.4958913
-2.927896
-3.010745
-1.851445
-4.307396
-2.2074938
-3.7079575
-3.5782218
-4.0958734
-2.2074938
-3.7123814
-3.3406773
-4.80335
-3.3406773
-4.9297295
-3.3406773
-1.4044223
-2.291965
-2.1550725
-4.7097173
-3.227489
-5.188303
-5.540118
-2.554887
-1.9804219
-1.728569
-2.6782155
-3.6780522
-2.4591918
-2.6492352
-4.323505
-2.2253556
-4.3361735
-1.4044223
-1.4044223
-1.851445
-1.4044223
-4.094839
-1.4044223
-5.188303
-4.106073
-1.4044223
-4.800256
-2.1681285
-3.0657132
-2.4591918
-2.554887
-2.291965
-6.945077
-3.1186345
-1.4044223
-5.319148
-5.205258
-4.810258
-6.945077
-2.2007825
-2.6782155
-2.6782155
-3.010745
-1.4044223
-4.4911704
-1.4044223
-1.4044223
-2.6782155
-4.1411653
-3.3406773
-4.7097173
-4.2746644
-3.9555223
-5.2663107
-4.6668863
-5.0984936
-1.4044223
-2.6782155
-1.4044223
-1.4044223
-3.4400818
-5.540118
-5.2412934
-4.4911704
-2.1681285
-4.0989366
-6.945077
-4.7898555
-5.540118
-2.291965
-5.573258
-2.4984846
-2.6782155
-1.4044223
-1.814179
-1.4044223
-2.6782155
-2.1681285
-3.877904
-2.4984846
-1.4044223
-1.4044223
-4.970582
-2.291965
-3.6729465
-4.0700817
-2.6782155
-3.032883
-4.80335
-2.2074938
-2.2074938
-4.307396
-4.1102786
-2.0408018
-2.918483
-2.4591918
-2.6782155
-2.291965
-3.1333272
-1.851445
-4.800256
-2.2250817
-1.851445
-3.1333272
-3.939329
-4.800256
-2.1681285
-4.800256
-3.6780522
-2.291965
-1.4044223
-2.415916
-3.010745
-2.1681285
-4.26563
-4.0989366
-4.0700817
-4.1789713
-2.1681285
-6.1544275
-2.6782155
-1.851445
-2.1681285
-1.4044223
-2.1681285
-1.4044223
-4.115872
-3.010745
-1.4044223
-1.851445
-4.7672043
-2.291965
-2.291965
-5.0851774
-1.4044223
-1.4044223
-6.618417
-5.0659394
-5.540118
-5.4554744
-5.260498
-1.4044223
-4.6752176
-1.4044223
-1.8430461
-3.010745
-1.4044223
-3.010745
-2.1681285
-1.4044223
-2.6782155
-5.0298457
-6.1544275
-4.5919046
-4.7229047
-3.1333272
-4.800256
-1.851445
-2.291965
-5.188303
-2.1681285
-2.927896
-1.851445
-1.851445
-2.226341
-2.554887
-4.115872
-4.7338367
-2.6782155
-4.684768
-1.4044223
-3.7188442
-3.9891176
-5.6129646
-2.4488244
-2.1681285
-2.554887
-4.781648
-2.291965
-4.307396
-4.800256
-4.307396
-1.728569
-4.307396
-2.6782155
-5.21399
-3.6630464
-3.032883
-2.1681285
-4.7338367
-4.7338367
-5.540118
-3.4221182
-4.7338367
-6.618417
-2.5903785
-0.8140271
-6.0227604
-2.291965
-2.2074938
-1.851445
-2.1253185
-5.425752
-1.8430461
-2.2250817
-5.5708637
-5.1336865
-4.991209
-4.8865395
-1.851445
-3.010745
-1.8430461
-1.851445
-4.7338367
-2.1253185
-2.226341
-1.4044223
-4.800256
-4.800256
-4.8865395
-4.0700817
-4.3639207
-3.7909799
-2.4488244
-1.4044223
-4.800256
-1.4044223
-2.6782155
-4.3639207
-5.4342823
-1.4044223
-2.6782155
-5.260498
-3.010745
-4.89071
-4.7338367
-1.728569
-1.4044223
-5.384667
-4.800256
-1.4044223
-5.246853
-3.715344
-3.010745
-2.6782155
-5.171985
-2.226341
-3.796496
-4.115872
-2.6492352
-1.8430461
-2.6782155
-3.6780522
-1.4044223
-4.7338367
-2.6782155
-1.4044223
-4.0958734
-6.945077
-1.4044223
-4.570744
-6.618417
-3.348672
-3.8882306
-2.9715788
-3.475597
-4.800256
-4.307396
-3.9446537
-2.1681285
-5.371793
-2.1681285
-2.1681285
-1.4044223
-2.4984846
-1.4044223
-2.8503506
-2.1681285
-1.728569
-6.083623
-2.4984846
-1.851445
-5.063363
-3.1333272
-2.1681285
-2.5903785
-1.851445
-1.851445
-5.4342823
-3.4221182
-4.8865395
-1.851445
-2.9049714
-2.554887
-3.6234782
-4.734111
-1.4044223
-3.010745
-3.7123814
-3.3396797
-1.851445
-1.4044223
-5.5708637
-3.5642424
-2.554887
-5.419875
-1.4044223
-6.3442974
-4.5074034
