-3.3263972
-4.3052435
-3.837476
-2.1418862
-3.3210077
-4.8948503
-4.1384425
-3.7149053
-3.430358
-2.2744253
-3.430358
-4.885365
-3.2796116
-2.3193672
-3.4240394
-5.9345765
-3.0263615
-2.2005813
-3.4251842
-5.8024025
-3.6236255
-2.4998631
-4.584459
-4.2869234
-4.9157834
-2.4347825
-1.7187088
-1.8888775
-2.2404108
-4.3052435
-2.8277843
-2.2404108
-1.3976797
-3.4240394
-4.8302565
-3.6900704
-2.9170341
-2.2396877
-2.8090277
-4.7534657
-6.633834
-3.6236255
-4.4884458
-2.8277843
-2.9047165
-4.702864
-3.7326963
-2.8390574
-3.9340005
-3.0263615
-2.1418862
-2.551594
-3.7591515
-2.8090277
-2.9652362
-1.5047227
-3.4251842
-4.033394
-1.4023557
-3.0675979
-4.7752457
-3.9488473
-2.1418862
-2.5458462
-3.4211748
-4.5859084
-4.069137
-2.8390574
-3.4240394
-3.7492769
-3.3210077
-4.702864
-4.367756
-2.459027
-3.775506
-3.837476
-3.0802975
-2.3193672
-4.2701445
-4.5475783
-3.0957198
-3.6397014
-3.2548647
-4.702864
-2.642039
-5.9345765
-3.4251842
-3.837476
-2.9170341
-4.632563
-5.2453346
-4.394889
-4.866294
-3.842272
-5.249857
-4.2655845
-3.2985678
-1.4023557
-3.5907116
-5.0765266
-2.1418862
-4.6186614
-2.2404108
-3.2933967
-4.637969
-4.055254
-2.9930096
-3.4687233
-3.9488473
-3.3210077
-3.4687233
-3.3210077
-3.430358
-3.0610082
-2.9658184
-6.352675
-5.3004966
-3.3210077
-2.9074607
-3.8967433
-3.9458654
-2.8044608
-3.1488492
-3.6378467
-0.36410666
-3.7938325
-4.149859
-3.430358
-4.5738893
-2.87446
-3.2349293
-2.1418862
-2.8090277
-3.3210077
-3.842272
-3.4687233
-1.73908
-6.0878716
-3.913032
-3.4251842
-3.6460657
-3.7591515
-2.723293
-2.2404108
-3.7326963
-2.5803027
-2.1418862
-6.0677023
-2.729534
-3.1286635
-3.1923926
-2.9658184
-3.430358
-2.266615
-3.4367576
-5.2731466
-1.6992358
-3.3921704
-2.8090277
-2.6048815
-3.4158604
-3.430358
-2.9658184
-2.2404108
-3.6963646
-4.2655845
-1.828615
-2.9652362
-3.0079036
-3.4687233
-0.9300039
-3.837476
-2.8631542
-3.296576
-3.4251842
-2.386279
-0.36410666
-4.702864
-4.4884458
-3.49288
-5.823419
-4.022133
-4.130608
-2.8090277
-6.9050264
-3.4251842
-2.3193672
-2.1418862
-5.78487
-7.0133834
-4.4007683
-4.246508
-2.831662
-4.4750533
-2.4510574
-3.0996737
-2.8277843
-4.055254
-2.538915
-2.8277843
-2.5754483
-2.1839843
-3.2323453
-1.828615
-5.1562667
-6.9050264
-2.380881
-6.0677023
-3.9986935
-4.702864
-3.9340005
-4.702864
-3.3508096
-3.4211748
-3.7591515
-2.707866
-3.842272
-3.7591515
-4.1481724
-2.9658184
-3.891556
-3.2252464
-3.1410875
-3.430358
-4.134642
-5.3808427
-4.4961905
-3.2772508
-3.837476
-2.551594
-4.702831
-3.0103362
-3.6268156
-4.702864
-3.4240394
-3.7591515
-4.362063
-2.4551024
-4.839189
-3.837476
-1.5047227
-4.8302565
-5.5891113
-3.3375916
-5.3396363
-2.5803027
-4.8029566
-2.243121
-4.3203053
-2.8277843
-2.8292525
-3.9025373
-5.741343
-1.828615
-3.3210077
-3.7591515
-0.5614988
-4.866294
-5.4243493
-0.5614988
-3.2796116
-3.7591515
-3.4915156
-4.770291
-3.2167377
-3.7591515
-1.688435
-4.8188453
-4.3052435
-3.4767988
-2.8887203
-3.1134975
-3.0996737
-3.7591515
-2.8090277
-2.8090277
-2.7351918
-4.702864
-4.702864
-3.0263615
-2.9658184
-2.959352
-2.433925
-3.7591515
-4.246508
-4.209222
-4.702864
-3.6268156
-4.2655845
-4.839189
-3.4251842
-6.9050264
-4.0885854
-4.2655845
-2.8277843
-2.8376408
-3.7591515
-3.365475
-1.532887
-3.6113832
-2.707866
-3.6236255
-4.676953
-3.7591515
-3.9035175
-4.702864
-5.313701
-4.3203053
-5.313701
-5.65363
-3.7591515
-2.6048815
-3.0263615
-3.8967433
-3.516006
-2.7856228
-3.430358
-2.9658184
-5.64065
-5.1622066
-3.7591515
-3.8783395
-5.774763
-3.5317721
-5.6248646
-1.7187088
-3.6236255
-4.0968027
-2.5754483
-3.4856892
-3.7591515
-3.7591515
-2.9047165
-1.3080475
-2.2404108
-2.7062817
-3.2593465
-5.3453465
-2.9658184
-1.2144798
-5.1622066
-4.9157834
-5.16272
-4.1481533
-2.243121
-2.7622175
-2.076964
-3.6299896
-3.3364136
-3.5426927
-2.8090277
-5.1622066
-3.3364136
-4.702864
-4.910194
-3.837476
-2.790072
-2.9652362
-2.5415907
-2.9658184
-2.5754483
-3.9275017
-3.0811381
-5.1562667
-2.6865067
-3.4687233
-4.3052435
-6.443481
-3.5603967
-4.557042
-4.2655845
-2.5754483
-3.4240394
-3.1488492
-4.3052435
-3.837476
-3.0263615
-3.8700817
-2.4347825
-3.7591515
-2.3598902
-3.635712
-2.8090277
-4.1384425
-3.0811381
-5.1622066
-4.4961905
-4.702864
-3.516006
-3.2243063
-5.1622066
-3.8330576
-1.3080475
-3.4251842
-5.9345765
-4.705371
-4.3259892
-3.4158604
-2.9688194
-3.9506533
-2.380881
-3.935183
-2.9186962
-4.3052435
-3.4240394
-4.702864
-2.1392725
-2.4551024
-2.1392725
-3.0263615
-2.1525285
-2.7015023
-3.5093257
-4.4750533
-5.1562667
-4.2655845
-3.3600206
-2.380881
-4.2655845
-4.702864
-4.7189884
-4.055254
-5.1562667
-3.2794669
-2.2005813
-4.2655845
-3.0263615
-3.837476
-2.9413316
-3.7591515
-4.04452
-3.0625272
-3.7591515
-4.1644154
-3.631946
-2.7693477
-4.5843143
-2.9787052
-3.7591515
-2.2851145
-5.65363
-4.2655845
-3.430358
-4.0990586
-3.837476
-2.793988
-2.9382977
-1.828615
-3.2932484
-1.5488051
-4.2655845
-3.3921704
-4.8139353
-3.6236255
-3.2325914
-3.0263615
-3.0263615
-2.5754483
-3.146108
-2.4551024
-2.8277843
-2.707866
-2.3598902
-1.1417961
-3.348696
-1.828615
-5.280831
-2.8277843
-6.70369
-5.3453465
-5.3453465
-3.9229283
-3.837476
-4.158758
-2.6865067
-4.3203053
-3.8918455
-2.1936789
-3.0263615
-3.1110618
-3.8599303
-2.8719828
-3.5806458
-4.560919
-4.5931396
-2.8277843
-5.7071314
-4.2701445
-2.9162545
-2.1936789
-3.5606575
-2.8853958
-3.5606575
-2.5155232
-6.2285852
-2.6976342
-2.7882633
-2.7537134
-3.8599303
-3.9007914
-3.3183904
-2.6707957
-4.286715
-3.8788974
-5.78487
-2.5640197
-5.9345765
-3.5350714
-3.5606575
-4.061786
-3.430358
-3.7906365
-5.260777
-5.0240107
-5.3287935
-2.2744253
-3.9207616
-3.7191782
-4.702864
-3.68663
-2.8451695
-2.352581
-2.2744253
-3.5606575
-3.842272
-4.702864
-2.4998631
-3.541544
-4.1374183
-3.4779956
-3.4453225
-3.5606575
-4.0945044
-6.489805
-4.9467816
-3.9379523
-3.5606575
-2.5542743
-6.4232836
-2.551594
-3.5606575
-2.7568698
-3.2866228
-4.73554
-2.2328298
-3.842272
-1.8888775
-4.285555
-3.5606575
-2.3847637
-2.7882633
-4.2564964
-4.702864
-2.3211133
-3.1818402
-3.9055705
-2.645469
-6.633834
-3.7191782
-5.144881
-3.7191782
-3.842272
-4.5859084
-4.2049108
-3.7191782
-5.068413
-2.2744253
-3.838022
-4.4750533
-4.0934997
-4.7860513
-3.864887
-4.015806
-5.628904
-3.5759506
-4.28067
-1.959413
-5.0571785
-2.8853958
-3.3778014
-2.8277843
-1.6870583
-3.3451116
-4.981269
-3.8572478
-2.6402147
-4.5026436
-2.4551024
-4.3052435
-4.8971434
-2.1418862
-4.531093
-2.380881
-1.9661032
-3.5962372
-4.8043447
-2.9170341
-3.146108
-4.0006986
-1.6870583
-3.497282
-4.323657
-3.9154503
-4.4884458
-2.6651464
-2.3193672
-6.9050264
-0.8596053
-3.4553397
-3.9364312
-4.4059978
-2.6403189
-4.533983
-4.3257103
-2.3679242
-4.651298
-4.702864
-2.1418862
-7.1630898
-3.5606575
-4.793556
-3.1553366
-3.1488492
-3.7591515
-3.842272
-1.2144798
-2.6651464
-3.6933765
-3.8572478
-3.9533877
-2.718733
-6.633834
-2.8872921
-2.9170341
-3.1553366
-1.533001
-5.3287935
-5.3824606
-1.6870583
-2.2744253
-4.3642716
-5.8471746
-2.2744253
-4.2761955
-4.82645
-2.7127717
-4.3564687
-4.28067
-4.668585
-2.4551024
-1.5106885
-4.193022
-2.2328298
-4.533983
-2.5208046
-4.0388036
-4.0577693
-2.831662
-4.3869205
-1.533001
-6.510003
-2.8963184
-3.192143
-5.6487484
-3.645737
-6.0878716
-3.1279786
-3.5182292
-5.917447
-5.6487484
-2.2233918
-3.3460212
-4.2322965
-4.4283304
-4.1174183
-5.488651
-0.553689
-4.3198123
-5.877529
-3.4891176
-2.3969882
-2.9047165
-2.2328298
-3.837562
-1.7799249
-2.2744253
-3.5971563
-4.6370096
-1.2144798
-2.5357845
-1.7187088
-5.7552505
-5.5005274
-3.312749
-2.7127717
-3.9488473
-2.2233918
-4.9060388
-2.8292525
-4.5475783
-4.2655845
-2.6382828
-2.8390574
-4.7577767
-6.633834
-5.460479
-3.5971563
-6.096493
-6.096493
-3.781038
-5.030466
-1.9119033
-3.6236255
-4.0577693
-4.0577693
-3.5327497
-4.588452
-0.36410666
-1.5047227
-3.5705452
-2.2744253
-3.3146439
-3.8613749
-2.509089
-4.3203053
-4.055254
-3.0263615
-3.045776
-1.246145
-4.42173
-4.5931396
-4.135334
-4.0006986
-4.811111
-1.5047227
-4.8029566
-1.3199909
-6.443481
-2.7718835
-3.4687233
-5.2548566
-2.1396334
-5.9379735
-2.6548457
-2.560672
-4.394621
-6.6340256
-4.044513
-4.1596603
-3.8301692
-4.925607
-2.2744253
-2.9658184
-2.7962718
-3.6378467
-4.3203053
-2.836757
-2.9658184
-2.5801768
-3.0881226
-3.9364874
-4.0006986
-4.3052435
-4.702864
-4.702864
-1.2746696
-4.998252
-2.9658184
-2.8081348
-5.9345765
-2.6749382
-3.9364874
-6.243911
-5.0888653
-3.296576
-4.0577693
-4.0577693
-3.2086906
-2.2396877
-4.0577693
-2.2851145
-2.6489222
-1.6181449
-1.8888775
-3.3977559
-3.031371
-1.688435
-3.0870287
-5.662979
-2.4551024
-2.6402147
-2.2744253
-2.791393
-2.1839843
-3.842272
-2.2404108
-2.7127717
-3.0263615
-2.380881
-3.9657345
-3.9364874
-4.2899547
-3.003534
-2.6716084
-3.837476
-4.702864
-5.0765266
-4.372473
-3.0263615
-3.8623543
-3.312749
-2.6571734
-2.7127717
-3.958891
-2.5025635
-4.3203053
-4.531093
-2.791393
-4.0361996
-4.055254
-4.77309
-2.6749382
-3.7591515
-3.5308995
-3.842272
-2.9170341
-3.3858378
-4.3903923
-4.702864
-3.4240394
-3.1488492
-2.8277843
-3.7567792
-3.7567792
-4.2655845
-3.1488492
-2.939778
-2.8805602
-6.243911
-1.6782659
-4.033394
-5.5891113
-2.6402147
-3.2796116
-1.9957715
-4.702864
-2.0770035
-3.430358
-2.9047165
-3.8248363
-2.8277843
-4.9361405
-4.221937
-4.3052435
-2.2404108
-4.2655845
-2.243121
-1.2628454
-4.745563
-3.958891
-1.2144798
-4.0890036
-3.7527559
-2.831662
-3.4482946
-4.2943993
-2.9547343
-1.2144798
-5.1562667
-3.0210125
-2.4551024
-2.0770035
-3.430358
-3.0957198
-3.5759506
-4.1697674
-3.3767862
-3.8393056
-2.5619013
-4.537763
-2.0770035
-6.096493
-2.6749382
-3.5606575
-2.8853958
-4.0006986
-1.8888775
-1.533001
-4.533983
-2.2404108
-3.5877492
-4.2655845
-2.7882633
-3.6544163
-6.633834
-4.0577693
-3.9364874
-4.3052435
-2.2404108
-5.2414017
-4.1486764
-4.2989244
-3.6544163
-4.883258
-4.2655845
-1.8832291
-3.781038
-2.2233918
-6.243911
-3.5877492
-3.5877492
-3.430358
-3.630018
-3.630018
-2.318708
-2.9226875
-5.460263
-2.3193672
-4.5333047
-3.5606575
-5.54978
-5.605123
-2.6749382
-5.31684
-2.3969882
-2.3700173
-2.87446
-4.246508
-4.246508
-4.246508
-3.9213233
-2.8853958
-2.602104
-4.3052435
-4.5205774
-2.2744253
-3.8967433
-2.8853958
-4.0006986
-4.793556
-3.3042946
-1.7120199
-4.3203053
-2.560589
-1.106678
-2.9658184
-3.430358
-4.793556
-2.9577692
-3.6236255
-6.633834
-2.66218
-2.8555987
-3.3385139
-4.1473813
-3.689986
-3.4158604
-3.6378467
-3.4687233
-2.2744253
-2.2404108
-3.5606575
-4.793556
-4.5859084
-2.2744253
-2.627182
-2.8960679
-3.6544163
-3.1971562
-4.291891
-4.6131377
-5.144881
-1.0239756
-1.533001
-4.631026
-4.793556
-3.6300066
-3.312749
-4.0253234
-3.5285265
-2.6716084
-3.7591515
-3.0224624
-3.9693203
-2.4919043
-3.4240394
-4.4992795
-3.1664135
-3.2935538
-1.2628454
-3.570792
-2.8090277
-6.243911
-2.8630898
-1.2144798
-2.1453993
-4.033394
-4.033394
-4.3052435
-3.1872683
-5.3175626
-1.770703
-2.380881
-3.985213
-6.633834
-2.2396877
-4.0487247
-3.7552395
-2.6548457
-2.165587
-1.6429392
-3.5278196
-1.828615
-2.8277843
-6.75532
-2.1418862
-2.718733
-4.793556
-3.4251842
-4.1985736
-3.9364874
-7.0133834
-2.9577692
-2.9074607
-3.4251842
-4.4954863
-2.6403189
-3.8112416
-3.842272
-4.3052435
-3.7552395
-2.6489222
-6.7837324
-6.6340256
-1.2144798
-4.5234127
-2.6548457
-2.6548457
-3.8727603
-1.9015058
-2.755904
-2.939778
-2.718733
-3.4211748
-3.4915955
-5.013571
-4.4072595
-2.769938
-2.9047165
-3.430358
-5.409091
-3.430358
-4.1596603
-2.5025635
-2.170156
-6.0878716
-3.4158604
-3.021764
-2.170156
-6.5382786
-2.170156
-4.1620274
-2.1418862
-3.031371
-3.9364874
-4.663038
-2.9723482
-3.1201856
-7.1630898
-5.099473
-4.07236
-3.838022
-2.635205
-4.793556
-3.735478
-3.9364874
-2.1453993
-2.0256867
-2.4998631
-2.1374245
-3.270718
-3.5235019
-3.1316571
-1.2144798
-3.9533877
-3.7591515
-4.1473813
-4.0577693
-1.6477637
-4.2297373
-2.1769505
-3.6702495
-3.3356535
-5.788449
-3.7552395
-2.6897998
-2.9047165
-3.4240394
-4.6244984
-5.3681517
-4.4876065
-3.5452352
-3.1199021
-5.5005274
-5.082345
-3.8102643
-2.8277843
-3.2391012
-3.408489
-7.1630898
-3.5962372
-1.8832291
-4.2623057
-4.1825943
-2.8657382
-3.0557084
-1.2144798
-3.57202
-1.2473639
-5.107824
-2.9170341
-3.4158604
-3.57202
-2.7882633
-4.015806
-3.7089446
-2.3193672
-4.5937815
-2.8853958
-4.2771497
-4.0095854
-4.1062407
-4.4007683
-4.981269
-2.4551024
-1.1177175
-4.1644154
-3.541544
-4.2656846
-2.5458462
-4.0577693
-2.5488372
-2.7007878
-2.8853958
-3.7937806
-3.825401
-2.2999048
-1.6870583
-3.4251842
-2.8277843
-4.243849
-1.6870583
-4.811111
-2.8277843
-4.055254
-1.6870583
-4.57512
-2.7882633
-3.438537
-2.1936789
-2.1291616
-2.8853958
-4.793556
-3.2662327
-4.981269
-5.401224
-4.793556
-3.86883
-0.8596053
-5.953515
-1.688435
-2.5600522
-3.4158604
-3.5383897
-4.897579
-3.9999967
-7.1630898
-5.64065
-1.9957715
-3.2252464
-2.8288295
-3.2902102
-5.0888653
-3.3299415
-5.013571
-3.1488492
-2.2404108
-4.430306
-1.7187088
-3.6267934
-3.4158604
-2.5890067
-3.3795683
-3.837476
-1.828615
-4.2656846
-2.6716084
-1.6965377
-3.837476
-5.9345765
-5.3280888
-3.8599303
-0.5614988
-1.7780843
-2.6749382
-6.7837324
-2.9047165
-3.5606575
-3.5606575
-2.9330363
-2.8853958
-3.5606575
-5.144881
-4.197381
-3.5606575
-2.9162545
-4.793556
-5.6248646
-3.5606575
-5.882759
-5.056541
-3.6061885
-4.9568133
-3.9364312
-5.615889
-3.555784
-5.1562667
-2.8630898
-4.9157834
-4.055254
-3.5606575
-2.9577692
-3.012059
-6.633834
-3.9567509
-3.2662327
-2.711865
-6.7290406
-2.66218
-3.8599303
-2.076964
-4.0925636
-3.316848
-4.286715
-3.399196
-5.5545263
-1.533001
-3.8788974
-4.930111
-5.9345765
-4.061786
-3.270718
-3.842272
-5.056541
-3.4251842
-3.2662327
-3.5606575
-3.2850294
-1.2144798
-3.4891176
-3.4251842
-2.3193672
-2.3193672
-3.1605783
-3.0802975
-2.9047165
-2.2404108
-2.8090277
-4.012207
-2.2404108
-3.6236255
-3.6236255
-3.837476
-3.0263615
-3.0811381
-3.9764767
-2.831662
-2.3522582
-3.0263615
-3.0263615
-2.2744253
-2.2005813
-3.6397014
-3.842272
-3.1488492
-2.2744253
-4.4884458
-3.681598
-2.2404108
-4.4961905
-4.3052435
-2.2744253
-5.082345
-4.3052435
-2.8277843
-0.9300039
-4.3915052
-4.6186614
-4.3915052
-2.2005813
-2.5458462
-1.0398023
-2.1418862
-2.309691
-3.3263972
-3.2243063
-4.839189
-4.6208425
-3.4251842
-3.4240394
-2.8390574
-3.6933765
-2.8277843
-5.1562667
-2.8277843
-3.0948975
-4.584459
-2.3193672
-4.49078
-5.8024025
-2.1418862
-2.8371775
-4.7752457
-3.0811381
-2.1418862
-2.831662
-3.4158604
-2.2404108
-2.9658184
-2.2404108
-3.3141754
-5.9345765
-3.4240394
-4.994544
-4.866294
-1.7826357
-2.9658184
-2.2744253
-1.828615
-3.012626
-3.7894778
-3.4240394
-2.165587
-5.0185504
-3.5350714
-3.0802975
-3.6544163
-2.707866
-4.394889
-3.7034783
-1.2144798
-2.3969882
-4.9488316
-6.283161
-1.7826357
-2.2404108
-4.2655845
-4.2655845
-3.727781
-3.6290402
-5.9345765
-4.055254
-4.196399
-3.6236255
-5.0765266
-4.8948503
-1.0239756
-3.9458654
-6.7837324
-4.702864
-2.6749382
-3.0610082
-3.631946
-3.1923926
-1.0239756
-3.7591515
-3.021764
-5.0927835
-4.0652685
-4.5931396
-2.3094037
-2.8090277
-3.4158604
-4.4750533
-4.4961905
-2.707866
-2.9658184
-4.4976773
-2.309691
-1.533001
-3.8967433
-2.8090277
-3.4251842
-4.43178
-4.885365
-2.309691
-4.3052435
-3.6268156
-2.0251522
-2.8276076
-2.8277843
-3.430358
-4.2655845
-5.4243493
-4.872896
-3.3634841
-3.837476
-3.0263615
-4.6733303
-4.7189884
-2.4551024
-1.4403739
-4.1813107
-4.4472575
-2.090656
-3.841932
-7.0133834
-4.3648076
-4.9587092
-2.729534
-4.0006986
-4.2655845
-1.7826357
-4.246508
-2.4510574
-2.831662
-4.4750533
-2.7151601
-4.055254
-2.9930096
-2.538915
-2.8277843
-2.1418862
-2.707866
-2.9074607
-2.6749382
-1.828615
-5.1562667
-3.2323453
-6.9050264
-4.7577767
-1.3507712
-2.2404108
-1.9661032
-5.082345
-6.0677023
-3.7163162
-1.6870583
-3.4337173
-3.3637953
-3.408489
-2.1418862
-2.8631542
-2.5754483
-2.3193672
-4.3203053
-2.1418862
-2.9658184
-1.2144798
-1.9791142
-3.4240394
-4.6284933
-3.68663
-4.9797735
-2.8277843
-6.633834
-1.8832291
-5.369733
-3.7986965
-3.7325494
-2.6794035
-2.4998631
-4.7295165
-6.1997848
-5.6938014
-2.8292525
