-3.437775
-4.802618
-3.5520854
-5.07059
-2.9977286
-6.397855
-4.210437
-4.147177
-6.1919107
-2.5750613
-6.1919107
-4.5789595
-3.692798
-2.8117666
-3.4568233
-8.063031
-3.344462
-2.5187721
-3.1592522
-5.684024
-3.6750517
-5.083554
-4.2273364
-6.766135
-5.4136434
-2.927836
-2.2626789
-2.6714833
-4.925376
-4.802618
-4.5009704
-4.925376
-1.4765079
-3.4568233
-4.658716
-3.7753577
-2.672306
-5.383753
-3.6325114
-4.6296206
-8.916941
-3.6750517
-5.034617
-4.5009704
-4.6702914
-4.212377
-4.0074234
-2.6785066
-3.4538605
-3.344462
-5.07059
-5.143304
-3.9798412
-3.6325114
-3.6664047
-4.9738984
-3.1592522
-3.8520398
-1.8030436
-5.008115
-4.485474
-4.0206842
-5.07059
-2.304197
-4.777488
-3.5129318
-4.0686326
-2.6785066
-3.4568233
-4.5990367
-2.9977286
-4.212377
-4.542357
-1.9433749
-4.3153777
-3.5520854
-3.9469578
-2.8117666
-3.3941767
-5.4739428
-3.306919
-4.2924376
-4.4481955
-4.212377
-2.9920204
-5.364864
-3.1592522
-3.5520854
-2.672306
-4.564543
-5.827217
-4.6712565
-5.073582
-4.9934893
-4.243341
-4.9383836
-3.6409786
-1.8030436
-4.541621
-4.187674
-5.07059
-4.5957217
-4.925376
-5.8797455
-3.9446323
-4.1162496
-4.0798454
-4.313882
-4.0206842
-2.9977286
-4.313882
-2.9977286
-6.1919107
-4.860621
-3.691562
-6.1608567
-4.0243797
-2.9977286
-3.8092492
-6.1300416
-4.7315907
-3.8471599
-3.9135578
-4.7867785
-0.21449684
-4.2882047
-4.3905087
-6.1919107
-6.573238
-3.5418568
-3.8891895
-5.07059
-3.6325114
-2.9977286
-4.9934893
-4.313882
-2.6361372
-8.29319
-4.4732065
-3.1592522
-3.3902857
-3.9798412
-2.501516
-4.925376
-4.0074234
-4.8666472
-5.07059
-6.6273994
-3.2459435
-4.32178
-3.3046064
-3.691562
-6.1919107
-3.3694851
-3.3240786
-4.778108
-4.4422007
-4.180908
-3.6325114
-3.984654
-4.1903696
-6.1919107
-3.691562
-4.925376
-3.1239405
-4.9383836
-4.627803
-3.6664047
-4.6886015
-4.313882
-1.2553647
-3.5520854
-2.7283134
-4.2233443
-3.1592522
-3.3849049
-0.21449684
-4.212377
-5.034617
-3.9587958
-7.372244
-3.683189
-3.6170087
-3.6325114
-9.450481
-3.1592522
-2.8117666
-5.07059
-4.988088
-5.092224
-3.2361426
-4.0667686
-3.2748713
-5.181238
-4.4935017
-3.8059497
-4.5009704
-4.1162496
-3.1902611
-4.5009704
-3.8717375
-2.6084533
-3.7166984
-4.627803
-5.199145
-8.17183
-2.82257
-6.6273994
-6.2176657
-4.212377
-3.4538605
-4.212377
-4.3895707
-4.777488
-3.9798412
-3.5441852
-4.9934893
-3.9798412
-3.0578847
-3.691562
-4.7891965
-5.0818653
-3.734328
-6.1919107
-5.690788
-5.999365
-4.68072
-4.064271
-3.5520854
-5.143304
-4.494228
-4.5414214
-4.347122
-4.212377
-3.4568233
-3.9798412
-4.587196
-3.811771
-6.2927346
-3.5520854
-4.9738984
-4.658716
-5.9131827
-3.9995549
-5.9143376
-4.8666472
-5.2422376
-5.5598617
-5.2661543
-4.5009704
-4.9862843
-3.9640627
-5.2580814
-4.627803
-2.9977286
-3.9798412
-0.7372867
-5.073582
-3.6858747
-0.7372867
-3.692798
-3.9798412
-5.3672576
-4.6715155
-3.896889
-3.9798412
-4.098424
-3.7142107
-4.802618
-5.520981
-4.502899
-3.6806545
-3.8059497
-3.9798412
-3.6325114
-3.6325114
-4.7952743
-4.212377
-4.212377
-3.344462
-3.691562
-5.0132527
-4.1711497
-3.9798412
-4.0667686
-4.925151
-4.212377
-4.347122
-4.9383836
-8.242233
-3.1592522
-9.450481
-3.8923085
-4.9383836
-4.5009704
-5.131498
-3.9798412
-4.296672
-4.242359
-3.5262527
-3.5441852
-3.6750517
-5.4838233
-3.9798412
-4.798488
-4.212377
-4.2767844
-5.2661543
-4.2767844
-5.339777
-3.9798412
-3.984654
-3.344462
-5.6666226
-2.9811027
-3.5812209
-6.1919107
-3.691562
-6.7641525
-5.0431547
-3.9798412
-4.1884017
-7.27064
-3.7784421
-6.0500584
-2.2626789
-3.6750517
-4.623357
-3.8717375
-4.816416
-3.9798412
-3.9798412
-4.6702914
-2.1413014
-4.925376
-3.8425395
-5.6498933
-5.709456
-3.691562
-4.601869
-5.0431547
-5.4136434
-5.1842933
-5.375905
-5.5598617
-3.1187816
-5.0130415
-4.709665
-4.968097
-4.861499
-3.6325114
-5.851172
-4.968097
-4.212377
-4.165438
-3.5520854
-2.9516366
-3.6664047
-5.2259707
-3.691562
-3.8717375
-5.870793
-3.3926988
-5.199145
-3.6594625
-4.313882
-4.802618
-8.654719
-5.067604
-6.340381
-4.9383836
-3.8717375
-3.4568233
-3.9135578
-4.802618
-3.5520854
-3.344462
-4.319547
-2.927836
-3.9798412
-5.195074
-4.5245857
-3.6325114
-4.210437
-3.3926988
-5.0431547
-4.68072
-4.212377
-2.9811027
-3.6730955
-5.0431547
-3.9357834
-2.1413014
-3.1592522
-8.836426
-4.8712993
-4.956131
-4.1903696
-3.7971044
-6.615394
-2.82257
-4.0285683
-5.290104
-4.802618
-3.4568233
-4.212377
-3.5617685
-3.811771
-3.5617685
-3.344462
-3.0219364
-3.3256109
-4.419651
-5.181238
-5.199145
-4.9383836
-3.1456785
-2.82257
-4.9383836
-4.212377
-4.8359127
-4.1162496
-5.199145
-5.820822
-2.5187721
-4.9383836
-3.344462
-3.5520854
-4.52095
-3.9798412
-4.8363557
-3.1349912
-3.9798412
-6.0690923
-3.7659655
-3.6747518
-4.7383413
-4.463851
-3.9798412
-2.4024904
-5.5195537
-4.9383836
-6.1919107
-4.9907665
-3.5520854
-3.2983408
-4.7573137
-4.627803
-4.3523803
-2.4065964
-4.9383836
-4.180908
-4.903459
-3.6750517
-2.6960657
-3.344462
-3.344462
-3.8717375
-3.479202
-3.811771
-4.5009704
-3.5441852
-5.195074
-1.2832644
-3.5703208
-4.627803
-5.1152163
-4.5009704
-5.895931
-5.709456
-5.709456
-3.7110505
-3.5520854
-4.337514
-3.6594625
-5.2661543
-3.7530708
-4.9682674
-3.344462
-3.551173
-3.905319
-4.7829504
-3.4162266
-5.126311
-5.257416
-4.5009704
-4.406306
-3.3941767
-5.149191
-4.9682674
-3.7169607
-2.8976455
-3.7169607
-2.9043152
-5.144232
-2.682855
-5.098987
-2.6295092
-3.905319
-2.71834
-4.0015326
-4.275422
-3.794188
-3.9981909
-6.615874
-4.059043
-8.41466
-3.1089296
-3.7169607
-4.508541
-6.1919107
-5.871727
-4.902071
-3.5437143
-3.6447172
-2.5750613
-3.745461
-4.1529517
-4.212377
-3.7030709
-5.1405196
-2.0457096
-2.5750613
-3.7169607
-4.9934893
-4.212377
-5.083554
-4.2024817
-4.665655
-4.2053337
-4.3193364
-3.7169607
-4.6885977
-8.9875555
-6.249254
-4.021619
-3.7169607
-3.2225869
-5.6470227
-5.143304
-3.7169607
-5.7322803
-4.6755567
-4.503596
-3.3744073
-4.9934893
-2.6714833
-2.9610329
-3.7169607
-4.482636
-5.098987
-5.484937
-4.212377
-4.539482
-3.2796311
-3.9857423
-4.3120103
-5.631663
-4.1529517
-4.78768
-4.1529517
-4.9934893
-3.5129318
-3.8446546
-4.1529517
-6.4991426
-2.5750613
-3.6121955
-5.181238
-3.132694
-5.000567
-4.380538
-4.1628795
-4.9536295
-4.489664
-4.5943704
-3.1992815
-3.902563
-2.8976455
-4.550261
-4.5009704
-4.8026814
-5.1035147
-7.55582
-3.7124767
-4.0274205
-4.1656775
-3.811771
-4.802618
-4.420339
-5.07059
-6.2010555
-2.82257
-5.1753163
-4.30198
-5.151273
-2.672306
-3.479202
-4.233201
-4.8026814
-3.4972122
-8.916941
-4.1536
-5.034617
-2.641672
-2.8117666
-9.450481
-0.83563226
-4.922546
-6.2082458
-4.3157706
-3.9469683
-4.0991883
-3.915746
-4.1609135
-6.0469213
-4.212377
-5.07059
-8.876697
-3.7169607
-3.2787447
-3.981669
-3.9135578
-3.9798412
-4.9934893
-4.601869
-2.641672
-3.6369653
-3.7124767
-5.5806713
-6.339374
-8.916941
-3.315241
-2.672306
-3.981669
-3.9009426
-5.084632
-7.363533
-4.8026814
-2.5750613
-4.8632116
-4.22722
-2.5750613
-5.1424117
-6.2242126
-5.1200905
-4.567693
-4.5943704
-5.890647
-3.811771
-2.1608908
-5.055554
-3.3744073
-4.0991883
-4.580262
-4.6137915
-4.5142217
-3.2748713
-4.9306173
-3.9009426
-8.9875555
-4.597544
-4.8718667
-3.903177
-3.61943
-8.29319
-2.992411
-3.407724
-5.8284893
-3.903177
-3.1553562
-5.0637436
-6.807275
-3.6092124
-3.51321
-3.6752956
-2.0745215
-4.8281775
-6.2724743
-4.0645256
-3.1128557
-4.6702914
-3.3744073
-3.8027897
-2.4018726
-2.5750613
-5.244042
-5.359324
-4.601869
-3.1165466
-2.2626789
-4.772525
-5.710255
-3.912473
-5.1200905
-4.0206842
-3.1553562
-4.317834
-4.9862843
-5.4739428
-4.9383836
-4.205044
-2.6785066
-6.1400237
-8.916941
-5.019521
-5.244042
-6.751616
-6.751616
-4.5332785
-4.7640195
-1.9692953
-3.6750517
-4.5142217
-4.5142217
-3.9181523
-4.4420333
-0.21449684
-4.9738984
-3.6865747
-2.5750613
-2.8927007
-5.797483
-4.674587
-5.2661543
-4.1162496
-3.344462
-2.8867495
-1.2210289
-4.7900386
-5.257416
-4.323292
-4.233201
-8.916941
-4.9738984
-5.2422376
-1.9356266
-8.654719
-4.3683014
-4.313882
-4.1487236
-3.6846225
-4.113488
-2.326714
-5.1853256
-4.2534313
-4.7280874
-5.846271
-3.1013794
-4.375875
-5.360417
-2.5750613
-3.691562
-4.174848
-4.7867785
-5.2661543
-5.2850466
-3.691562
-3.747804
-4.6938224
-4.621979
-4.233201
-4.802618
-4.212377
-4.212377
-4.188704
-6.45827
-3.691562
-3.164373
-8.836426
-3.4879868
-4.621979
-8.9875555
-3.065602
-4.2233443
-4.5142217
-4.5142217
-5.145134
-5.383753
-4.5142217
-2.4024904
-3.2642672
-2.9312925
-2.6714833
-2.3070111
-3.245691
-4.098424
-5.724984
-7.5722537
-3.811771
-4.0274205
-2.5750613
-3.279889
-2.6084533
-4.9934893
-4.925376
-5.1200905
-3.344462
-2.82257
-4.1776886
-4.621979
-4.228098
-4.3685274
-5.5142837
-3.5520854
-4.212377
-6.009661
-4.8011875
-3.344462
-4.740768
-3.912473
-4.5915303
-5.1200905
-4.3966813
-5.504575
-5.2661543
-6.2010555
-3.279889
-4.459413
-4.1162496
-4.368742
-3.4879868
-3.9798412
-4.0060897
-4.9934893
-2.672306
-3.6324365
-5.175435
-4.212377
-3.4568233
-3.9135578
-4.5009704
-5.766169
-5.766169
-4.9383836
-3.9135578
-5.8225236
-5.7042437
-8.9875555
-4.9887633
-3.8520398
-5.9131827
-4.0274205
-3.692798
-5.4334636
-4.212377
-2.2620134
-6.1919107
-4.6702914
-6.769183
-4.5009704
-3.9440784
-5.639781
-4.802618
-4.925376
-4.9383836
-5.5598617
-3.3436365
-7.7670345
-4.3966813
-4.601869
-3.3757856
-3.6253793
-3.2748713
-5.0797796
-6.1989703
-4.5133715
-4.601869
-5.199145
-3.353806
-3.811771
-2.2620134
-6.1919107
-3.306919
-4.489664
-4.3708405
-4.090195
-4.277001
-4.44206
-3.6629815
-2.2620134
-6.751616
-3.4879868
-3.7169607
-2.8976455
-4.233201
-2.6714833
-3.9009426
-4.0991883
-4.925376
-3.860795
-4.9383836
-5.098987
-4.3448977
-8.916941
-4.5142217
-4.621979
-4.802618
-4.925376
-4.4341373
-2.989105
-6.402397
-4.3448977
-4.848543
-4.9383836
-4.5117364
-4.5332785
-3.1553562
-8.9875555
-3.860795
-3.860795
-6.1919107
-3.8886943
-3.8886943
-3.1440933
-3.0016959
-8.794547
-2.8117666
-5.7309623
-3.7169607
-3.416915
-4.810596
-3.4879868
-4.3265047
-3.1128557
-2.7280111
-3.5418568
-4.0667686
-4.0667686
-4.0667686
-3.2877321
-2.8976455
-4.2356033
-4.802618
-4.342528
-2.5750613
-6.1300416
-2.8976455
-4.233201
-3.2787447
-3.8410966
-3.682762
-5.2661543
-5.4244347
-1.2200798
-3.691562
-6.1919107
-3.2787447
-3.2493038
-3.6750517
-8.916941
-4.291657
-3.15263
-6.9545164
-5.0943947
-4.319689
-4.1903696
-4.7867785
-4.313882
-2.5750613
-4.925376
-3.7169607
-3.2787447
-3.5129318
-2.5750613
-4.8354235
-3.596607
-4.3448977
-5.4880114
-3.4904375
-5.0058584
-4.685544
-1.5246245
-3.9009426
-2.942937
-3.2787447
-4.3794312
-3.912473
-5.7724385
-3.9003892
-5.5142837
-3.9798412
-4.9757857
-3.2265487
-5.599666
-3.4568233
-4.1620703
-4.3746047
-3.0564213
-3.3436365
-4.262224
-3.6325114
-8.9875555
-4.207523
-4.601869
-5.088431
-3.8520398
-3.8520398
-4.802618
-5.190487
-6.83206
-2.6806793
-2.82257
-3.40093
-8.916941
-5.383753
-3.8745553
-3.7737443
-2.326714
-2.7843394
-2.6485126
-4.212445
-4.627803
-4.5009704
-4.9344845
-5.07059
-6.339374
-3.2787447
-3.1592522
-3.1544921
-4.621979
-5.092224
-3.2493038
-3.8092492
-3.1592522
-3.1014497
-3.9469683
-3.7677789
-4.9934893
-4.802618
-3.7737443
-3.2642672
-8.9875555
-4.7280874
-4.601869
-4.4019313
-2.326714
-2.326714
-4.0608907
-3.3007572
-3.1915805
-5.8225236
-6.339374
-4.777488
-4.857649
-6.497591
-4.4973493
-5.7928042
-4.6702914
-6.1919107
-5.120413
-6.1919107
-3.1013794
-5.504575
-2.521791
-8.29319
-4.1903696
-3.4003692
-2.521791
-4.8321905
-2.521791
-3.7695332
-5.07059
-3.245691
-4.621979
-4.5924797
-4.4599586
-4.233161
-8.876697
-3.9558313
-6.3786864
-3.6121955
-3.4652457
-3.2787447
-4.384682
-4.621979
-5.088431
-3.63905
-5.083554
-2.584216
-5.1307774
-4.0592103
-5.4069
-4.601869
-5.5806713
-3.9798412
-5.0943947
-4.5142217
-2.1189187
-5.336125
-4.4512596
-4.1371174
-3.1520598
-4.594598
-3.7737443
-6.0610886
-4.6702914
-3.4568233
-4.7068853
-5.1798043
-5.2000175
-3.5139985
-4.2075815
-6.944389
-4.570338
-3.9967225
-4.5009704
-3.2539344
-5.025861
-8.876697
-4.30198
-4.5117364
-4.4098015
-4.6665964
-4.8680363
-5.4787397
-4.601869
-3.4159124
-2.1118374
-5.4691677
-2.672306
-4.1903696
-3.4159124
-5.098987
-4.1628795
-3.8086612
-2.8117666
-3.743287
-2.8976455
-5.237848
-4.3661485
-4.1574707
-3.592635
-7.55582
-3.811771
-0.89840674
-7.9356437
-4.2024817
-4.775587
-2.304197
-4.5142217
-3.1093216
-2.6087596
-2.8976455
-2.8613293
-4.4774394
-2.3517632
-4.8026814
-3.1592522
-4.5009704
-4.003031
-4.8026814
-8.916941
-4.5009704
-4.1162496
-4.8026814
-4.295705
-5.098987
-2.78004
-4.9682674
-2.7947755
-2.8976455
-3.2787447
-3.0982146
-7.55582
-5.4062595
-3.2787447
-4.7077727
-0.83563226
-4.7465734
-4.098424
-5.185613
-4.1903696
-3.8861532
-4.6045165
-4.0884886
-8.876697
-6.222291
-5.4334636
-5.0818653
-4.5272527
-2.7405813
-3.065602
-4.7824516
-6.497591
-3.9135578
-4.925376
-4.7866817
-2.2626789
-4.4322796
-4.1903696
-2.578681
-2.9117281
-3.5520854
-4.627803
-4.775587
-5.5142837
-3.4796352
-3.5520854
-5.364864
-7.1056457
-3.905319
-0.7372867
-1.4704574
-3.4879868
-7.407075
-4.6702914
-3.7169607
-3.7169607
-4.0506396
-2.8976455
-3.7169607
-4.78768
-4.731052
-3.7169607
-5.149191
-3.2787447
-6.348829
-3.7169607
-5.427258
-3.8402982
-3.4081929
-4.124036
-6.2082458
-2.0801187
-4.386447
-4.6775327
-4.207523
-5.4136434
-4.1162496
-3.7169607
-3.2493038
-3.7589939
-5.374469
-3.813358
-3.0982146
-2.6415403
-8.876697
-4.291657
-3.905319
-5.0130415
-3.543523
-3.8295255
-3.794188
-4.3389826
-3.8778296
-3.9009426
-3.9981909
-6.4825053
-6.8341804
-4.508541
-5.1307774
-4.9934893
-3.8402982
-3.1592522
-3.0982146
-3.7169607
-3.6404908
-4.601869
-4.0645256
-3.1592522
-2.8117666
-2.8117666
-3.4321268
-3.9469578
-4.6702914
-4.925376
-3.6325114
-4.774666
-4.925376
-3.6750517
-3.6750517
-3.5520854
-3.344462
-3.3926988
-4.1615267
-3.2748713
-3.6520646
-3.344462
-3.344462
-2.5750613
-2.5187721
-4.2924376
-4.9934893
-3.9135578
-2.5750613
-5.034617
-3.9194732
-4.925376
-4.68072
-4.802618
-2.5750613
-4.570338
-4.802618
-4.5009704
-1.2553647
-4.368209
-4.015261
-4.368209
-2.5187721
-2.304197
-1.1560348
-5.07059
-2.421619
-3.437775
-3.6730955
-6.2927346
-4.3357844
-3.1592522
-3.4568233
-2.6785066
-3.6369653
-4.5009704
-5.199145
-4.5009704
-2.5755885
-4.2273364
-2.8117666
-5.289842
-5.2230487
-5.07059
-4.7822104
-4.485474
-3.3926988
-5.07059
-3.2748713
-4.1903696
-4.925376
-3.691562
-4.925376
-6.277754
-8.41466
-3.4568233
-6.2119594
-5.073582
-1.9604781
-3.691562
-2.5750613
-4.627803
-2.753742
-3.8474216
-3.4568233
-2.7843394
-4.836476
-3.1089296
-3.9469578
-4.3448977
-3.5441852
-4.6712565
-5.3783627
-4.601869
-3.1128557
-5.171146
-7.8124743
-1.9604781
-4.925376
-4.9383836
-4.9383836
-4.8330636
-3.7795527
-8.41466
-4.1162496
-4.194107
-3.6750517
-5.146544
-4.78112
-1.5246245
-4.7315907
-8.9875555
-4.212377
-3.4879868
-4.860621
-3.7659655
-3.3046064
-1.5246245
-3.9798412
-3.4003692
-7.0911846
-4.035135
-5.257416
-3.2687888
-3.6325114
-4.1903696
-5.181238
-4.68072
-3.5441852
-3.691562
-5.153789
-2.421619
-3.9009426
-6.1300416
-3.6325114
-3.1592522
-4.3312664
-4.5789595
-2.421619
-4.802618
-4.347122
-2.239367
-3.5686603
-4.5009704
-6.1919107
-4.9383836
-3.6858747
-5.2204466
-3.690018
-3.5520854
-3.344462
-4.6215935
-4.8359127
-3.811771
-2.9493215
-6.0455503
-4.31854
-4.7203956
-4.4593215
-5.092224
-3.3237853
-4.42032
-3.2459435
-4.233201
-4.9383836
-1.9604781
-4.0667686
-4.4935017
-3.2748713
-5.181238
-2.7136075
-4.1162496
-4.0798454
-3.1902611
-4.5009704
-5.07059
-3.5441852
-3.8092492
-3.4879868
-4.627803
-5.199145
-3.7166984
-9.450481
-6.1400237
-3.1002681
-4.925376
-5.1753163
-4.570338
-6.6273994
-5.3397846
-4.8026814
-3.7767327
-4.1708584
-5.025861
-5.07059
-2.7283134
-3.8717375
-2.8117666
-5.2661543
-5.07059
-3.691562
-4.601869
-5.124176
-3.4568233
-5.639502
-3.7030709
-5.2647066
-4.5009704
-6.974474
-4.5117364
-4.653995
-3.847633
-3.3949046
-3.0013459
-5.083554
-5.7448606
-5.0291142
-4.567507
-4.9862843
NONE
NONE
NONE
