-4.3168545
-4.3535395
-0.41117266
-4.3535395
-7.3514414
-4.3168545
-5.096284
-7.0391965
-7.3514414
-7.3514414
-7.344206
-3.5775623
-5.096284
-5.554334
-6.3968234
-7.3514414
-7.310274
-5.7499037
-7.3514414
-5.096284
-7.3514414
-6.639204
-6.299195
-3.9415762
-7.3514414
-4.5213103
-4.3168545
-6.5610642
-5.096284
-5.897434
-6.386715
-5.096284
-5.937234
-6.3968234
-7.3514414
-7.0391965
-4.430604
-4.3535395
-5.320925
-0.41117266
-4.3168545
-5.559192
-0.41117266
-7.310274
-6.8569107
-4.3168545
-5.096284
-4.3535395
-7.3514414
-7.3514414
-4.549382
-6.953135
-0.41117266
-4.3168545
-4.494424
-4.3535395
-7.3514414
-7.3514414
-4.5213103
-6.953135
-7.3514414
-0.41117266
-5.096284
-0.41117266
-4.3743696
-4.3535395
-5.320925
-4.3535395
-7.3514414
-4.8926983
-6.734556
-5.897434
-6.7433143
-4.3168545
-7.344206
-7.3514414
-7.344206
-5.096284
-0.41117266
-3.9106045
-7.0391965
-0.41117266
-7.3514414
-0.41117266
-5.096284
-4.5213103
-7.3514414
-0.41117266
-4.430604
-4.51397
-0.41117266
-7.3514414
-7.344206
-4.5213103
-4.9559584
-0.41117266
-7.344206
-7.3514414
-4.57414
-3.8029215
-6.7433143
-5.096284
-6.6078076
-0.41117266
-4.494424
-5.897434
-4.3535395
-5.9269385
-6.041491
-6.248356
-7.3514414
-7.344206
-7.0570436
-5.6618376
-5.096284
-5.096284
-0.41117266
-7.3514414
-6.7433143
-6.3968234
-5.096284
-4.336829
-4.3535395
-5.721961
-7.0391965
-7.3514414
-5.1986856
-6.7433143
-4.430604
-5.897434
-5.897434
-6.270224
-7.344206
-6.299195
-4.6586714
-7.344206
-4.430604
-0.41117266
-5.897434
-7.3514414
-6.299195
-7.3514414
-4.521697
-5.096284
-5.096284
-5.897434
-0.41117266
-0.41117266
-4.3535395
-3.5775623
-0.41117266
-6.195564
-7.3514414
-0.41117266
-7.0570436
-7.0570436
-5.096284
-5.9269385
-4.430604
-3.9106045
-0.41117266
-6.8569107
-6.1786547
-5.096284
-4.3168545
-4.3168545
-7.3514414
-7.3514414
-7.0391965
-7.344206
-7.344206
-0.41117266
-5.897434
-5.897434
-0.41117266
-4.3535395
-0.41117266
-4.3168545
-4.3168545
-0.41117266
-0.41117266
-7.344206
-7.344206
-6.734556
-7.3514414
-7.3514414
-4.430604
-6.448808
-0.41117266
-4.3168545
-7.3514414
-4.3535395
-7.3514414
-4.3535395
-6.953135
-7.3514414
-0.41117266
-6.8685575
-7.3514414
-7.310274
-7.0570436
-4.3168545
-7.3514414
-5.897434
-0.41117266
-6.308465
-3.9415762
-6.51126
-4.3168545
-4.3168545
-7.3514414
-7.3514414
-7.3514414
-7.3514414
-7.3514414
-7.3514414
-7.3514414
-5.897434
-0.41117266
-4.3168545
-0.41117266
-4.3168545
-7.3514414
-7.3514414
-5.9883924
-7.310274
-6.417439
-4.3168545
-4.3535395
-0.41117266
-4.57414
-7.3514414
-7.3514414
-6.695786
-7.3514414
-4.3168545
-4.3168545
-7.3514414
-6.51126
-6.734556
-4.3535395
-0.41117266
-4.430604
-7.3514414
-5.897434
-7.3514414
-0.41117266
-5.096284
-4.3535395
-7.3514414
-4.549382
-4.3535395
-4.6018534
-7.3514414
-5.897434
-0.41117266
-4.3168545
-4.430604
-4.3168545
-5.320925
-5.937234
-5.897434
-6.207384
-7.3514414
-4.430604
-6.5610642
-7.344206
-3.5775623
-4.3535395
-5.096284
-6.386715
-4.3168545
-4.430604
-5.897434
-5.897434
-5.897434
-4.3168545
-7.3514414
-0.41117266
-0.41117266
-7.3514414
-7.3514414
-5.636426
-0.41117266
-7.3514414
-7.3514414
-7.3514414
-0.41117266
-0.41117266
-0.41117266
-7.3514414
-6.953135
-7.3514414
-7.3514414
-7.0570436
-6.51126
-0.41117266
-5.897434
-5.9269385
-4.3535395
-7.3514414
-6.0079565
-7.3514414
-7.3514414
-6.734556
-7.3514414
-4.5213103
-0.41117266
-4.57414
-4.3168545
-4.3535395
-7.344206
-6.020394
-0.41117266
-4.8926983
-7.3514414
-0.41117266
-5.096284
-0.41117266
-4.430604
-0.41117266
-4.3168545
-0.41117266
-5.897434
-0.41117266
-4.3168545
-7.3514414
-0.41117266
-5.096284
-7.310274
-5.897434
-4.3535395
-0.41117266
-7.3514414
-7.310274
-4.3168545
-6.8685575
-4.3168545
-0.41117266
-0.41117266
-0.41117266
-7.3514414
-4.3168545
-4.3168545
-4.3535395
-4.57414
-6.020394
-6.7433143
-7.0391965
-5.3795176
-4.57414
-0.41117266
-7.3514414
-4.3168545
-4.3168545
-4.5213103
-4.3535395
-7.3514414
-7.3514414
-0.41117266
-4.3535395
-7.0391965
-4.3535395
-5.897434
-7.3514414
-5.897434
-0.41117266
-6.8569107
-7.3514414
-6.3702464
-0.41117266
-5.0079174
-0.41117266
-7.310274
-0.41117266
-4.3535395
-7.3514414
-4.3535395
-6.953135
-7.3514414
-7.0391965
-4.57414
-5.320925
-5.096284
-0.41117266
-0.41117266
-0.41117266
-5.096284
-4.5213103
-4.3168545
-7.3514414
-7.3514414
-4.57414
-7.344206
-0.41117266
-5.897434
-0.41117266
-0.41117266
-7.3514414
-7.3514414
-3.487327
-5.096284
-5.5630426
-4.3535395
-4.3168545
-5.897434
-5.4344773
-7.344206
-7.310274
-6.8569107
-3.8187919
-6.041491
-7.3514414
-4.3535395
-5.0079174
-4.3168545
-7.3514414
-3.487327
-4.3535395
-4.3168545
-5.320925
-7.3514414
-5.937234
-6.7433143
-4.430604
-6.51126
-7.3514414
-0.41117266
-5.501432
-5.897434
-0.41117266
-7.3514414
-5.897434
-7.3514414
-4.3535395
-5.0366387
-4.3535395
-7.3514414
-7.3514414
-5.897434
-5.897434
-4.3535395
-7.344206
-0.41117266
-0.41117266
-3.5775623
-7.344206
-7.3514414
-6.953135
-0.41117266
-5.9269385
-7.3514414
-7.3514414
-7.3514414
-5.096284
-6.415766
-0.41117266
-5.096284
-3.8187919
-7.3514414
-7.3514414
-4.430604
-5.9269385
-3.5775623
-0.41117266
-5.897434
-4.3168545
-7.3514414
-7.3514414
-4.3535395
-4.3535395
-7.344206
-4.3535395
-3.5775623
-4.3535395
-4.3535395
-7.3514414
-5.897434
-4.3535395
-7.3514414
-4.3535395
-5.77362
-4.3168545
-4.430604
-6.6462216
-7.310274
-7.3514414
-6.207384
-7.3514414
-4.3168545
-4.3168545
-7.3514414
-4.57414
-5.897434
-4.3535395
-5.897434
-6.953135
-5.0079174
-3.8029215
-0.41117266
-5.721961
-6.121686
-4.3168545
-4.3168545
-0.41117266
-6.3702464
-4.749569
-7.3514414
-0.41117266
-4.9682713
-7.3514414
-7.3514414
-6.058567
-7.3514414
-4.3168545
-4.430604
-5.897434
-0.41117266
-5.897434
-4.3168545
-0.41117266
-5.0366387
-4.430604
-4.3168545
-0.41117266
-7.3514414
-4.3535395
-7.310274
-0.41117266
-4.3535395
-7.344206
-0.41117266
-3.5775623
-4.5213103
-4.430604
-4.9301233
-0.41117266
-6.734556
-6.3242297
-7.0391965
-7.3514414
-7.3514414
-7.3514414
-4.647155
-0.41117266
-5.554334
-7.344206
-7.3514414
-0.41117266
-4.3168545
-3.5775623
-4.3168545
-5.897434
-4.3168545
-4.3535395
-0.41117266
-7.3514414
-4.3535395
-0.41117266
-7.3514414
-0.41117266
-7.3514414
-7.3514414
-4.3535395
-0.41117266
-4.430604
-7.3514414
-5.620258
-4.3535395
-7.3514414
-7.3514414
-4.3535395
-7.344206
-4.3168545
-7.3514414
-5.7636557
-4.430604
-4.430604
-6.448808
-6.494863
-7.0391965
-7.3514414
-7.344206
-0.41117266
-4.57414
-0.41117266
-6.308465
-7.3514414
-6.3702464
-4.3535395
-4.8469467
-7.3514414
-3.487327
-7.3514414
-7.3514414
-4.3535395
-3.9106045
-7.344206
-5.721961
-6.5755897
-7.0570436
-7.3514414
-7.3514414
-6.953135
-4.3535395
-7.344206
-6.734556
-7.3514414
-6.953135
-7.3514414
-4.3168545
-4.3535395
-7.0570436
-7.3514414
-4.3168545
-4.430604
-4.57414
-5.897434
-0.41117266
-5.6503654
-0.41117266
-3.9106045
-7.0570436
-4.3535395
-4.3168545
-7.3514414
-7.3514414
-5.8168025
-3.9106045
-7.3514414
-0.41117266
-6.3906245
-7.344206
-0.41117266
-5.0597463
-7.344206
-7.0391965
-3.9106045
-7.0391965
-4.430604
-7.3514414
-7.3514414
-7.3514414
-7.3514414
-7.3514414
-7.3514414
-7.3514414
-6.695786
-0.41117266
-7.3514414
-6.7433143
-4.3168545
-7.344206
-0.41117266
-6.0157766
-5.559192
-7.3514414
-0.41117266
-5.897434
-6.566919
-4.430604
-5.096284
-5.9644027
-4.3535395
-7.3514414
-0.41117266
-0.41117266
-6.2025676
-4.3535395
-4.3535395
-6.639204
-4.3535395
-4.430604
-6.6462216
-6.7433143
-5.320925
-4.430604
-5.096284
-5.1986856
-0.41117266
-7.3514414
-4.3535395
-5.096284
-7.310274
-0.41117266
-4.3168545
-7.3514414
-4.3535395
-7.3514414
-5.805224
-4.3168545
-4.3168545
-5.676632
-7.3514414
-5.6718583
-4.3168545
-4.549382
-7.3514414
-6.7433143
-3.9106045
-0.41117266
-6.639204
-7.3514414
-0.41117266
-6.6462216
-6.695786
-7.344206
-6.6078076
-6.6078076
-7.0570436
-0.41117266
-4.3168545
-5.0597463
-6.639204
-7.3514414
-7.3514414
-7.3514414
-4.3168545
-5.8959165
-6.020394
-4.430604
-4.430604
-5.897434
-4.3535395
-6.7433143
-6.5610642
-4.430604
-5.3795176
-4.3535395
-7.310274
-3.9106045
-4.3535395
-0.41117266
-6.6078076
-7.3514414
-7.3514414
-7.3514414
-6.020394
-5.2262535
-5.897434
-7.3514414
-6.7433143
-0.41117266
-5.0366387
-7.3514414
-0.41117266
-7.3514414
-4.3168545
-0.41117266
-6.566919
-7.3514414
-5.897434
-4.3535395
-6.196078
-7.3514414
-6.5610642
-7.344206
-7.3514414
-4.6018534
-7.344206
-0.41117266
-6.207384
-0.41117266
-0.41117266
-4.57414
-5.7499037
-5.897434
-0.41117266
-7.344206
-6.6078076
-3.9106045
-7.3514414
-7.3514414
-6.2275357
-0.41117266
-6.639204
-0.41117266
-7.3514414
-7.3514414
-7.3514414
-4.749569
-0.41117266
-7.0391965
-4.3168545
-6.5610642
-0.41117266
-4.5921493
-7.3514414
-0.41117266
-7.310274
-4.5921493
-5.897434
-0.41117266
-4.3168545
-0.41117266
-5.096284
-6.6078076
-7.3514414
-3.487327
-7.3514414
-0.41117266
-7.344206
-6.953135
-6.953135
-0.41117266
-0.41117266
-7.3514414
-6.953135
-6.7433143
-6.6078076
-7.3514414
-5.8899693
-6.6078076
-5.805224
-6.3906245
-7.3514414
-7.3514414
-7.344206
-4.3535395
-0.41117266
-7.3514414
-0.41117266
-0.41117266
-4.430604
-0.41117266
-7.3514414
-5.897434
-7.344206
-4.430604
-7.3514414
-4.3535395
-7.3514414
-6.7433143
-7.3514414
-7.3514414
-6.51126
-7.0570436
-4.5213103
-7.310274
-5.096284
-7.344206
-4.430604
-5.897434
-6.308465
-6.196078
-6.3906245
-7.3514414
-7.3514414
-0.41117266
-7.344206
-7.310274
-5.0597463
-4.430604
-4.3535395
-4.3535395
-0.41117266
-5.897434
-7.0570436
-4.430604
-5.096284
-6.953135
-6.207384
-4.430604
-5.9269385
-5.320925
-3.8187919
-4.5213103
-5.096284
-7.3514414
-0.41117266
-7.3514414
-6.7433143
-6.8129935
-4.5213103
-0.41117266
-4.3168545
-4.3168545
-6.5610642
-7.3514414
-7.3514414
-4.3535395
-7.3514414
-6.734556
-0.41117266
-6.6078076
-4.3535395
-0.41117266
-7.0570436
-0.41117266
-4.3535395
-0.41117266
-6.248356
-7.3514414
-6.7433143
-7.0391965
-7.344206
-7.3514414
-0.41117266
-5.096284
-5.096284
-7.3514414
-5.7965026
-7.0391965
-0.41117266
-0.41117266
-7.3514414
-4.3168545
-7.3514414
-4.3535395
-0.41117266
-0.41117266
-7.3514414
-3.9415762
-5.897434
-4.549382
-7.344206
-5.897434
-5.096284
-0.41117266
-4.2322288
-7.3514414
-7.310274
-5.2361846
-7.310274
-7.3514414
-3.5775623
-5.897434
-5.897434
-5.897434
-6.5610642
-6.8685575
-7.3514414
-4.494424
-7.3514414
-7.3514414
-5.721961
-7.3514414
-7.0570436
-7.3514414
-0.41117266
-7.310274
-6.7433143
-7.3514414
-7.344206
-0.41117266
-4.430604
-7.3514414
-0.41117266
-6.8685575
-7.0391965
-7.3514414
-7.3514414
-6.8569107
-4.430604
-5.897434
-4.3168545
-0.41117266
-4.8926983
-7.310274
-4.430604
-6.953135
-4.3168545
-0.41117266
-4.430604
-5.897434
-4.5921493
-7.344206
-5.096284
-7.3514414
-4.3168545
-4.3168545
-0.41117266
-3.9106045
-7.3514414
-7.3514414
-0.41117266
-4.3535395
-7.3514414
-7.3514414
-6.195564
-4.3535395
-4.3535395
-6.8685575
-7.3514414
-4.430604
-7.3514414
-5.897434
-4.6018534
-5.805224
-4.3168545
-4.3168545
-6.695786
-4.430604
-4.3168545
-6.494863
-7.3514414
-7.344206
-6.448808
-0.41117266
-7.3514414
-7.3514414
-7.3514414
-4.3168545
-7.3514414
-6.494863
-7.3514414
-4.3168545
-7.3514414
-6.7433143
-7.3514414
-6.5610642
-6.6462216
-7.344206
-7.3514414
-6.107379
-5.096284
-0.41117266
-0.41117266
-7.344206
-0.41117266
-0.41117266
-7.3514414
-4.3535395
-7.3514414
-5.516575
-0.41117266
-5.164133
-4.430604
-0.41117266
-7.3514414
-0.41117266
-0.41117266
-3.9106045
-4.3168545
-7.3514414
-6.207384
-5.3795176
-7.0570436
-4.3535395
-4.3535395
-7.344206
-7.3514414
-0.41117266
-5.0597463
-6.6078076
-0.41117266
-0.41117266
-4.57414
-3.8187919
-7.3514414
-7.344206
-6.639204
-4.3168545
-4.5921493
-7.344206
-0.41117266
-0.41117266
-4.3168545
-5.096284
-6.734556
-5.096284
-3.5775623
-5.897434
-5.945257
-6.953135
-7.3514414
-7.3514414
-0.41117266
-6.7433143
-4.336829
-7.3514414
-7.3514414
-6.5610642
-0.41117266
-4.3535395
-5.096284
-7.3514414
-7.3514414
-4.3535395
-5.8959165
-6.3906245
-4.3535395
-7.310274
-4.3535395
-0.41117266
-7.310274
-4.3535395
-7.3514414
-7.3514414
-6.2148724
-5.651483
-6.494863
-5.897434
-5.470902
-0.41117266
-7.3514414
-4.3535395
-7.3514414
-4.3535395
-0.41117266
-6.8129935
-7.3514414
-7.344206
-7.344206
-4.430604
-7.3514414
-0.41117266
-0.41117266
-7.310274
-0.41117266
-7.3514414
-6.51126
-0.41117266
-6.6078076
-4.5921493
-4.3535395
-5.897434
-7.344206
-7.3514414
-7.3514414
-7.0391965
-0.41117266
-7.3514414
-5.8959165
-3.9106045
-7.0391965
-5.5310616
-5.096284
-0.41117266
-7.310274
-6.8129935
-4.3168545
-0.41117266
-0.41117266
-7.3514414
-4.3168545
-4.3535395
-7.344206
-5.897434
-7.3514414
-7.3514414
-0.41117266
-4.430604
-5.937234
-7.3514414
-6.207384
-5.897434
-7.3514414
-7.3514414
-7.3514414
-4.430604
-5.9269385
-7.310274
-7.3514414
-5.096284
-7.3514414
-4.430604
-7.3514414
-7.310274
-7.3514414
-4.430604
-7.344206
-0.41117266
-7.3514414
-0.41117266
-0.41117266
-0.41117266
-6.8685575
-4.6018534
-6.953135
-4.5921493
-6.566919
-0.41117266
-3.9106045
-7.344206
-7.3514414
-6.734556
-6.7433143
-7.3514414
-5.9269385
-7.344206
-0.41117266
-7.3514414
-7.3514414
-7.344206
-4.3535395
-5.096284
-4.3535395
-7.3514414
-4.3535395
-0.41117266
-4.3168545
-4.3535395
-0.41117266
-7.3514414
-7.3514414
-5.9269385
-7.3514414
-4.3168545
-6.299195
-7.3514414
-4.3535395
-5.897434
-7.3514414
-6.3906245
-0.41117266
-7.3514414
-4.3168545
-4.3168545
-7.3514414
-4.3535395
-5.8959165
-6.51126
-7.3514414
-3.9415762
-7.3514414
-0.41117266
-6.3906245
-5.501432
-5.3795176
-6.415766
-6.3906245
-4.57414
-4.3535395
-3.487327
-4.3535395
-4.3535395
-0.41117266
-7.3514414
-0.41117266
-5.096284
-6.7433143
-0.41117266
-0.41117266
-7.310274
-7.3514414
-4.3168545
-0.41117266
-5.8959165
-3.9818506
-4.3535395
-4.3168545
-4.3535395
-4.3168545
-5.897434
-0.41117266
-6.6462216
-6.121686
-4.3535395
-5.8130903
-4.3168545
-7.0570436
-0.41117266
-4.3168545
-7.3514414
-7.3514414
-4.430604
-4.430604
-6.386715
-7.3514414
-7.3514414
-4.6018534
-5.554334
-4.9555078
-4.647155
-7.3514414
-5.096284
-6.734556
-7.3514414
-5.096284
-7.3514414
-3.9106045
-0.41117266
-5.897434
-0.41117266
-7.0570436
-3.9415762
-4.3535395
-5.9813595
-7.344206
-5.897434
-7.3514414
-0.41117266
-0.41117266
-6.7433143
-5.897434
-0.41117266
-4.57414
-5.096284
-5.897434
-7.3514414
-7.3514414
-4.3535395
-5.897434
-7.3514414
-7.3514414
-5.096284
-7.310274
-4.3168545
-4.3168545
-0.41117266
-7.3514414
-4.3535395
-7.3514414
-5.554334
-7.3514414
-6.4374313
-0.41117266
-7.3514414
-7.3514414
-4.3535395
-6.415766
-7.310274
-4.3535395
-7.3514414
-6.8685575
-7.3514414
-4.3168545
-7.3514414
-0.41117266
-5.897434
-7.3514414
-7.3514414
-0.41117266
-5.096284
-4.57414
-0.41117266
-0.41117266
-6.7433143
-5.096284
-5.096284
-5.910642
-7.3514414
-5.897434
-0.41117266
-4.3168545
-6.415766
-4.3535395
-6.953135
-7.0391965
-0.41117266
-7.0391965
-7.3514414
-6.5610642
-0.41117266
-4.5213103
-7.3514414
-7.3514414
-7.344206
-6.695786
-7.344206
-4.6018534
-0.41117266
-7.3514414
-7.3514414
-6.3906245
-0.41117266
-0.41117266
-7.344206
-7.3514414
-0.41117266
-5.897434
-7.3514414
-6.5610642
-0.41117266
-4.57414
-4.430604
-5.096284
-7.3514414
-7.310274
-5.77362
-4.430604
-0.41117266
-7.3514414
-6.953135
-7.3514414
-5.096284
-7.3514414
-3.5775623
-5.096284
-0.41117266
-7.3514414
-4.3168545
-4.3535395
-0.41117266
-5.2978926
-0.41117266
-4.3535395
-0.41117266
-7.3514414
-7.3514414
-7.3514414
-7.3514414
-7.3514414
-4.3168545
-5.096284
-0.41117266
-4.3535395
-4.57414
-0.41117266
-7.310274
-7.0391965
-0.41117266
-6.299195
-4.3535395
-6.8129935
-6.953135
-4.3535395
-0.41117266
-5.897434
-7.3514414
-5.501432
-0.41117266
-4.3168545
-7.3514414
-7.3514414
-7.0391965
-3.5775623
-4.0098896
-6.494863
-4.3535395
-0.41117266
-4.3168545
-4.3535395
-6.639204
-6.953135
-4.3535395
-0.41117266
-7.310274
-7.3514414
-5.3680887
-0.41117266
-7.3514414
-0.41117266
-6.639204
-5.937234
-5.897434
-0.41117266
-5.897434
-6.7433143
-4.3535395
-7.0570436
-4.3535395
-6.5610642
-6.7433143
-6.51126
-0.41117266
-7.344206
-5.096284
-7.3514414
-7.3514414
-7.310274
-7.344206
-5.096284
-5.096284
-0.41117266
-6.020394
-0.41117266
-5.096284
-5.721961
-7.3514414
-5.897434
-0.41117266
-7.3514414
-7.3514414
-7.3514414
-6.3906245
-5.096284
-4.3535395
-0.41117266
-0.41117266
-6.7433143
-7.3514414
-7.3514414
-7.3514414
-4.3168545
OOVs:
NONE
NONE
