-7.3514414
-7.3514414
-7.0391965
-4.3535395
-7.3514414
-4.57414
-5.096284
-6.3002
-7.3514414
-5.897434
-7.3514414
-3.5775623
-5.096284
-5.554334
-5.7636557
-7.3514414
-7.3514414
-7.3514414
-7.3514414
-5.096284
-7.3514414
-6.639204
-7.3514414
-7.3514414
-7.3514414
-4.3168545
-4.57414
-7.0391965
-5.096284
-4.3743696
-7.310274
-5.096284
-5.320925
-5.7636557
-7.3514414
-5.470902
-4.430604
-4.3535395
-5.320925
-7.3514414
-4.3168545
-5.6618376
-7.3514414
-7.3514414
-7.3514414
-4.3168545
-5.096284
-4.3535395
-5.7636557
-7.3514414
-4.549382
-6.953135
-7.310274
-4.57414
-3.5775623
-4.3535395
-7.3514414
-7.3514414
-4.3168545
-7.3514414
-7.3514414
-6.207384
-5.096284
-6.8129935
-4.3743696
-4.3535395
-7.0391965
-4.3535395
-7.344206
-4.336829
-7.3514414
-5.897434
-5.897434
-5.9116597
-7.3514414
-6.51126
-7.3514414
-5.096284
-7.3514414
-3.9106045
-7.3514414
-7.3514414
-7.3514414
-4.57414
-5.096284
-4.3168545
-6.3906245
-7.0391965
-4.430604
-4.51397
-6.386715
-7.3514414
-7.3514414
-4.647155
-6.6462216
-7.3514414
-7.344206
-7.3514414
-4.57414
-4.3168545
-6.089392
-5.096284
-5.897434
-7.3514414
-4.8926983
-6.6078076
-4.3535395
-7.3514414
-6.695786
-7.3514414
-7.3514414
-7.3514414
-7.3514414
-5.0366387
-6.953135
-5.096284
-7.0391965
-7.0391965
-7.3514414
-5.7636557
-5.096284
-3.8187919
-4.3535395
-6.064045
-7.344206
-6.51126
-3.9106045
-7.0570436
-4.430604
-5.897434
-5.897434
-7.3514414
-7.3514414
-7.3514414
-4.3535395
-7.3514414
-4.430604
-5.783617
-6.6078076
-7.3514414
-7.3514414
-5.897434
-3.9818506
-5.096284
-5.096284
-5.897434
-7.3514414
-7.3514414
-4.3535395
-4.8926983
-7.3514414
-6.953135
-6.953135
-7.3514414
-6.2148724
-7.3514414
-5.096284
-5.9269385
-4.430604
-7.3514414
-7.3514414
-7.344206
-7.0391965
-5.096284
-4.3168545
-7.3514414
-7.310274
-5.7636557
-7.3514414
-7.3514414
-7.3514414
-7.0391965
-5.897434
-5.897434
-5.470902
-4.3535395
-7.344206
-4.3168545
-4.3168545
-7.0391965
-7.3514414
-7.3514414
-7.344206
-6.248356
-5.897434
-6.8685575
-6.3242297
-5.897434
-7.3514414
-4.3168545
-7.344206
-4.3535395
-7.3514414
-4.3535395
-7.3514414
-7.0391965
-5.7636557
-6.6078076
-7.0391965
-7.3514414
-7.3514414
-4.57414
-5.897434
-5.897434
-6.415766
-5.897434
-3.487327
-6.51126
-4.3168545
-4.6018534
-7.3514414
-7.3514414
-7.3514414
-7.344206
-7.3514414
-5.721961
-6.284638
-7.3514414
-7.0391965
-4.3168545
-7.0391965
-4.3168545
-5.721961
-7.3514414
-7.3514414
-7.310274
-5.897434
-3.487327
-4.3535395
-7.0391965
-4.3168545
-7.3514414
-7.3514414
-7.344206
-5.7636557
-4.6018534
-4.3168545
-7.3514414
-6.51126
-7.3514414
-4.3535395
-7.3514414
-4.430604
-7.3514414
-5.897434
-5.897434
-7.3514414
-5.096284
-4.3535395
-7.3514414
-6.3702464
-4.3535395
-4.3168545
-6.3242297
-7.0391965
-7.0391965
-4.3168545
-4.430604
-4.57414
-7.344206
-3.5775623
-5.897434
-7.3514414
-7.3514414
-4.430604
-7.310274
-6.230799
-3.8187919
-7.3514414
-5.096284
-7.3514414
-4.3168545
-4.430604
-5.897434
-7.3514414
-7.3514414
-4.3168545
-5.897434
-6.0870333
-7.3514414
-7.3514414
-6.020394
-6.8569107
-7.0391965
-6.953135
-7.3514414
-5.8959165
-7.3514414
-7.3514414
-7.3514414
-7.3514414
-7.3514414
-5.897434
-7.3514414
-7.3514414
-6.248356
-7.0391965
-7.3514414
-7.344206
-4.3535395
-7.3514414
-6.5610642
-5.721961
-7.3514414
-7.3514414
-7.3514414
-4.6018534
-7.3514414
-4.1077743
-4.3168545
-4.3535395
-7.3514414
-7.3514414
-7.3514414
-3.5775623
-7.3514414
-7.3514414
-5.096284
-7.0391965
-4.430604
-5.897434
-4.3168545
-6.3242297
-5.897434
-7.3514414
-4.57414
-7.344206
-6.1786547
-5.096284
-7.3514414
-7.3514414
-6.195564
-7.3514414
-7.3514414
-5.897434
-4.3168545
-6.8685575
-4.1077743
-7.3514414
-7.3514414
-7.3514414
-7.3514414
-4.3168545
-4.1077743
-4.3535395
-5.783617
-5.897434
-7.3514414
-6.6462216
-3.9106045
-4.57414
-7.3514414
-6.6462216
-4.6018534
-4.3168545
-7.0391965
-4.3535395
-7.3514414
-6.953135
-7.3514414
-4.3535395
-4.3168545
-4.3535395
-5.897434
-7.3514414
-7.3514414
-7.3514414
-3.5775623
-7.3514414
-7.3514414
-7.3514414
-7.310274
-7.344206
-7.3514414
-7.3514414
-4.3535395
-7.3514414
-4.3535395
-7.3514414
-6.51126
-6.51126
-4.57414
-7.0391965
-5.096284
-7.0391965
-7.0391965
-7.0391965
-5.096284
-4.5213103
-4.57414
-7.3514414
-7.0570436
-4.57414
-7.3514414
-7.3514414
-7.3514414
-7.344206
-7.3514414
-7.3514414
-7.3514414
-3.487327
-5.096284
-7.3514414
-4.3535395
-4.3168545
-6.6078076
-5.0917993
-7.310274
-7.310274
-7.3514414
-3.8187919
-7.3514414
-7.3514414
-4.3535395
-5.0079174
-4.57414
-7.3514414
-3.487327
-4.3535395
-4.3168545
-5.320925
-7.3514414
-7.310274
-7.3514414
-4.430604
-7.3514414
-5.897434
-7.0391965
-3.5775623
-5.897434
-7.344206
-6.2156353
-7.3514414
-7.3514414
-4.3535395
-5.501432
-4.3535395
-7.3514414
-7.310274
-4.3743696
-5.897434
-4.3535395
-7.344206
-7.3514414
-7.0391965
-4.8926983
-5.7499037
-5.897434
-7.0570436
-5.9116597
-7.3514414
-6.695786
-7.3514414
-7.3514414
-5.096284
-7.3514414
-7.3514414
-5.096284
-4.8926983
-7.310274
-7.3514414
-4.430604
-6.51126
-4.8926983
-7.3514414
-7.3514414
-4.3168545
-7.3514414
-7.3514414
-4.3535395
-4.3535395
-6.494863
-4.3535395
-4.8926983
-4.3535395
-4.3535395
-7.3514414
-5.897434
-4.3535395
-7.3514414
-4.3535395
-7.3514414
-4.57414
-4.430604
-3.9106045
-7.3514414
-5.965561
-7.310274
-6.5755897
-4.3168545
-4.3168545
-7.3514414
-4.57414
-6.308465
-4.3535395
-7.3514414
-6.8685575
-5.0079174
-4.3168545
-7.3514414
-7.3514414
-6.121686
-4.3168545
-4.6018534
-7.3514414
-3.9106045
-4.1077743
-7.0570436
-5.6503654
-4.57414
-7.3514414
-7.3514414
-7.3514414
-7.3514414
-4.57414
-4.430604
-5.897434
-7.3514414
-6.6078076
-4.3168545
-7.3514414
-4.430604
-4.430604
-4.3168545
-6.284638
-5.897434
-4.3535395
-7.344206
-7.3514414
-4.3535395
-6.566919
-5.6503654
-3.8187919
-4.3168545
-4.430604
-7.3514414
-5.6503654
-7.344206
-7.3514414
-7.3514414
-7.3514414
-7.0570436
-7.3514414
-4.3168545
-4.9350047
-6.284638
-7.3514414
-7.3514414
-4.3168545
-4.3168545
-6.2156353
-4.3168545
-5.897434
-4.3168545
-6.953135
-7.3514414
-6.51126
-4.3535395
-7.3514414
-7.0570436
-7.3514414
-7.3514414
-6.5610642
-4.3535395
-7.3514414
-4.430604
-7.3514414
-7.344206
-4.3535395
-7.310274
-6.195564
-4.3535395
-7.344206
-4.57414
-7.310274
-7.3514414
-4.430604
-4.430604
-7.310274
-6.566919
-7.3514414
-6.494863
-7.0570436
-7.3514414
-4.3168545
-7.310274
-5.8959165
-7.3514414
-7.3514414
-6.308465
-4.8469467
-7.3514414
-3.487327
-6.953135
-7.3514414
-4.3535395
-5.0366387
-6.0870333
-7.3514414
-6.494863
-6.107379
-7.3514414
-7.3514414
-7.3514414
-4.3535395
-5.096284
-6.953135
-7.3514414
-5.944968
-6.5610642
-4.3168545
-4.3535395
-7.3514414
-5.8959165
-4.6018534
-4.430604
-4.3168545
-5.897434
-7.3514414
-4.1077743
-6.7433143
-4.464805
-7.3514414
-4.3535395
-5.910642
-5.897434
-5.2231627
-3.5775623
-7.3514414
-7.3514414
-7.3514414
-7.344206
-7.3514414
-5.554334
-3.5775623
-6.3906245
-7.3514414
-3.5775623
-5.8959165
-5.0366387
-7.3514414
-7.3514414
-7.3514414
-7.3514414
-7.3514414
-5.8959165
-7.344206
-7.3514414
-7.3514414
-7.3514414
-7.3514414
-4.3168545
-6.3906245
-7.3514414
-7.3514414
-3.5775623
-6.6078076
-5.096284
-5.897434
-6.3906245
-5.0366387
-5.6503654
-5.897434
-4.3535395
-7.3514414
-7.3514414
-7.344206
-7.3514414
-4.3535395
-4.3535395
-7.0391965
-4.3535395
-4.430604
-5.9116597
-7.3514414
-7.3514414
-4.430604
-4.5213103
-3.5775623
-6.284638
-5.7636557
-4.3535395
-5.096284
-7.3514414
-7.310274
-4.1077743
-5.8959165
-4.3535395
-7.344206
-7.3514414
-4.57414
-4.3168545
-7.310274
-7.3514414
-5.8959165
-4.6018534
-6.51126
-5.897434
-7.3514414
-3.9106045
-7.3514414
-7.0391965
-7.3514414
-7.3514414
-6.494863
-6.26397
-5.8959165
-6.6078076
-6.6078076
-7.344206
-7.3514414
-6.195564
-4.464805
-6.6078076
-6.6078076
-7.310274
-7.3514414
-5.910642
-7.3514414
-7.3514414
-4.430604
-4.430604
-5.897434
-4.3535395
-4.3743696
-6.953135
-4.430604
-4.6933117
-4.3535395
-6.121686
-3.9106045
-4.3535395
-7.3514414
-7.3514414
-7.3514414
-7.344206
-7.3514414
-5.8081746
-7.3514414
-5.897434
-7.3514414
-6.7433143
-7.3514414
-4.430604
-7.344206
-7.3514414
-7.3514414
-4.3168545
-7.3514414
-6.041491
-7.3514414
-5.897434
-4.3535395
-6.0659003
-6.6078076
-6.121686
-7.0570436
-7.3514414
-4.57414
-7.0570436
-7.3514414
-4.549382
-7.3514414
-4.430604
-4.3168545
-7.3514414
-6.7433143
-7.3514414
-7.344206
-7.3514414
-4.5921493
-6.953135
-7.3514414
-6.168614
-7.3514414
-6.6078076
-6.6078076
-7.3514414
-7.310274
-6.6078076
-4.3168545
-7.3514414
-5.897434
-4.57414
-6.195564
-5.937234
-7.3514414
-7.344206
-7.344206
-7.310274
-7.3514414
-5.897434
-7.3514414
-5.106233
-6.284638
-5.096284
-5.8959165
-7.3514414
-3.487327
-5.9269385
-4.3168545
-6.2148724
-6.415766
-7.3514414
-7.3514414
-5.320925
-7.3514414
-7.0570436
-7.3514414
-6.6078076
-7.3514414
-3.5775623
-5.8959165
-7.3514414
-6.6078076
-7.3514414
-6.51126
-6.24918
-4.3535395
-7.3514414
-7.3514414
-7.3514414
-7.0391965
-4.430604
-6.284638
-6.196078
-7.3514414
-6.953135
-4.430604
-7.3514414
-4.3535395
-7.310274
-6.7433143
-6.7433143
-7.3514414
-6.51126
-5.0366387
-4.5213103
-6.494863
-7.3514414
-7.344206
-4.430604
-5.897434
-5.897434
-5.897434
-5.7499037
-7.3514414
-7.344206
-7.3514414
-7.3514414
-7.3514414
-3.9106045
-4.430604
-4.3535395
-4.3535395
-7.3514414
-5.897434
-7.310274
-4.430604
-5.6503654
-6.953135
-7.3514414
-4.430604
-7.3514414
-6.3702464
-3.5775623
-4.3168545
-5.096284
-5.897434
-4.3168545
-7.3514414
-7.3514414
-6.5610642
-4.3168545
-6.299195
-4.1077743
-7.3514414
-6.041491
-4.5921493
-6.3702464
-4.3535395
-6.6078076
-7.3514414
-5.6503654
-5.320925
-4.3535395
-7.310274
-6.3906245
-6.081655
-4.3535395
-7.344206
-7.3514414
-7.0391965
-7.3514414
-7.3514414
-6.6078076
-7.3514414
-7.3514414
-6.953135
-5.096284
-7.344206
-5.7965026
-6.386715
-7.3514414
-7.3514414
-7.3514414
-4.6018534
-7.3514414
-4.3535395
-7.344206
-7.344206
-7.3514414
-4.3168545
-5.897434
-6.51126
-7.344206
-5.897434
-5.096284
-7.3514414
-4.3168545
-7.3514414
-5.8959165
-7.3514414
-6.953135
-5.7636557
-4.494424
-6.3906245
-5.897434
-5.897434
-7.3514414
-7.310274
-5.0366387
-3.8187919
-7.3514414
-7.3514414
-6.303401
-7.344206
-6.24918
-7.3514414
-6.7433143
-7.3514414
-6.5610642
-7.0570436
-7.3514414
-6.7433143
-4.430604
-7.3514414
-6.7433143
-4.3535395
-7.344206
-6.534684
-4.3535395
-7.3514414
-4.430604
-7.3514414
-4.3168545
-7.310274
-3.5775623
-7.3514414
-4.430604
-6.953135
-4.3168545
-6.7433143
-4.430604
-5.897434
-7.3514414
-5.620258
-6.953135
-7.3514414
-5.910642
-7.3514414
-7.3514414
-7.3514414
-7.344206
-7.3514414
-6.7433143
-4.3535395
-6.3702464
-4.549382
-6.2148724
-4.3535395
-7.3514414
-6.8685575
-5.096284
-4.5921493
-6.5610642
-5.897434
-4.57414
-7.344206
-4.3168545
-4.3168545
-6.51126
-4.430604
-4.3168545
-6.494863
-7.3514414
-6.566919
-5.965561
-7.3514414
-5.9269385
-6.5610642
-7.3514414
-3.487327
-7.3514414
-6.494863
-7.310274
-4.3168545
-7.310274
-6.7433143
-6.639204
-7.344206
-6.494863
-7.310274
-7.3514414
-7.3514414
-5.096284
-7.344206
-6.7433143
-7.3514414
-7.344206
-7.3514414
-7.3514414
-4.3535395
-7.3514414
-7.3514414
-7.3514414
-6.8569107
-4.430604
-6.284638
-7.310274
-7.310274
-7.310274
-5.0597463
-7.3514414
-7.3514414
-7.3514414
-3.9106045
-3.9106045
-4.3535395
-4.3535395
-7.3514414
-7.344206
-7.344206
-5.0597463
-7.3514414
-7.344206
-7.3514414
-4.5213103
-4.8926983
-7.3514414
-5.9813595
-7.3514414
-4.3168545
-7.0570436
-6.639204
-5.77362
-7.310274
-4.3168545
-5.096284
-6.207384
-5.096284
-3.5775623
-6.1282105
-7.3514414
-6.953135
-7.3514414
-6.415766
-5.9269385
-7.310274
-4.8926983
-7.310274
-6.8685575
-7.3514414
-6.7433143
-4.3535395
-6.953135
-6.953135
-7.3514414
-4.3535395
-7.3514414
-7.0570436
-4.3535395
-7.3514414
-4.3535395
-7.3514414
-7.310274
-4.3535395
-6.3906245
-7.344206
-5.6618376
-6.041491
-6.494863
-6.499885
-7.310274
-7.310274
-7.3514414
-4.3535395
-6.386715
-4.3535395
-6.3906245
-7.310274
-6.3242297
-7.344206
-6.299195
-4.430604
-7.310274
-7.3514414
-7.3514414
-7.3514414
-7.3514414
-6.386715
-6.51126
-7.0570436
-7.3514414
-3.9106045
-4.3535395
-5.897434
-6.8685575
-7.344206
-7.344206
-4.430604
-7.310274
-6.8685575
-6.2156353
-3.9106045
-5.3795176
-7.3514414
-6.953135
-6.51126
-7.3514414
-7.3514414
-7.3514414
-7.3514414
-6.7433143
-7.310274
-4.57414
-4.3535395
-7.344206
-5.164133
-7.3514414
-6.6078076
-6.5610642
-4.430604
-7.0570436
-7.3514414
-6.3906245
-7.3514414
-6.494863
-7.3514414
-7.3514414
-4.430604
-5.9269385
-7.3514414
-7.310274
-5.096284
-7.3514414
-4.430604
-6.2156353
-6.7433143
-7.3514414
-4.430604
-6.24918
-6.7433143
-6.415766
-6.7433143
-7.3514414
-6.7433143
-6.8685575
-3.9415762
-6.350401
-7.3514414
-7.3514414
-7.310274
-7.3514414
-7.344206
-7.3514414
-6.51126
-4.4476066
-7.344206
-5.9269385
-5.8130903
-7.3514414
-7.3514414
-7.0570436
-6.3702464
-4.3535395
-5.096284
-4.3535395
-7.3514414
-4.3535395
-7.310274
-7.344206
-4.3535395
-7.0391965
-5.897434
-5.164133
-5.9269385
-6.566919
-4.57414
-7.3514414
-7.3514414
-4.3535395
-7.3514414
-7.3514414
-7.0570436
-7.3514414
-7.3514414
-4.3168545
-4.3168545
-7.310274
-4.3535395
-7.3514414
-7.3514414
-7.344206
-4.3168545
-6.5755897
-6.7433143
-7.3514414
-7.344206
-6.2148724
-6.953135
-7.3514414
-7.3514414
-4.3535395
-4.3168545
-4.3535395
-4.3535395
-6.3906245
-7.3514414
-7.3514414
-7.3514414
-5.897434
-7.3514414
-7.344206
-7.3514414
-7.3514414
-4.57414
-7.3514414
-7.3514414
-4.3168545
-4.3535395
-4.839474
-4.3535395
-4.3168545
-5.897434
-7.0570436
-6.6462216
-7.3514414
-4.3535395
-7.344206
-4.57414
-7.0570436
-6.284638
-4.3168545
-7.3514414
-6.415766
-4.430604
-4.430604
-7.3514414
-7.3514414
-7.3514414
-4.5213103
-5.554334
-4.3168545
-4.57414
-7.3514414
-5.096284
-7.3514414
-5.0366387
-5.096284
-7.3514414
-5.6618376
-7.3514414
-5.897434
-7.3514414
-7.344206
-4.57414
-4.3535395
-6.953135
-7.3514414
-5.897434
-7.3514414
-7.3514414
-6.284638
-7.3514414
-5.897434
-7.310274
-4.3168545
-5.096284
-5.897434
-7.3514414
-5.897434
-4.3535395
-4.3743696
-7.310274
-7.310274
-5.096284
-7.310274
-4.57414
-4.57414
-7.3514414
-7.3514414
-4.3535395
-7.3514414
-7.3514414
-7.3514414
-7.3514414
-6.8685575
-7.3514414
-7.3514414
-4.3535395
-3.5775623
-7.3514414
-4.3535395
-7.310274
-5.897434
-7.3514414
-4.3168545
-5.8959165
-7.3514414
-6.089392
-6.8569107
-7.3514414
-7.3514414
-5.096284
-4.57414
-7.3514414
-5.897434
-7.3514414
-6.953135
-5.096284
-4.6018534
-7.344206
-4.3743696
-7.3514414
-4.3168545
-7.3514414
-4.3535395
-6.3242297
-7.3514414
-7.310274
-5.7636557
-6.308465
-7.344206
-7.310274
-4.57414
-7.3514414
-7.3514414
-7.3514414
-6.51126
-7.3514414
-4.3168545
-6.417439
-6.121686
-7.3514414
-5.897434
-7.3514414
-7.3514414
-7.3514414
-6.020394
-7.3514414
-6.6078076
-5.320925
-6.5610642
-7.3514414
-4.57414
-4.430604
-5.096284
-3.9106045
-5.096284
-5.4344773
-5.0366387
-7.3514414
-7.310274
-6.6078076
-7.3514414
-5.096284
-7.310274
-3.5775623
-5.096284
-7.3514414
-3.9106045
-4.1077743
-4.3535395
-7.3514414
-7.3514414
-7.3514414
-6.284638
-7.3514414
-6.3906245
-5.7636557
-7.3514414
-7.0391965
-6.3702464
-4.3168545
-7.3514414
-7.3514414
-4.3535395
-4.3168545
-7.3514414
-7.3514414
-6.953135
-7.3514414
-6.51126
-4.3535395
-7.310274
-7.3514414
-4.3535395
-7.3514414
-7.3514414
-7.310274
-4.3168545
-7.344206
-4.1077743
-7.3514414
-4.3743696
-6.51126
-3.5775623
-4.3168545
-7.344206
-4.3535395
-7.3514414
-4.3168545
-4.3535395
-7.3514414
-7.3514414
-4.3535395
-7.3514414
-6.6078076
-7.3514414
-7.0391965
-5.7636557
-7.3514414
-7.3514414
-7.3514414
-7.3514414
-5.897434
-6.415766
-5.897434
-5.897434
-4.3535395
-7.344206
-4.3535395
-6.494863
-5.897434
-6.51126
-7.3514414
-4.5921493
-5.096284
-7.3514414
-7.3514414
-7.344206
-5.320925
-5.096284
-5.096284
-7.3514414
-6.020394
-7.3514414
-5.096284
-7.310274
-7.344206
-6.499885
-6.51126
-6.138367
-7.3514414
-6.24918
-7.0391965
-5.096284
-4.3535395
-7.344206
-7.3514414
-7.344206
-7.344206
-7.3514414
-7.3514414
-7.344206
OOVs:
NONE
NONE
