-5.4529877
-5.815536
-4.2590475
-3.6569927
-4.729782
-6.324594
-4.927993
-5.2408514
-4.30866
-3.922511
-1.6549101
-2.4659207
-2.5596662
-3.436875
-4.2478914
-3.1693678
-6.225622
-2.617348
-1.420219
-5.4116497
-4.630366
-5.5334845
-5.2231584
-6.2402983
-5.374623
-4.889943
-3.5633063
-4.729782
-3.6569927
-5.5680537
-3.975411
-6.278286
-0.8550439
-4.2478914
-4.7896338
-5.298877
-4.35992
-3.755331
-2.6929011
-4.0230613
-5.7171035
-4.281067
-6.417361
-4.301361
-4.630366
-3.7438173
-4.341498
-2.773131
-4.383787
-6.881863
-3.6569927
-3.6357024
-4.039695
-4.039695
-4.0942783
-5.573777
-1.153662
-2.8318784
-2.1755795
-5.7779155
-7.4588413
-4.9158072
-4.244967
-5.3508577
-3.139637
-4.0553317
-3.0907154
-2.773131
-4.383787
-3.281155
-4.729782
-3.5889604
-4.7896338
-3.5131648
-5.584358
-5.246228
-4.984243
-3.436875
-4.30521
-3.931867
-5.0218472
-5.325164
-4.729782
-3.7438173
-8.877768
-5.0842457
-6.881962
-4.2590475
-5.0516696
-3.627638
-1.3474933
-5.094101
-4.286975
-4.636948
-5.447571
-4.286975
-4.500393
-2.1755795
-3.95049
-0.8550439
-1.6549101
-5.7171035
-3.6569927
-1.8560958
-3.3830647
-3.5608456
-4.405602
-4.2590475
-1.6336279
-4.2590475
-2.1747847
-4.729782
-4.630366
-4.6436067
-7.6101375
-6.4219713
-4.729782
-4.2590475
-5.094101
-6.4936576
-3.6569927
-2.0615175
-4.7735257
-1.6336279
-3.565378
-4.405602
-3.5719485
-4.8267264
-2.2487795
-6.135291
-5.7019057
-4.2590475
-5.196953
-4.729782
-5.382288
-2.1747847
-3.1477654
-5.0108223
-4.838118
-1.153662
-4.729782
-3.6357024
-1.4724629
-3.6569927
-4.341498
-3.6569927
-5.7990704
-4.286975
-4.913077
-4.630366
-4.481549
-7.869678
-4.630366
-4.4990754
-3.780065
-4.880096
-3.6569927
-3.6546462
-4.729782
-4.538934
-3.7658312
-4.541395
-7.7414207
-3.6569927
-5.815536
-4.405602
-3.6569927
-4.2478914
-3.3847997
-2.1747847
-2.03028
-4.2590475
-4.9110556
-4.9110556
-1.7175963
-5.0842457
-5.4143305
-3.7438173
-5.0214252
-3.3830647
-6.0261006
-2.2646356
-2.361155
-4.729782
-5.7171035
-1.153662
-3.436875
-4.2590475
-1.6336279
-1.6336279
-5.6460834
-3.6569927
-5.228038
-4.8496685
-4.729782
-4.2590475
-1.683593
-3.5608456
-4.0550528
-4.301361
-5.067868
-3.6569927
-7.5757766
-6.062364
-2.2517843
-5.7171035
-1.4724629
-4.286975
-4.011078
-3.5889604
-2.2487795
-3.5889604
-1.490585
-4.487596
-4.729782
-4.167546
-4.0868096
-5.135442
-4.729782
-7.7414207
-5.135442
-4.877475
-4.167546
-4.630366
-5.2920623
-4.7376466
-4.729782
-1.4724629
-4.2590475
-4.2590475
-1.6549101
-2.936224
-4.405602
-5.1291733
-1.364468
-4.2590475
-4.2590475
-3.8984892
-4.286975
-4.2590475
-5.1032767
-3.217117
-3.5889604
-4.630366
-6.062364
-6.3902354
-5.6289225
-3.6569927
-6.13199
-4.301361
-4.729782
-3.2093658
-1.835402
-3.6569927
-4.2590475
-4.2590475
-0.26342502
-4.405602
-3.2921007
-4.6309404
-5.452369
-5.3665414
-5.938151
-4.931458
-2.2487795
-5.135442
-4.9079
-8.507755
-6.9159627
-3.6251755
-5.4573956
-5.0218472
-4.729782
-5.135442
-4.729782
-4.729782
-5.327172
-3.5889604
-3.5889604
-5.7720046
-5.792733
-4.405602
-5.0623345
-4.729782
-3.843345
-6.222932
-3.5889604
-4.286975
-4.286975
-4.286975
-5.1814017
-5.7171035
-4.7896338
-4.8496685
-4.518453
-4.2590475
-4.2590475
-6.15239
-4.0476885
-3.78189
-6.3393526
-4.2851834
-4.478644
-4.2590475
-6.423801
-3.076048
-4.146369
-5.7986317
-4.146369
-5.0503983
-5.135442
-4.286975
-5.7720046
-5.2324095
-4.3444285
-5.6234107
-4.553417
-7.6101375
-4.2590475
-4.729782
-4.2590475
-0.4822795
-3.436875
-5.135442
-4.165449
-6.1263433
-4.8267264
-4.340443
-3.6569927
-3.6602583
-5.135442
-5.3665414
-4.553417
-1.8965694
-3.6569927
-4.3141623
-4.7945642
-5.584358
-7.6101375
-3.719243
-4.479004
-5.094101
-4.478644
-4.166032
-3.6569927
-5.0108223
-5.1154523
-4.405602
-4.553417
-4.553417
-4.2590475
-3.2604878
-4.553417
-3.076048
-7.385012
-4.729782
-4.591345
-4.4072833
-3.843345
-7.6101375
-7.238733
-3.1693678
-4.2590475
-5.584358
-4.7478137
-5.4816904
-5.815536
-3.579224
-4.665651
-2.2487795
-4.286975
-5.02588
-4.4072833
-5.815536
-5.815536
-4.2590475
-5.7720046
-3.7113206
-5.483034
-5.135442
-4.859221
-3.3517418
-4.729782
-5.316511
-4.729782
-4.729782
-4.729782
-3.873205
-4.3444285
-4.729782
-4.2590475
-7.379504
-4.85676
-6.7273164
-3.2604878
-2.8241878
-4.5500474
-4.891559
-3.7024884
-4.52074
-8.450435
-3.6569927
-5.3707523
-5.815536
-1.835402
-3.873205
-5.991679
-2.8798943
-3.4647915
-5.4816904
-0.8550439
-5.067868
-6.795403
-4.8496685
-5.584358
-4.286975
-3.2068696
-7.570217
-4.286975
-3.873205
-7.379504
-1.7958682
-4.8613706
-4.7245307
-5.4837403
-4.286975
-2.582989
-4.2590475
-4.8613706
-4.729782
-5.4143305
-3.4210262
-3.981121
-5.010148
-5.0005436
-2.3063023
-4.0360117
-3.740748
-5.135442
-6.9159627
-4.479004
-4.405602
-4.553417
-3.6357024
-4.2590475
-2.0615175
-3.118155
-5.325164
-4.8267264
-3.5131648
-4.286975
-4.057854
-6.795403
-4.553417
-3.6569927
-5.7720046
-5.7720046
-5.366469
-2.9552743
-2.8798943
-4.301361
-4.729782
-5.0695415
-5.40955
-2.683378
-3.6569927
-3.255971
-4.301361
-5.5680537
-5.584358
-6.062364
-6.4728374
-4.2590475
-4.839668
-5.2607293
-5.815536
-5.6365485
-5.067868
-3.6569927
-6.8058124
-4.834352
-4.8267264
-4.4952016
-5.779628
-5.352381
-3.1693678
-4.4700375
-4.30521
-5.094789
-5.0623345
-3.563244
-3.4199555
-7.4546356
-6.5569572
-5.7707057
-5.9711604
-5.162265
-6.329975
-4.834352
-3.6830945
-6.14984
-3.931867
-5.0902295
-4.5360155
-3.5073533
-6.2234664
-1.7831855
-6.881962
-3.255971
-5.7979107
-4.8267264
-5.1559963
-4.02412
-4.731291
-2.6319354
-3.5889604
-5.351839
-5.813227
-5.3488455
-2.9758332
-6.7380757
-1.9712962
-3.5889604
-3.563244
-3.964991
-3.076048
-3.6757984
-5.745103
-5.8430314
-4.5961585
-4.8592257
-3.255971
-5.1051083
-8.714316
-6.310755
-5.4089365
-3.563244
-4.8267264
-4.8124967
-5.067868
-2.7338421
-4.211848
-5.91801
-4.9894447
-2.1108913
-3.5929222
-3.2496223
-5.0713205
-2.7338421
-3.0907154
-4.882985
-5.595045
-4.7456503
-3.6717455
-4.415329
-3.6645043
-4.858508
-3.6663659
-3.5590498
-8.842573
-3.6645043
-3.964991
-2.4727943
-3.775532
-3.651524
-3.5889604
-3.5889604
-6.4893603
-5.2310867
-3.146936
-4.901699
-5.550423
-5.4126506
-6.58145
-4.244967
-2.9552743
-2.6778502
-3.7013109
-3.4199555
-3.6364598
-4.5476813
-4.523362
-4.523362
-3.6575348
-2.5155795
-3.4479542
-5.623492
-5.146295
-6.022461
-2.2950575
-5.278795
-6.022461
-8.150486
-6.1167164
-3.719243
-5.969092
-4.591484
-4.9148555
-6.022461
-3.0191636
-4.306521
-5.151208
-6.0718775
-6.022461
-3.5957568
-3.2338428
-1.153662
-1.6799693
-4.913077
-1.5878814
-3.756552
-3.931867
-6.435852
-2.4831386
-5.151208
-3.1839504
-0.8550439
-3.6569927
-4.523362
-5.6301956
-2.993422
-5.0218472
-6.022461
-5.135442
-4.636948
-4.1817527
-1.5625463
-5.0218472
-5.469784
-4.8267264
-5.533235
-2.5154502
-5.239731
-1.8012383
-3.1176472
-2.2487795
-5.690754
-8.020763
-2.4831386
-0.8550439
-4.301361
-0.8550439
-0.8550439
-3.3570151
-1.9730462
-2.4831386
-6.264412
-5.246228
-5.0156918
-4.6788216
-3.5544984
-4.1082287
-6.745575
-5.4757185
-3.1050818
-4.8560877
-4.0343432
-1.420219
-7.297719
-6.0391583
-8.38467
-4.901985
-4.838118
-4.743468
-5.686027
-10.379646
-3.5462215
-4.049823
-4.793894
-4.743468
-3.8855643
-4.9088225
-2.2487795
-4.340069
-3.1176472
-4.690638
-2.2383535
-0.8550439
-4.8560877
-4.0868096
-1.364468
-5.0842457
-3.7089274
-5.0218472
-3.3448977
-4.57096
-5.74295
-2.4831386
-8.441604
-3.719243
-2.4915483
-3.9868329
-5.010148
-5.010148
-2.4831386
-3.905984
-3.4647915
-5.602052
-4.376949
-3.2604878
-4.711289
-6.748353
-2.773131
-6.887043
-3.8847382
-4.0922523
-6.7566934
-4.0343432
-4.0343432
-3.3498974
-4.312135
-4.1231737
-2.7243187
-4.0343432
-4.0343432
-4.4415994
-5.7779155
-2.093106
-2.7178752
-3.1400187
-1.8012383
-3.8663514
-4.429166
-4.495393
-6.022461
-1.9094651
-5.7275968
-1.6839279
-1.8285682
-6.022461
-3.931867
-7.3986273
-6.022461
-2.2950575
-3.6273527
-4.654801
-3.8404844
-8.270438
-3.2666936
-5.4816904
-4.340443
-3.597773
-4.5876236
-6.7183676
-5.0603404
-4.5882483
-4.197229
-3.6569927
-5.623492
-5.253615
-5.084093
-4.4634423
-6.3093405
-3.3133953
-7.5299106
-6.022461
-4.630366
-6.3093405
-3.2008824
-3.943721
-6.022461
-6.022461
-6.022461
-0.8550439
-0.8550439
-3.8063922
-2.0958445
-6.858226
-4.2187095
-4.6543794
-3.7089274
-6.022461
-3.5957568
-5.1699214
-5.5049415
-4.0343432
-4.0343432
-5.6782846
-6.022461
-4.0343432
-1.7831855
-4.8560877
-5.7990704
-3.1176472
-4.1231737
-1.7144643
-5.567557
-5.4888234
-6.3822174
-5.51231
-4.486993
-2.7454793
-5.4596806
-1.6549101
-3.5929222
-3.6569927
-6.745575
-5.7720046
-8.307806
-1.364468
-5.7986317
-4.1532483
-4.1461334
-7.1488266
-6.423801
-0.8550439
-5.094101
-4.548846
-6.225622
-4.0343432
-3.436875
-7.78667
-2.4831386
-6.677492
-6.0391583
-6.022461
-5.7986317
-5.749869
-3.981121
-3.7392275
-6.616067
-3.575208
-4.2590475
-6.225622
-4.0868096
-2.5289135
-3.931867
-5.2231584
-0.8550439
-4.383787
-5.7986317
-4.7088375
-4.591345
-4.591345
-4.405602
-5.5680537
-4.6384616
-4.606162
-8.441604
-5.9367366
-3.451849
-0.8550439
-3.528228
-1.3474933
-4.5880556
-0.8550439
-4.498787
-5.0842457
-4.553417
-5.119691
-3.5816057
-6.9342976
-1.8012383
-6.022461
-3.6569927
-4.405602
-4.8287735
-4.486993
-1.5878814
-5.807504
-4.4959226
-8.249689
-3.5533094
-8.842573
-2.7421377
-3.3084795
-4.591345
-7.3986273
-5.4816904
-3.563244
-4.301361
-1.8211489
-4.8267264
-5.54484
-4.244967
-4.78715
-2.9246523
-4.5880556
-4.4703803
-3.360021
-4.498787
-4.0343432
-2.9626753
-3.255971
-3.4199555
-6.77852
-2.7243187
-4.383787
-1.9967932
-3.6569927
-3.8785617
-4.286975
-5.162265
-5.094101
-3.710442
-4.0343432
-4.609147
-4.609147
-5.807504
-3.6569927
-6.3391147
-3.5545387
-6.734425
-5.5445313
-4.286975
-6.060745
-5.608839
-4.713027
-2.2950575
-5.335635
-3.8785617
-5.690168
-2.0958445
-2.0958445
-4.306521
-2.628678
-8.877768
-3.2338428
-5.9582872
-4.291841
-3.719243
-4.1532483
-3.7369392
-4.854433
-5.8345113
-6.5707984
-4.9891567
-5.9820576
-5.9820576
-5.622663
-3.0020037
-3.4199555
-5.374623
-4.609147
-4.2974625
-1.8012383
-1.8965694
-3.4199555
-4.609147
-2.993422
-6.4691906
-2.7225385
-5.246228
-4.609147
-2.993422
-8.842573
-3.3498974
-2.993422
-3.931867
-3.3498974
-4.523362
-4.8120995
-5.374623
-3.1710622
-4.729782
-2.0958445
-2.893128
-5.1086383
-6.648964
-2.564381
-4.4959226
-4.291841
-2.993422
-2.4727943
-2.564381
-5.5452476
-2.893128
-4.4959226
-5.5849485
-4.7579403
-4.3183684
-4.669099
-2.9174585
-2.0958445
-4.609147
-2.993422
-5.365621
-5.983515
-3.6569927
-6.926187
-4.66138
-3.7345955
-3.1562243
-3.6569927
-5.327758
-2.0958445
-5.5682783
-1.9967932
-4.203303
-6.418694
-2.0958445
-4.729782
-2.2950575
-5.274758
-4.613074
-5.094101
-2.8318784
-2.8318784
-4.609147
-3.922511
-5.3602724
-6.648964
-3.582625
-3.157789
-4.523362
-2.7423577
-1.835402
-3.1562243
-6.7183676
-3.7530239
-3.9066432
-4.523362
-3.6569927
-4.301361
-4.349974
-3.6569927
-1.9880183
-2.993422
-1.420219
-4.559328
-5.0519304
-4.2075195
-3.694695
-5.094101
-1.8210039
-4.341353
-4.1989865
-4.8206067
-3.964991
-5.0519304
-3.1562243
-3.1562243
-5.0836363
-4.834281
-3.719243
-4.7896338
-7.2036405
-4.2446833
-5.3690968
-3.5499315
-2.5756526
-1.6549101
-1.9880183
-8.672283
-5.233357
-5.233357
-5.813227
-4.390848
-3.3498974
-4.8267264
-5.0957236
-3.3498974
-4.457763
-5.246228
-2.5080664
-2.207862
-2.893128
-3.6770606
-2.5080664
-8.170248
-2.5080664
-5.134622
-2.2950575
-3.7822752
-5.0519304
-1.6585772
-5.854425
-4.1478615
-4.3257704
-3.3498974
-3.3498974
-4.9283524
-4.3432307
-2.993422
-3.6987658
-4.4959226
-4.4959226
-5.4838862
-5.2511497
-2.0958445
-4.3458257
-0.8550439
-6.14984
-4.040477
-3.3498974
-5.135442
-6.5707984
-1.9967932
-1.6549101
-5.821313
-4.212495
-4.523362
-3.777051
-6.073435
-3.1562243
-1.9967932
-4.553417
-2.0958445
-3.922511
-1.3474933
-5.098086
-5.352806
-3.8314257
-3.9121673
-4.040477
-1.6900055
-4.518453
-4.2518616
-4.8267264
-6.1097207
-6.734425
-5.121135
-4.5750093
-5.5849485
-4.058177
-3.621431
-3.6569927
-3.732727
-2.0958445
-5.4161835
-2.2646356
-2.893128
-3.732727
-4.882985
-3.764735
-2.0958445
-3.2338428
-4.1113296
-3.4199555
-5.633587
-4.2116184
-3.938901
-6.544809
-2.993422
-2.8798943
-2.993422
-8.170248
-3.3498974
-6.065379
-3.9690342
-1.9967932
-2.509637
-5.2625794
-3.4199555
-4.864193
-4.2819953
-4.0553317
-3.0191636
-2.8085299
-3.9516144
-3.6879222
-4.613074
-2.5154502
-4.301361
-4.522164
-5.094101
-4.4596615
-4.882985
-2.5294993
-5.067868
-7.0899706
-3.4199555
-2.993422
-3.5889604
-2.993422
-4.8124833
-2.993422
-6.170507
-0.8323273
-1.3887893
-7.10239
-6.8740625
-2.893128
-4.0167427
-3.747511
-4.713027
-4.4907384
-6.161792
-5.4888234
-4.167546
-4.5241594
-5.813227
-4.6119184
-6.156203
-5.1265116
-5.5680537
-3.6569927
-8.714316
-2.5194783
-5.02981
-2.893128
-5.8078284
-5.293952
-4.2590475
-3.6569927
-6.065379
-3.922511
-5.8345113
-4.2590475
-8.671409
-4.402014
-3.7856011
-0.8550439
-1.5625463
-5.567557
-4.9371676
-3.3498974
-4.291841
-4.291841
-2.5194783
-3.4199555
-4.291841
-4.8985877
-4.040576
-4.291841
-5.094789
-2.993422
-8.583033
-4.291841
-4.8985877
-4.253868
-3.843345
-4.3614383
-2.6810007
-4.1580653
-3.7730014
-2.6023638
-3.5061996
-4.0094657
-6.5281982
-4.291841
-3.694695
-4.2569866
-4.837841
-6.409714
-3.576428
-4.385578
-6.420815
-4.735554
-4.834352
-4.838118
-5.5954466
-5.010396
-5.0902295
-5.7725573
-1.7958682
-5.7407184
-8.671409
-5.931446
-1.5878814
-5.7979107
-4.3458257
-4.0868096
-4.10412
-4.2664504
-3.7438173
-4.291841
-5.05144
-3.719243
-4.0868096
-4.2664504
-3.436875
-3.436875
-2.622421
-3.8314257
-3.3498974
-4.244967
-3.755331
-2.5480013
-5.4116497
-3.3498974
-3.3498974
-4.0345683
-3.6569927
-3.755331
-5.4888234
-8.785641
-5.2257986
-5.7275968
-6.225622
-2.9775763
-3.1691575
-4.479004
-4.0868096
-5.5680537
-2.564381
-3.130295
-4.405602
-6.278286
-3.755331
-4.9266567
-2.564381
-7.4259763
-5.5680537
-4.301361
-2.03028
-3.897541
-3.6569927
-3.897541
-3.1691575
-5.0967574
-3.4866002
-5.2257986
-4.1231737
-5.4529877
-5.4681897
-4.286975
-3.9116082
-2.8085299
-1.835402
-2.773131
-4.5766015
-4.301361
-3.46833
-7.698513
-5.381459
-5.2231584
-3.436875
-5.417648
-4.5762153
-3.6569927
-4.4016604
-4.257234
-6.423801
-4.244967
-8.785641
-7.0147653
-3.6569927
-5.626386
-4.4959226
-5.2109885
-5.182505
-4.4072833
-4.9266567
-4.405602
-3.5349383
-8.842573
-3.9389832
-3.6569927
-2.2487795
-2.893128
-4.4072833
-2.8918493
-6.2632866
-2.6375444
-7.4259763
-3.719243
-6.9970264
-5.094101
-4.442684
-3.719243
-4.950583
-5.196953
-6.067341
-3.5349383
-3.6569927
-4.286975
-4.286975
-0.8550439
-5.7345934
-4.8496685
-4.741749
-3.7733843
-3.3498974
-5.4116497
-4.522974
-2.9174585
-3.6569927
-2.5480013
-1.420219
-3.7089274
-6.583173
-5.3413553
-4.5362754
-2.9174585
-6.423801
-3.6569927
-4.301361
-5.426157
-5.2072554
-4.286975
-6.423801
-2.893128
-4.286975
-6.9970264
-6.9970264
-4.27119
-4.4822216
-3.346374
-5.1085424
-6.4936576
-5.196953
-4.2664504
-5.522131
-4.950583
-3.346374
-4.320564
-4.8496685
-2.1671863
-4.7386193
-4.301361
-3.3498974
-4.405602
-4.040477
-4.040477
-4.8877316
-6.423801
-5.524128
-3.5521407
-4.846951
-2.8798943
-4.4208307
-5.806431
-2.7122147
-1.5682895
-5.5680537
-1.3887893
-3.1981108
-2.7622972
-5.430505
-5.5680537
-4.286975
-3.5349383
-3.6569927
-6.423801
-5.228038
-4.8496685
-3.574176
-6.5281982
-4.405602
-4.0550528
-1.683593
-5.2257986
-6.9970264
-3.719243
-3.7089274
-6.062364
-2.2517843
-5.303383
-6.5306253
-5.2109885
-4.546854
-4.4959226
-4.613074
-2.7423577
-4.286975
-4.8713217
-4.1093264
-4.9359903
-4.7245307
-3.3498974
-3.6569927
-3.6569927
-3.6569927
-3.2338428
-4.9266567
-5.7345934
-4.27119
-4.2974625
-5.573777
-4.411241
-4.563065
-3.0706716
-5.573777
-3.9516144
-3.4199555
-4.9631
-4.5578895
-3.469792
-3.2630882
-5.08954
-3.3498974
-1.9880183
-4.8850517
-4.8850517
-4.164902
NONE
NONE
NONE
