-4.4210234
-4.1015306
-4.2590475
-3.6667225
-5.403542
-5.389685
-4.6816907
-2.9785972
-4.785304
-5.7867436
-4.541395
-2.628678
-4.9688034
-3.2338428
-4.726911
-4.45223
-7.466889
-3.257594
-5.0498815
-5.2238994
-3.8198771
-6.4293804
-4.108405
-4.6816907
-4.456309
-4.8692803
-5.1692495
-4.0553317
-4.467039
-3.692515
-2.2152822
-2.4776647
-0.8550439
-4.956962
-4.8052874
-4.356326
-2.7654183
-4.3434954
-3.2178445
-3.812699
-4.918407
-5.693626
-5.3426666
-4.301361
-2.9785972
-5.940187
-7.770167
-2.8798943
-6.547888
-4.839668
-4.4601045
-2.0490186
-4.970046
-4.2590475
-5.7990704
-5.788172
-4.706599
-4.945288
-9.119097
-3.8650324
-3.8893812
-5.026156
-2.4776647
-2.0958445
-6.2141705
-5.3001895
-2.7421377
-2.7481713
-4.6890965
-5.6784325
-3.6245193
-5.316427
-3.9697213
-3.575208
-4.705974
-4.286975
-5.363909
-3.2338428
-5.0503983
-2.9936085
-4.600601
-5.5167975
-5.6586595
-4.505907
-2.7454793
-5.198425
-6.3147993
-4.479004
-3.979954
-3.5061996
-2.2152822
-5.2290745
-4.1038656
-6.289709
-4.1074495
-4.2590475
-4.500393
-3.0817926
-6.630248
-1.5625463
-5.5913625
-2.7592392
-4.4187613
-3.7855926
-1.6336279
-4.4471145
-7.0380616
-5.0503983
-1.6336279
-4.547199
-1.2677679
-3.8220265
-4.7340636
-4.8935924
-5.4291787
-2.4776647
-5.1225114
-4.674663
-3.68998
-4.726911
-5.5204277
-5.208735
-4.0767894
-1.8012383
-2.1755795
-4.9224195
-2.7481713
-3.68998
-8.842573
-5.389685
-4.6822343
-5.8136435
-5.021564
-4.412046
-7.245879
-1.3496158
-6.225622
-4.5740256
-5.316427
-4.9033184
-4.412046
-2.7454793
-6.431882
-2.4776647
-4.790229
-2.4776647
-3.8261623
-4.3584075
-5.431424
-5.733492
-4.5750093
-4.7962403
-4.9317694
-5.209229
-4.4010787
-4.9112587
-1.683593
-5.9510283
-4.4210234
-3.156942
-3.7244303
-4.061553
-4.4189982
-2.4776647
-5.2021356
-4.1160526
-2.4776647
-4.4471145
-3.4816618
-3.388414
-0.7857999
-5.7720046
-3.672291
-4.479004
-9.16554
-4.9033184
-7.0380616
-5.2311616
-5.412979
-0.96827644
-3.357869
-3.5544984
-6.3365884
-5.220824
-4.2744017
-4.706599
-4.0825667
-3.818048
-1.8012383
-1.6336279
-3.899302
-2.4776647
-5.8531585
-4.8496685
-3.6097124
-3.6792333
-4.2590475
-7.7586813
-0.26342502
-5.626964
-4.138451
-4.143612
-3.3517952
-6.062364
-2.2517843
-5.112917
-1.4724629
-3.1400187
-5.2953486
-5.681655
-5.281782
-5.403542
-3.6602583
-5.012305
-6.5245495
-5.1198764
-6.5168657
-4.957733
-4.609147
-5.2021356
-4.639038
-5.154626
-3.506146
-4.0979
-4.860791
-4.9235044
-4.152362
-4.9349227
-6.225622
-4.505907
-4.860791
-4.51601
-4.6906385
-3.6245193
-4.3622756
-5.6590414
-4.708479
-4.2731094
-4.2590475
-3.5906262
-3.6667225
-4.4210234
-4.708479
-4.023031
-6.062364
-5.584358
-3.7064154
-2.4776647
-5.454584
-4.8732557
-3.610664
-5.2008586
-6.3042316
-4.706599
-1.683593
-4.087779
-0.26342502
-4.505907
-4.153482
-3.2178445
-1.8285682
-4.113084
-3.569511
-4.8835273
-5.403542
-4.706599
-4.6487293
-4.17434
-5.0161138
-2.4776647
-3.6477454
-5.370594
-3.792012
-5.389685
-5.316427
-4.505907
-8.714316
-5.2072554
-4.2590475
-4.5582013
-4.741749
-4.688834
-4.243914
-5.412979
-4.62374
-5.314756
-3.8220265
-4.320564
-3.8261623
-4.2590475
-4.301361
-5.066619
-5.584358
-4.412046
-4.11174
-3.584609
-4.904629
-3.904605
-3.2767577
-4.2506456
-4.3553076
-4.6764092
-2.7454793
-5.316427
-3.778301
-2.2152822
-4.8613706
-4.6468225
-4.708479
-5.493076
-4.364596
-4.8593903
-4.708479
-0.8550439
-3.68998
-4.3483715
-4.479004
-6.049141
-5.412979
-4.4210234
-3.809994
-2.2646356
-4.2427793
-2.4776647
-4.6816907
-4.996092
-4.733023
-4.4131536
-2.4776647
-3.986731
-6.225622
-7.5406404
-4.462819
-6.7222743
-2.4776647
-5.889704
-6.194926
-5.373638
-4.4773264
-4.0976667
-5.5017295
-4.6001115
-5.412979
-5.542044
-2.4776647
-4.6816907
-5.512631
-4.741749
-3.9180288
-4.9052896
-4.2590475
-5.8832955
-5.218786
-6.181586
-4.5215473
-5.012305
-2.4776647
-5.576619
-5.252606
-5.3267336
-7.147233
-2.1755795
-6.488597
-1.683593
-5.6315284
-5.0277452
-4.2590475
-5.1950436
-4.2328515
-5.4404893
-4.479004
-4.26449
-5.2013345
-4.891673
-3.8261623
-4.708479
-7.266192
-4.955509
-5.8531585
-5.8362045
-4.5749226
-6.201972
-4.6313148
-4.8945556
-5.4291787
-5.412979
-5.218786
-2.1755795
-4.287152
-3.4128735
-4.2569866
-3.7814538
-6.201972
-4.5580955
-6.6849303
-3.904605
-5.286899
-5.0158286
-4.033818
-3.7845562
-5.4320846
-4.840126
-3.2541184
-4.609147
-9.119097
-2.1755795
-4.3144007
-3.0219197
-4.479004
-4.6503744
-5.8555775
-3.4122064
-5.5435915
-6.225622
-3.8261623
-5.1755323
-6.3213997
-5.9510283
-4.50405
-9.119097
-8.842573
-1.8560958
-4.707039
-3.68998
-4.396462
-4.9762235
-6.062364
-4.2590475
-3.8643126
-6.062364
-4.654237
-4.2788997
-4.364596
-3.4837298
-2.5275385
-2.0490186
-4.8027964
-4.537969
-4.674663
-5.389685
-8.714316
-7.11335
-4.9033184
-4.4210234
-5.1018767
-3.558213
-5.693626
-6.062364
-3.8650324
-1.7808536
-5.0503983
-5.2311616
-5.929237
-7.5406404
-2.4776647
-7.044356
-4.2590475
-4.4646063
-3.5984106
-2.8798943
-4.631209
-4.8114657
-4.287152
-4.674636
-3.2093658
-5.1787953
-5.1742287
-3.6642175
-4.222269
-6.5409737
-4.8496685
-5.2892847
-6.795403
-5.121789
-3.7076046
-4.489638
-4.1158867
-3.7710602
-2.4776647
-3.3437681
-5.6586595
-4.4210234
-5.940187
-6.505616
-0.83625835
-3.6642175
-4.2590475
-5.7720046
-4.7726545
-5.7316556
-1.420219
-4.2854886
-1.420219
-6.8461075
-4.5582013
-1.683593
-3.9180288
-3.8261623
-3.610664
-5.092201
-2.9936085
-3.9409022
-7.976727
-6.615717
-4.5247607
-4.2328515
-4.525066
-6.859208
-1.420219
-4.023031
-4.6140327
-4.88408
-3.892542
-5.9510283
-1.8565252
-5.412979
-8.842573
-4.138451
-2.628678
-6.235237
-5.7186055
-1.7540871
-3.8126667
-5.1831846
-5.1153092
-2.9478984
-4.7661514
-4.4773264
-5.3395967
-3.942837
-4.500393
-1.420219
-5.584358
-4.2053823
-6.9605923
-4.465682
-2.683973
-3.8741326
-7.2095723
-4.813861
-1.420219
-4.6960974
-4.5582013
-5.6263
-1.9880183
-4.5385165
-3.3505182
-5.316427
-2.7592392
-6.523719
-3.362341
-4.0782743
-2.1755795
-6.0157285
-4.4325128
-2.8798943
-4.2854886
-3.610664
-3.3999984
-3.5462215
-2.7481713
-3.3833694
-6.2436547
-4.8758006
-4.7593646
-5.1969733
-5.012305
-7.3686013
-3.3584008
-4.427686
-4.9310007
-3.3517952
-4.8078885
-5.9621468
-3.5906262
-2.8173652
-4.7625804
-4.707225
-6.5245495
-4.34415
-6.2845745
-3.7221992
-4.468564
-2.993422
-3.575208
-5.1743646
-4.087779
-6.0491543
-5.054765
-4.3814335
-3.610664
-4.087779
-5.2028146
-4.060527
-5.1799073
-7.751172
-4.7726545
-3.792012
-5.2614894
-3.9515414
-4.504925
-4.525066
-5.154626
-5.456424
-3.4079103
-3.1340714
-5.8802752
-1.6799693
-4.1917944
-4.525066
-2.7592392
-6.314408
-4.6936626
-3.8526044
-3.5379674
-3.4416127
-0.8550439
-2.4776647
-4.3254476
-4.239413
-2.993422
-7.5406404
-4.746521
-6.4708247
-4.6226783
-5.0503983
-6.567745
-3.4128735
-3.792012
-5.363909
-4.500393
-2.1312497
-4.5360155
-0.96827644
-3.792012
-5.0118036
-4.785608
-4.8945556
-3.7042334
-3.2471163
-5.7918663
-0.8550439
-1.8285682
-2.4776647
-5.1951947
-5.4980617
-9.119097
-4.5750093
-6.7995048
-5.0491114
-4.7978954
-3.1693678
-5.483953
-4.4133506
-4.2491393
-5.370594
-6.817884
-1.420219
-3.6397958
-4.162601
-4.8246884
-2.4776647
-4.2280474
-6.0022726
-4.405432
-2.207862
-3.9814532
-2.9322474
-4.2673473
-4.4907384
-4.057671
-3.821945
-1.8965694
-4.054765
-3.610664
-4.6313148
-4.396462
-0.8550439
-4.561287
-4.259042
-4.3622756
-4.087779
-4.7244697
-4.600601
-6.0021124
-2.9936085
-3.6016831
-4.2005157
-7.717908
-4.4291987
-2.361896
-3.610664
-4.798507
-5.6982193
-3.89331
-5.3515825
-4.087779
-4.525066
-5.3764014
-3.792012
-5.689102
-5.0411673
-2.8798943
-4.0868096
-5.4483705
-3.6938052
-4.9135327
-4.1669083
-4.1669083
-4.9023356
-4.4133506
-5.8883796
-5.30636
-4.057671
-8.6753
-5.542044
-3.1765673
-3.3517952
-4.7225194
-5.3824906
-4.8351874
-4.9877315
-2.4776647
-4.4189982
-3.2087996
-0.8550439
-4.6853824
-2.683973
-1.8285682
-3.610664
-5.1391172
-6.550701
-4.1015306
-6.3037276
-3.425814
-6.568153
-5.5644712
-4.4048247
-5.4980617
-5.0277452
-5.625095
-4.5781136
-6.756973
-3.9409022
-4.4210234
-5.9703903
-2.9479814
-6.4555926
-3.9814532
-3.7902014
-2.7592392
-6.4281206
-4.087779
-4.829342
-3.858796
-8.714316
-3.2193515
-4.2491393
-4.5582013
-4.087779
-8.842573
-6.009707
-3.9814532
-0.8550439
-0.8550439
-7.5406404
-6.935742
-4.4560943
-8.507755
-4.1669083
-4.7225194
-5.5644712
-3.3609662
-5.0747323
-4.957733
-4.057671
-3.8963773
-3.9388256
-4.600601
-3.858796
-8.381508
-5.053374
-7.2041407
-4.92448
-2.7454793
-4.0868096
-5.0277452
-3.2767577
-6.389601
-6.994866
-7.5406404
-3.609653
-4.317414
-5.1938686
-4.301361
-2.4776647
-4.483816
-5.584358
-5.208735
-5.5961847
-3.8375556
-5.389685
-4.4606843
-3.8650324
-3.537913
-1.8285682
-4.139297
-4.098437
-5.7668366
-4.1669083
-2.9479814
-2.9556944
-7.717908
-4.4291987
-3.1839504
-5.687599
-4.481775
-3.5155523
-4.192555
-2.2612672
-4.03463
-3.916913
-6.9195557
-5.6249423
-5.154626
-5.0503983
-3.6245193
-4.4213476
-0.8550439
-3.6943505
-5.1225114
-4.6533213
-3.68998
-4.404184
-5.3592067
-5.7316556
-4.7741127
-2.4776647
-3.9302428
-4.347733
-8.842573
-0.8550439
-4.4072833
-4.8754373
-4.2788997
-0.8550439
-4.5436897
-5.7316556
-5.0178237
-4.525066
-2.7592392
-5.8531585
-1.6336279
-2.6213582
-2.4776647
-4.087779
-3.3517952
-6.567745
-2.263156
-2.4776647
-3.302833
-2.7370584
-5.9057035
-5.167083
-3.2178445
-7.5406404
-3.5343096
-1.6549101
-4.839668
-3.7902014
-4.301361
-5.0693016
-3.9381227
-4.773383
-5.2535634
-4.623377
-4.517838
-4.9678845
-5.9735575
-3.922511
-7.5406404
-3.858796
-5.33997
-1.420219
-5.7316556
-5.470716
-5.154626
-3.7950106
-5.7572155
-2.4776647
-6.201972
-3.584609
-5.504703
-3.68998
-4.03463
-3.729201
-4.9786243
-3.357869
-2.4776647
-2.4776647
-4.4663343
-4.443952
-3.7042334
-8.714316
-5.584358
-5.6263
-5.595045
-7.717908
-2.7767997
-5.2440376
-3.5408642
-4.9023356
-2.2612672
-2.7454793
-3.5502446
-3.3928094
-5.5644712
-2.7481713
-4.2590475
-3.2162442
-4.9544015
-2.628678
-3.792012
-4.1609983
-6.609289
-5.5725923
-5.0277452
-3.6245193
-4.8935924
-4.087779
-4.851787
-5.3592067
-5.187176
-5.428763
-4.614456
-2.3781345
-4.205974
-5.248232
-4.2353797
-3.9845908
-4.301361
-2.8482368
-5.844483
-4.9889274
-2.509637
-5.3714256
-4.3434954
-2.993422
-5.758995
-3.9814532
-5.605993
-2.4776647
-5.370594
-4.828513
-3.062283
-2.8798943
-4.525066
-7.5896506
-1.8898278
-2.4659207
-3.302833
-6.2621903
-3.9845908
-5.0503983
-3.3517952
-4.3983026
-4.351989
-2.4776647
-4.4646063
-4.5610356
-3.942837
-4.828513
-2.0490186
-4.010686
-5.5207067
-2.993422
-3.9324963
-8.104984
-2.4776647
-4.731639
-4.8035774
-6.3291883
-7.1833825
-3.2178445
-4.7647195
-2.5483143
-8.842573
-0.8550439
-6.279677
-4.689048
-5.7693586
-4.5937967
-5.389685
-4.0979
-3.5502446
-4.175295
-4.020561
-5.3845906
-5.3264985
-4.2119718
-3.1458507
-4.3172073
-7.359437
-3.094734
-5.681655
-4.8935924
-4.0295587
-3.5652604
-3.610664
-5.2252674
-3.9307113
-3.5844488
-2.4776647
-6.3245955
-5.9121494
-2.4776647
-4.3886137
-2.993422
-3.844506
-4.2511506
-4.609147
-4.412046
-5.687599
-4.006786
-1.420219
-3.872566
-4.6570168
-5.6263
-5.373635
-4.3694124
-5.351839
-5.154626
-4.566237
-5.2021356
-4.88408
-5.239613
-4.837717
-4.7814794
-3.8392472
-4.087779
-4.6487293
-6.496852
-4.9098716
-5.3088546
-3.8220265
-5.6781864
-5.985276
-4.2590475
-4.8935924
-4.7178535
-5.8409104
-4.674663
-4.7225194
-3.2232554
-4.7625804
-5.1022277
-3.996019
-5.4969172
-4.087779
-4.0948358
-4.759744
-3.0720358
-5.0277452
-5.7451105
-4.8523364
-4.2744017
-5.34811
-2.6163476
-4.7625804
-3.9994836
-6.0775714
-4.674783
-4.033818
-2.993422
-4.658694
-4.613528
-3.858796
-6.3147993
-4.222269
-6.716107
-3.7535741
-0.8550439
-4.061942
-3.8113358
-4.7225194
-4.255708
-4.479004
-0.8550439
-1.8666483
-4.5626316
-4.220428
-3.5502446
-5.0277452
-4.740399
-5.6781864
-0.8550439
-2.6213582
-2.9322474
-4.1324472
-4.8754373
-2.4776647
-5.1390038
-7.7586813
-5.4529233
-8.010957
-1.6549101
-5.5295925
-2.951979
-5.4291787
-4.478804
-3.68998
-3.717011
-3.8261623
-3.254544
-5.0277452
-3.5502446
-2.7767997
-3.1199942
-3.4433508
-4.3694124
-4.8754373
-4.7978954
-2.9785972
-3.2767577
-4.769752
-1.6649323
-4.4079304
-4.9023356
-5.9735575
-4.759744
-4.685248
-3.7642062
-4.087779
-2.993422
-2.8798943
-2.509637
-3.1280057
-4.2854886
-3.0916748
-4.8108234
-0.8550439
-2.509637
-6.8265514
-4.7297134
-4.877543
-4.9023356
-2.628678
-2.9479814
-4.525066
-5.0491114
-4.8692803
-3.893887
-4.468564
-5.5309386
-2.2584922
-4.706599
-2.9322474
-4.3071218
-6.1216784
-4.4664006
-6.2360544
-5.5373225
-2.993422
-5.154626
-5.286823
-5.0503983
-2.993422
-4.3434954
-1.9683204
-9.192287
-4.061942
-2.4206703
-2.6979523
-5.218786
-8.191053
-5.5644712
-3.5906262
-3.8392472
-4.3081203
-3.8650324
-4.6487293
-2.7289598
-4.4791746
-5.482621
-8.842573
-4.9033184
-2.4776647
-5.0158544
-5.581307
-4.8351874
-5.448816
-3.575208
-3.3517952
-5.563996
-5.584358
-6.225622
-4.359786
-1.8666483
-5.2021356
-2.4776647
-5.070428
-5.795783
-2.1755795
-1.8565252
-5.4226265
-6.188922
-5.3267336
-1.5893207
-3.4210362
-3.2618144
-4.671191
-3.4210362
-6.5330944
-5.8802752
-2.8404574
-4.175295
-2.993422
-4.881266
-3.2731533
-5.1755323
-3.2093658
-5.6263
-5.412979
-4.9317694
-4.2788997
-7.869678
-3.4122064
-4.596096
-5.135745
-2.7454793
-4.7140694
-5.154626
-4.286975
-6.548204
-5.5309386
-5.1391172
-6.9419894
-3.9314992
-4.1382823
-5.528935
-4.4010787
-5.893125
-4.013325
-4.4770265
-3.6245193
-4.7847915
-4.175816
-5.8400054
-4.5372553
-5.7537537
-5.59739
-4.708479
-7.7871966
-5.7720046
-4.2664504
-3.8104908
-5.121491
-4.0942783
-4.814662
-5.298877
-4.2664504
-2.0490186
-3.2338428
-6.371203
-2.8798943
-4.245641
-2.4776647
-4.0948358
-4.468564
-2.4776647
-4.813861
-4.674663
-5.6781864
-8.507755
-4.4210234
-4.4010787
-3.2706416
-3.3517952
-4.5008163
-4.459851
-2.628678
-5.3480473
-5.5167975
-5.102407
-3.68998
-5.1940928
-2.951979
-5.1909256
-2.4776647
-3.5906262
-4.1646414
-2.7454793
-4.713969
-4.554186
-4.301361
-0.33275592
-2.628678
-6.669653
-4.4334235
-1.3496158
-6.77852
-6.225622
-5.202529
-2.1671863
-4.2343245
-5.670005
-4.4700375
-8.714316
-2.647192
-2.2199147
-2.8109946
-3.6799269
-4.81015
-7.5406404
-3.2618144
-2.7767997
-5.3103566
-3.1691575
-4.6570168
-7.5128403
-2.4776647
-5.0277452
-5.7451105
-4.797342
-2.4776647
-3.5617414
-4.76228
-2.4776647
-4.4965405
-2.4776647
-2.628678
-4.89134
-3.4879189
-4.244799
-5.4291787
-2.2057405
-6.548204
-2.7454793
-2.4776647
-4.4125752
-5.051574
-5.5644712
-3.8019388
-5.24459
-2.6375444
-5.9214106
-5.114441
-5.6234107
-4.6487293
-6.567745
-4.6487293
-7.5406404
-3.857507
-3.7180064
-2.1755795
-2.4776647
-7.0380616
-4.609147
-3.867976
-5.0503983
-5.1787953
-2.1755795
-4.6313148
-4.087779
-4.609147
-5.350649
-2.0490186
-4.3483715
-5.0047855
-1.420219
-5.154626
-2.9785972
-4.594279
-2.2057405
-3.4210362
-4.541395
-4.3483715
-4.301361
-8.714316
-5.1707087
-4.023193
-2.8958066
-4.2427793
-3.7199404
-4.2210417
-1.6549101
-1.5878814
-4.087779
-4.4334235
-4.6001115
-4.738153
-7.9715858
-3.9216974
-3.753728
-5.0503983
-3.2338428
-5.3328075
-3.8650324
-6.630248
-4.0844827
-5.5309386
-5.2892847
-4.746521
-4.286975
-4.3215656
-3.7180064
-3.8650324
-3.7423637
-4.296605
-6.062364
-4.291841
-5.7720046
-5.699737
-9.119097
-3.904605
-5.5248013
-5.3669653
-4.257261
-4.4210234
-4.828513
-2.4776647
-3.872566
-2.1755795
-2.4776647
-4.057671
-4.11174
-5.338799
-4.8239565
-2.7454793
-3.8126667
-0.77849644
-3.8261623
-4.674663
-5.0260353
-4.057671
-5.412979
-6.062364
-1.610983
-5.316427
-4.788961
-2.7454793
-3.6745052
-4.0647855
-4.706599
-4.9224195
-3.584609
-7.151648
-7.051405
-3.3517952
-4.2353797
-3.8220265
-2.4776647
-2.4776647
-2.4776647
-2.7454793
-5.8923855
-2.9479814
-5.5737042
-2.4776647
-2.9936085
-4.057671
-5.6263
-4.3434954
-4.2788997
-6.6435337
-4.8935924
-3.672291
-2.4776647
-4.3434954
-7.011666
-5.595045
-6.567745
-6.568153
-3.8261623
-2.3265495
-4.9558306
NONE
NONE
NONE
