-4.9383836
-4.7332478
-5.233766
-6.2099457
-3.3333716
-4.3160625
-5.07059
-3.4796352
-4.89922
-5.5195537
-4.14234
-4.367829
-2.1662607
-2.8117666
-5.126491
-2.682855
-2.337768
-2.5967305
-5.067362
-2.7099319
-5.6885157
-3.3436365
-3.759417
-4.959493
-4.3910017
-4.98237
-5.039732
-5.2382436
-3.6787357
-4.598297
-4.482636
-8.9875555
-0.7372867
-3.9602487
-4.796597
-2.95071
-3.245649
-3.6861627
-1.5246245
-3.3670793
-4.489664
-5.504575
-4.6533237
-3.5164073
-3.6147242
-4.3650036
-6.3983536
-2.6485126
-1.9692953
-3.344462
-4.0185065
-1.8754424
-3.9422343
-2.9977286
-4.3153777
-4.959558
-1.2200798
-4.039437
-3.6021078
-4.5178213
-4.4322796
-2.8973188
-4.107034
-2.7184696
-0.21449684
-3.4719782
-3.7650113
-3.449544
-2.1613963
-5.3793454
-2.82257
-5.07059
-2.6302812
-1.1560348
-5.843725
-4.9383836
-5.046377
-2.8117666
-5.339777
-2.3304431
-3.7196205
-5.270229
-4.860997
-3.6901774
-2.2606502
-6.38031
-5.733691
-4.242034
-4.608514
-3.2031279
-2.4722877
-4.3071485
-4.68072
-4.470468
-3.843892
-3.5520854
-4.860621
-2.8168657
-2.6960657
-2.3694785
-3.8825676
-5.204754
-3.344462
-4.4435115
-2.239367
-4.1547785
-3.9929812
-5.339777
-2.4738312
-3.2012699
-0.21449684
-4.064271
-4.4123707
-4.854369
-4.6656146
-6.0193377
-4.208109
-5.270229
-4.1872635
-2.85931
-4.627803
-5.6988144
-5.0998063
-2.672306
-3.9163616
-4.7331405
-2.992321
-6.5229793
-4.8365774
-4.2150674
-4.982887
-6.442721
-2.7414982
-5.199145
-0.7372867
-1.9346128
-3.344462
-4.171294
-4.925376
-3.1592522
-4.875485
-4.571038
-3.5883226
-4.627803
-4.627803
-4.627803
-3.9516168
-3.8637261
-3.2459435
-3.596607
-4.1758733
-4.00895
-3.928211
-3.4419641
-6.1919107
-4.3617373
-3.8365154
-6.841606
-4.0798454
-4.098105
-3.2056754
-4.04688
-4.431389
-4.2068067
-3.3957393
-3.8519933
-4.228446
-3.4568233
-3.5797842
-2.584216
-0.081345186
-4.4978247
-2.6707532
-4.242034
-5.1405196
-4.601869
-3.8559403
-4.5178213
-3.344462
-1.9346128
-3.3438084
-3.5169232
-1.2200798
-2.82257
-3.1187816
-3.1592522
-4.0284534
-3.57784
-2.239367
-2.239367
-3.6253793
-4.995828
-3.2619421
-5.181238
-6.4280853
-3.5441852
-3.5520854
-3.778792
-1.0552932
-4.9360857
-3.6409786
-4.0947275
-2.3517632
-4.03557
-2.4483914
-3.611802
-3.1349912
-3.1910374
-1.1876755
-3.9219937
-4.89922
-3.6905553
-3.9163616
-7.9474297
-3.3950288
-5.552395
-4.2297378
-5.0943947
-4.998967
-2.82257
-5.0748367
-4.070096
-3.6337855
-4.4186225
-3.1078422
-4.0616508
-4.6825233
-1.2210289
-3.344462
-4.5117364
-4.394359
-6.079212
-4.3774104
-2.768178
-2.7324831
-5.4322686
-3.5370052
-3.9451997
-2.9977286
-2.82257
-3.7382832
-4.0221133
-3.7589939
-3.4970827
-5.07059
-5.5195537
-3.62874
-4.925376
-3.875507
-4.3859873
-6.2818966
-3.6021295
-2.6103065
-2.82257
-3.4112644
-4.4186225
-0.56311923
-4.556042
-1.3118469
-4.925376
-1.2210289
-5.520981
-5.137925
-4.0566463
-4.4841475
-4.10076
-6.00787
-4.135548
-7.2857056
-5.025861
-1.3118469
-3.6021295
-4.709665
-5.063532
-5.3781023
-2.9312925
-3.8637261
-3.6021295
-4.969762
-4.76159
-6.251981
-4.346205
-4.2001257
-3.344462
-5.485212
-6.45151
-5.184433
-3.8234527
-4.2347293
-3.5520854
-3.7667193
-3.4442651
-3.9723318
-4.2924376
-4.22637
-4.5113153
-3.2792306
-4.471361
-5.1200905
-3.9583335
-4.282872
-5.0410285
-3.064978
-4.313882
-5.136705
-3.38779
-3.790873
-4.320563
-3.8657143
-4.439781
-3.5370052
-3.35563
-4.925376
-1.6082696
-3.6664047
-4.5237856
-4.242034
-2.5750613
-3.344462
-4.117065
-5.9143376
-2.6128705
-2.3671086
-4.925376
-5.1184673
-4.5081797
-3.9194782
-4.36591
-5.07059
-3.6896708
-3.344462
-3.748068
-6.278138
-4.277336
-4.627803
-4.094011
-5.2314095
-4.2276206
-3.8637261
-3.344462
-4.9479747
-5.9516134
-3.344462
-4.30198
-4.627803
-5.1184673
-4.021282
-4.340503
-2.8752472
-2.9065118
-3.5520854
-3.344462
-6.276589
-1.9367118
-3.6497788
-3.4802206
-3.344462
-4.1620703
-4.5178213
-3.032783
-4.637552
-1.9692953
-3.6664047
-2.6707532
-3.9307375
-4.32878
-4.9682674
-3.9422343
-3.3521588
-5.1405196
-4.7891965
-3.7444057
-5.3174934
-4.017468
-4.8363557
-3.8657143
-3.4618979
-4.297352
-5.233766
-4.603399
-2.7947755
-4.5245857
-3.344462
-3.204406
-4.904619
-3.344462
-4.4181423
-1.9692953
-2.6960657
-5.3767323
-3.5370052
-4.3875203
-4.473389
-3.9009426
-8.9875555
-5.012836
-5.9354715
-4.723094
-4.4186225
-5.1904755
-2.82257
-2.6960657
-4.3728275
-5.0998063
-4.881329
-3.3335354
-4.658716
-5.07059
-3.5617685
-5.4452424
-2.656132
-4.564828
-4.8570204
-3.344462
-5.322933
-4.737786
-4.588191
-2.1623309
-4.324152
-5.3281617
-3.6664047
-3.9602487
-3.706967
-3.230054
-2.0745215
-2.9977286
-5.199145
-3.5520854
-2.7947755
-5.07059
-3.8717375
-1.8754424
-2.6960657
-3.3490334
-2.0373657
-5.8037233
-9.450481
-0.406078
-3.344462
-4.2150674
-6.1254516
-5.3936663
-4.485474
-4.0798454
-3.8713353
-3.7871554
-5.049448
-5.709456
-4.6986427
-1.1560348
-4.535427
-5.1853256
-9.450481
-1.788097
-8.9875555
-7.732474
-3.5520854
-4.7612295
-4.855429
-2.6485126
-4.3859873
-3.907262
-4.874338
-4.6283555
-3.7196205
-5.07059
-0.8916042
-3.7607346
-1.8754424
-4.4706903
-5.181238
-2.8155832
-4.903459
-4.239746
-4.3527184
-4.0413895
-3.46635
-5.007307
-3.5418568
-4.242359
-3.337814
-4.9383836
-4.3650036
-4.1126165
-3.2459435
-3.7607346
-3.5520854
-3.344462
-3.9995549
-4.6702914
-0.37203148
-4.448368
-2.2068634
-4.833776
-5.1853256
-4.6031685
-4.832962
-5.322933
-4.239746
-5.6075554
-6.0451927
-4.4821515
-3.9386349
-5.862357
-6.389086
-3.7869117
-1.1876755
-5.34183
-0.37203148
-3.615391
-5.063532
-4.0765324
-3.9961388
-4.36588
-1.6546608
-3.344462
-4.8359127
-4.4170957
-2.966363
-6.5779386
-3.7938564
-1.6082696
-3.1992815
-2.3952825
-4.3413787
-2.5866625
-5.0901785
-3.9516168
-3.0921564
-2.9312925
-2.8767457
-0.37203148
-4.3153777
-3.517144
-5.9070354
-4.5361776
-2.2626789
-3.2410488
-5.7624
-3.0002794
-0.7372867
-3.9640627
-5.1184673
-4.146235
-4.295216
-5.649866
-3.7137122
-4.3153777
-0.37203148
-2.0169065
-3.6664047
-3.4755292
-1.9692953
-5.523525
-4.852932
-2.6485126
-4.063845
-4.3384137
-2.887281
-5.2171288
-2.4722877
-1.2832644
-4.287404
-4.272835
-6.0193377
-5.8811274
-8.035196
-3.344462
-4.040901
-3.344462
-1.2200798
-2.6999784
-4.635819
-3.1463706
-3.9289927
-4.991281
-4.3683014
-3.387145
-5.302222
-1.1560348
-4.514537
-8.488588
-9.450481
-2.400322
-1.1560348
-3.9233534
-3.9514031
-4.9360857
-6.332662
-4.765741
-3.9235759
-3.9514031
-2.82257
-4.0219097
-4.3539305
-6.5547895
-4.7717185
-2.8272226
-3.5078983
-5.149191
-6.1919107
-1.1876755
-4.5241876
-8.916941
-5.088431
-3.228303
-1.2753739
-0.56311923
-2.726092
-1.1876755
-2.3163693
-4.961473
-4.8093643
-6.532328
-4.8664985
-5.3293023
-1.6082696
-4.601869
-9.450481
-4.428948
-2.400322
-5.597849
-3.87884
-5.670374
-3.7695332
-3.551173
-3.8511045
-3.6865747
-3.1165626
-5.5806713
-4.860621
-9.450481
-4.4186225
-1.9346128
-4.051756
-3.691562
-3.1463706
-3.204406
-2.644259
-2.1662607
-4.056912
-1.5246245
-3.3136058
-4.4435186
-2.4018726
-4.8604565
-1.2200798
-4.1758733
-6.359436
-3.7875319
-2.7947755
-4.30198
-3.5441852
-0.7859202
-5.1405196
-4.1884146
-7.4311185
-6.54021
-2.82257
-4.9738984
-4.325943
-4.9138827
-5.3567095
-4.589394
-6.00787
-2.6154768
-4.0309935
-2.8867495
-5.2850466
-5.6765385
-3.6147242
-5.6350245
-4.0263247
-3.6726332
-5.185613
-3.344462
-2.0745215
-1.4765079
-3.7071648
-4.4080386
-3.4568233
-3.9514031
-3.2642672
-3.7196205
-4.419651
-4.5178213
-3.0219364
-4.14234
-4.3413787
-3.2592201
-1.788097
-3.8094068
-3.705969
-5.9427967
-4.1711497
-4.5178213
-3.9514031
-1.1876755
-4.6986427
-3.7346222
-2.977493
-4.6184187
-4.5009704
-2.9999974
-3.003824
-4.239746
-4.912963
-5.5142837
-3.964691
-4.163382
-6.397886
-3.8650823
-3.87884
-3.6147242
-5.153568
-2.6485126
-3.5079167
-2.6999784
-3.3612304
-3.652909
-5.364829
-3.7734203
-3.6594625
-4.431389
-1.1560348
-0.7372867
-3.6664047
-0.37203148
-1.2210289
-3.344462
-3.2886403
-1.2200798
-3.9293556
-6.0435934
-3.2881417
-2.3163693
-3.171544
-4.8359127
-8.654719
-2.944504
-3.8779695
-4.340503
-7.574402
-3.8320477
-4.401777
-6.6813183
-2.3952825
-4.8281775
-3.745461
-0.67641336
-6.88358
-5.2850466
-3.9514031
-4.2921457
-5.083554
-5.0937433
-2.8827982
-3.5202587
-5.2803903
-3.9514031
-1.2200798
-4.439781
-3.745461
-3.0782409
-1.5246245
-5.122915
-4.3853197
-3.7834206
-3.5865011
-4.0115237
-3.8511045
-3.721235
-3.8825676
-4.1766906
-5.0672855
-3.3436365
-3.2780075
-1.9506148
-3.8815475
-3.9995549
-5.128863
-4.351012
-3.935205
-4.7590466
-3.064978
-4.9934893
-5.922221
-5.1200905
-8.869697
-4.5525756
-8.836426
-3.9473932
-4.107034
-4.831579
-2.8071415
-5.07059
-4.1412425
-2.3694785
-2.82257
-3.7659655
-1.1560348
-1.5842311
-5.484474
-4.627803
-4.3756022
-1.2210289
-4.2218018
-5.3074975
-4.340503
-3.2148192
-3.5945327
-0.7372867
-7.732474
-3.2592201
-3.9009426
-4.681722
-3.5392375
-2.705614
-5.5868177
-3.4056613
-1.3118469
-0.7859202
-2.3575892
-5.3293023
-4.5241876
-4.535427
-1.7501829
-4.278255
-3.745461
-4.007315
-4.857649
-5.5598617
-4.5117364
-5.1200905
-3.9807353
-4.6702914
-4.9449496
-5.7710605
-4.1539397
-4.0788674
-5.021418
-3.745461
-3.8886943
-1.1543279
-3.3488078
-1.5246245
-4.8490405
-4.6702914
-4.6980143
-1.1876755
-5.027861
-3.7325153
-2.4738312
-5.2850466
-4.925376
-8.9875555
-2.3517632
-3.8737106
-6.155376
-5.204754
-4.4282284
-6.0440025
-4.7952743
-5.145134
-4.961473
-3.3007572
-4.5219913
-4.8865976
-3.344462
-2.2626789
-2.6485126
-0.21449684
-5.193247
-8.916941
-5.3238697
-3.8251421
-4.0645256
-2.6806793
-7.079198
-3.6404908
-4.467344
-3.9995549
-4.5413437
-0.21449684
-5.942599
-5.58386
-5.005439
-2.5387695
-3.9229584
-5.5598617
-6.1919107
-3.7039351
-5.0130415
-4.1872635
-1.3118469
-4.346287
-2.1167278
-3.3438084
-5.520981
-4.601869
-4.207523
-3.7142322
-4.0285683
-4.270212
-5.199145
-3.6787357
-3.4998121
-7.55582
-3.4175873
-4.5133715
-3.0800169
-4.163382
-3.694967
-3.064978
-4.146896
-2.6485126
-4.6343637
-2.992321
-2.981128
-4.3593917
-4.507024
-2.8640566
-3.171044
-4.658716
-3.8429945
-5.165286
-4.777488
-4.0931315
-4.6702914
-3.9514031
-4.540806
-3.9807353
-3.7056708
-5.690788
-5.315564
-0.29896507
-2.7947755
-1.9604781
-5.7042437
-2.400322
-2.6485126
-2.5546546
-5.8301635
-1.1560348
-3.63905
-4.969762
-5.3260655
-2.4401343
-5.0020275
-3.745461
-8.25993
-5.9317455
-3.9248052
-3.4879868
-4.0356445
-2.6485126
-1.1876755
-3.5418568
-2.7157085
-2.8640566
-3.7652843
-3.8430724
-2.400322
-4.7280874
-2.3517632
-2.8272226
-4.567918
-3.7642245
-3.611945
-5.5499163
-3.3772697
-3.4879868
-3.9161546
-3.6901333
-4.146896
-2.400322
-4.7015176
-4.4186225
-3.4581697
-3.674831
-5.843083
-4.627803
-2.3671086
-4.601869
-3.0791976
-2.7697065
-5.772026
-0.7372867
-5.7893634
-4.2024817
-6.1155868
-3.5520854
-4.260323
-4.0413895
-4.051756
-3.3849049
-0.21449684
-4.577524
-3.439846
-4.8455715
-3.9176438
-2.8784688
-4.239746
-3.2480662
-8.916941
-3.6750517
-6.459187
-5.0410285
-3.6846225
-3.318983
-3.916603
-4.8140926
-4.601869
-4.3859873
-1.2200798
-3.6646907
-3.6787357
-3.2787447
-1.1703776
-4.240833
-4.737682
-5.9143376
-3.8520117
-5.4552393
-1.0552932
-4.6588483
-5.437835
-9.450481
-1.2200798
-3.745461
-4.197631
-5.005439
-2.9312925
-4.443801
-4.525423
-5.4825273
-3.6675587
-3.8715951
-4.601869
-3.9514031
-5.4825273
-9.450481
-3.541892
-4.4308953
-3.7189555
-3.2459435
-4.4706903
-2.9977286
-3.8226573
-5.145624
-4.216577
-3.3436365
-4.658716
-4.44206
-4.0439143
-2.5004816
-4.7717185
-4.2567573
-3.9514031
-2.82257
-3.7772603
-3.344462
-4.777488
-6.1895633
-3.7659655
-2.2620134
-2.6463661
-2.4722877
-4.3683014
-4.3269935
-4.140909
-4.4186225
-4.4186225
-6.631872
-5.184433
-4.3108773
-3.9995549
-3.1553562
-5.7607994
-4.0888357
-3.3744073
-6.316577
-5.383753
-3.8425395
-4.658716
-4.68072
-3.5370052
-1.5246245
-2.4506905
-5.972865
-4.959558
-4.8026814
-4.777488
-5.696404
-3.2459435
-1.5246245
-4.601869
-2.8867495
-3.5041296
-10.644433
-5.534776
-4.0663037
-3.778792
-4.681722
-5.638436
-4.844099
-10.644433
-4.4170957
-2.6960657
-2.6388357
-4.5117364
-3.4895554
-4.0088706
-6.2692327
-4.580262
-5.412306
-3.3744073
-4.708433
-3.6463437
-3.745461
-2.252743
-2.5187721
-3.4796352
-4.11376
-2.749095
-2.4483914
-3.5053377
-4.163382
-4.832762
-6.5229793
-4.5207653
-4.262386
-3.9514031
-2.400322
-2.6485126
-3.63905
-5.152534
-4.4744396
-3.8877985
-4.1711497
-1.5246245
-3.63905
-5.8720665
-3.148148
-4.2511225
-4.6887918
-2.966363
-3.744983
-5.898039
-3.7875319
-4.151757
-5.5181127
-9.450481
-4.4990277
-3.922116
-5.820822
-2.8867495
-4.68637
-5.0130415
-4.124159
-4.9994054
-4.368742
-2.400322
-3.6664047
-6.224264
-5.339777
-2.400322
-3.3926988
-1.4806374
-1.7785401
-4.7203956
-3.9311845
-1.8754424
-7.292918
-4.624188
-3.846502
-2.82257
-6.120453
-8.916941
-5.185613
-5.1853256
-3.023151
-4.777488
-2.4932406
-5.926282
-5.640954
-5.07059
-5.1761413
-5.086314
-6.282707
-1.6391772
-0.21449684
-2.3517632
-4.021282
-4.627803
-3.344462
-3.6734064
-1.7057527
-1.788097
-4.925376
-5.536177
-5.9717574
-2.554
-1.6546608
-2.5755885
-5.270229
-3.2159517
-2.304197
-3.2283103
-2.2606502
-3.7642245
-3.2283103
-4.6499906
-3.3237853
-3.8758476
-6.1919107
-2.400322
-3.3744073
-2.3575892
-5.356552
-3.7196205
-4.3853197
-3.344462
-3.928211
-4.9657345
-3.9798412
-4.14574
-3.0266867
-5.1853256
-3.064978
-3.2283103
-4.070096
-4.347122
-4.8061924
-3.8430724
-3.2943196
-1.9433749
-1.788097
-4.743423
-0.081345186
-5.083554
-2.5561402
-4.8718667
-5.0335007
-3.4375553
-1.6391772
-3.7156413
-4.7280874
-3.35563
-2.5187721
-1.9604781
-3.8657143
-4.3413787
-3.344462
-4.2161956
-3.923924
-3.1010559
-3.6664047
-3.0839307
-5.3094635
-4.7843347
-3.9161546
-2.8117666
-4.136901
-2.6485126
-5.153789
-3.6787357
-2.82257
-9.450481
-4.107034
-3.5686603
-5.2850466
-2.664317
-4.925376
-4.0798454
-3.8226573
-4.571038
-2.3517632
-4.550524
-4.869562
-3.038896
-5.0410285
-5.270229
-3.168643
-4.5117364
-2.966363
-4.4170957
-5.120098
-4.225018
-5.6169167
-4.257247
-3.064978
-6.5966077
-5.0100856
-4.2297378
-0.081345186
-2.337768
-6.4283457
-4.647911
-6.2303066
-5.469138
-1.2832644
-3.292506
-2.8799746
-4.228446
-5.5598617
-4.925376
-3.148148
-2.3912888
-0.406078
-7.2821684
-5.4281282
-4.925376
-4.340505
-5.0637436
-3.1322389
-3.3237853
-3.7695332
-5.4136434
-4.627803
-4.925376
-2.6128705
-5.7564754
-4.2698936
-3.6787357
-3.0992558
-4.814282
-3.551173
-4.5117364
-4.1734295
-2.966363
-4.0798454
-4.551123
-3.681076
-2.6960657
-1.9692953
-4.8631024
-3.064978
-4.925376
-4.323809
-1.3633556
-3.5078638
-4.3933983
-7.665286
-3.3167276
-3.6664047
-5.270394
-1.788097
-5.1853256
-4.04438
-5.1853256
-3.5421975
-3.6955986
-4.9682674
-1.9692953
-5.07059
-3.8559403
-5.0998063
-3.5418568
-5.0943947
-3.344462
-1.9692953
-4.8359127
-4.8127074
-5.0998063
-4.8878555
-2.6912856
-5.0971437
-4.7032733
-0.37203148
-4.5241876
-3.4796352
-3.3908439
-1.9692953
-3.2283103
-4.14234
-4.6683526
-2.6485126
-5.007307
-3.6594625
-3.8051422
-1.1560348
-2.3671086
-4.3281264
-1.2972842
-3.0020602
-0.9848422
-8.9875555
-4.647911
-4.914561
-0.21449684
-0.21449684
-5.027861
-2.7202842
-4.535427
-2.8117666
-4.622912
-4.367829
-4.368209
-5.5037355
-4.4990277
-4.9043846
-3.3160946
-4.347122
-1.5550048
-5.07059
-5.3539586
-5.4136434
-3.6664047
-5.07059
-4.9360857
-3.344462
-6.1693077
-4.5972576
-3.344462
-6.538291
-0.37203148
-4.8359127
-4.9776926
-5.6032815
-5.07059
-4.6588483
-1.9692953
-4.627803
-2.6806793
-5.083554
-3.319822
-3.0791976
-4.7091317
-4.418421
-1.2972842
-3.8637261
-4.3853197
-3.5078638
-3.3436365
-3.344462
-4.03557
-2.3690345
-5.5195537
-1.1560348
-7.5247083
-0.406078
-4.8061924
-2.9194038
-4.340503
-4.5113153
-3.7589939
-5.992974
-2.3517632
-8.9875555
-3.875781
-5.07059
-3.8326428
-4.925376
-3.064978
-2.8935921
-3.7436123
-4.448132
-6.1400237
-5.0818653
-5.6455994
-4.3853197
-3.6861627
-5.4136434
-3.7343895
-4.6702914
-3.3744073
-3.6787357
-6.996037
-6.133877
-4.5133715
-4.5117364
-3.9534085
-3.9516168
-3.5135565
-4.413356
NONE
NONE
NONE
