-6.4799466
-5.313124
-3.469161
-3.469161
-3.664476
-4.6604314
-5.1471176
-6.290137
-3.7714994
-6.6739063
-3.2956455
-4.6604314
-4.6611304
-4.9459586
-6.8726225
-5.1751757
-6.215884
-4.2201896
-4.6604314
-6.290137
-6.0680285
-3.469161
-6.736705
-5.9069943
-3.3903186
-3.664476
-5.313124
-4.6604314
-5.358343
-5.1751757
-4.6604314
-4.3775554
-4.9459586
-4.796886
-3.9063916
-3.561916
-3.469161
-4.579384
-5.8169947
-3.3903186
-4.561048
-6.755534
-5.1751757
-6.290137
-3.3903186
-4.6604314
-3.469161
-4.9459586
-5.1751757
-4.9829736
-5.6076517
-5.313124
-3.664476
-3.2956455
-3.469161
-4.99058
-8.248479
-3.3903186
-5.386791
-6.290137
-6.2028685
-4.6604314
-5.548935
-5.358343
-3.469161
-5.593289
-3.469161
-4.4064207
-3.2956455
-3.469161
-3.7714994
-3.7714994
-4.587
-6.4799466
-4.6803675
-4.964801
-4.6604314
-5.5910873
-3.537955
-6.0159554
-5.561379
-4.796886
-3.664476
-4.6604314
-3.3903186
-3.9497473
-5.313124
-3.561916
-4.570856
-6.562059
-5.386791
-6.260423
-5.7001185
-3.6630955
-6.1008515
-4.4064207
-5.3336153
-3.664476
-3.3903186
-5.4945908
-4.6604314
-3.7714994
-6.2193484
-3.9497473
-8.248479
-3.469161
-3.469161
-5.9855022
-3.469161
-6.215884
-5.250582
-6.6739063
-3.7904503
-4.6604314
-4.6604314
-5.313124
-5.313124
-5.386791
-4.9459586
-4.6604314
-3.9497473
-3.469161
-5.853375
-3.469161
-4.6803675
-3.537955
-5.8170953
-3.561916
-3.7714994
-3.7714994
-5.533573
-3.469161
-3.469161
-6.2249837
-6.215884
-3.561916
-8.154013
-8.248479
-3.469161
-3.469161
-3.7714994
-3.3903186
-4.6604314
-4.6604314
-3.7714994
-6.4799466
-6.5626197
-3.469161
-3.9497473
-5.4900417
-5.706654
-5.706654
-5.5291753
-4.7341886
-6.413829
-4.6604314
-4.6611304
-3.561916
-3.537955
-6.2193484
-4.4064207
-5.313124
-4.6604314
-3.3903186
-6.1008515
-6.2563396
-4.9459586
-4.6611304
-6.215884
-3.469161
-5.313124
-3.7714994
-3.7714994
-5.4049664
-3.469161
-3.469161
-6.737543
-6.737543
-5.250582
-7.5991654
-4.964801
-4.4064207
-3.469161
-3.7714994
-4.5626063
-5.362735
-3.7714994
-6.2028685
-2.9558883
-6.545928
-3.469161
-8.248479
-3.469161
-5.3068337
-5.313124
-6.434769
-8.248479
-5.6258235
-5.1751757
-5.3068337
-3.664476
-3.7714994
-3.7714994
-6.4799466
-3.7714994
-4.106498
-4.6803675
-3.3903186
-2.9676056
-3.469161
-5.833564
-5.1751757
-6.7958345
-5.897107
-5.033671
-6.2249837
-5.897107
-5.313124
-3.3903186
-5.6800513
-3.3903186
-5.033671
-6.6739063
-4.398968
-5.1751757
-3.7714994
-4.106498
-3.469161
-5.313124
-3.3903186
-3.469161
-6.1008515
-6.2010756
-4.9459586
-2.9676056
-3.3903186
-5.1751757
-4.6803675
-3.469161
-3.469161
-5.830504
-3.561916
-6.290137
-3.7714994
-3.7714994
-6.032629
-4.6604314
-3.469161
-5.1751757
-4.816663
-3.469161
-3.3903186
-5.362735
-5.313124
-5.313124
-3.3903186
-3.561916
-3.664476
-4.4064207
-3.2956455
-3.7714994
-5.3838077
-6.2771525
-3.561916
-5.6482825
-5.25007
-3.9497473
-6.4799466
-4.6604314
-5.897107
-3.3903186
-3.561916
-3.7714994
-5.897107
-5.897107
-3.3903186
-3.7714994
-6.0966105
-5.421294
-3.6630955
-5.863763
-3.7714994
-5.313124
-3.848862
-5.1751757
-5.389372
-6.1008515
-6.1008515
-6.5626197
-4.99058
-5.1751757
-3.7714994
-5.9479594
-6.0786963
-3.469161
-5.313124
-4.578654
-3.7714994
-3.469161
-6.215884
-5.134548
-5.033671
-5.250582
-5.313124
-5.1737432
-2.9676056
-6.4799466
-2.9676056
-3.3903186
-3.469161
-3.537955
-5.1751757
-6.736705
-3.2956455
-3.9063916
-6.6097817
-4.6604314
-5.313124
-3.561916
-3.7714994
-3.3903186
-7.291581
-3.7714994
-7.291581
-3.664476
-4.4064207
-6.3340178
-4.6604314
-5.1751757
-5.250582
-5.420873
-6.6097817
-6.0786963
-3.7714994
-3.3903186
-3.469161
-2.9676056
-5.8499928
-5.386791
-5.313124
-5.386791
-3.3903186
-2.9676056
-3.469161
-5.645897
-3.7714994
-4.578654
-3.6630955
-3.537955
-3.664476
-6.4256706
-3.6630955
-2.9676056
-3.3903186
-5.313124
-3.469161
-3.469161
-3.848862
-5.8499928
-3.469161
-3.3903186
-3.469161
-3.7714994
-4.773403
-4.578654
-6.4799466
-3.2956455
-5.386791
-5.6206207
-6.1008515
-5.4667106
-5.641817
-5.8428755
-6.4799466
-3.469161
-5.421294
-3.469161
-6.260423
-4.9912567
-4.6803675
-3.664476
-5.313124
-4.6604314
-5.313124
-5.313124
-5.313124
-4.6604314
-2.9558883
-3.664476
-5.250582
-3.469161
-3.664476
-4.2201896
-6.4256706
-6.385564
-5.787017
-6.2193484
-6.6739063
-3.469161
-4.106498
-4.6604314
-3.6630955
-3.469161
-3.3903186
-8.248479
-3.2956455
-5.1751757
-5.083103
-6.215884
-3.9497473
-5.3068337
-6.1008515
-3.469161
-4.6290755
-3.664476
-8.248479
-4.106498
-3.469161
-3.3903186
-4.579384
-5.1737432
-5.6482825
-5.634055
-3.561916
-3.469161
-3.7714994
-5.313124
-3.2956455
-3.7714994
-3.469161
-5.853375
-5.897107
-5.1751757
-3.469161
-3.848862
-3.469161
-5.5233917
-5.6482825
-5.358343
-3.7714994
-3.469161
-4.4064207
-6.5626197
-5.313124
-3.9497473
-5.325676
-3.7714994
-5.8170953
-4.587
-3.469161
-5.9855022
-5.6751537
-6.290137
-4.6604314
-6.926192
-5.421294
-4.6604314
-3.9497473
-5.1751757
-5.1751757
-3.561916
-4.6803675
-3.9497473
-5.551243
-4.578654
-3.3903186
-5.1751757
-5.8428755
-3.469161
-3.469161
-5.4845552
-3.469161
-3.9497473
-3.469161
-3.469161
-3.537955
-3.7714994
-3.469161
-4.879376
-3.469161
-4.964801
-3.664476
-3.561916
-3.537955
-5.1751757
-4.4002748
-3.9063916
-5.990983
-3.3903186
-3.3903186
-4.9018736
-3.664476
-5.5544605
-3.469161
-5.7327185
-3.469161
-4.6290755
-3.3903186
-5.1431737
-6.2010756
-5.183279
-3.3903186
-2.9676056
-7.482185
-3.537955
-2.9676056
-3.469161
-5.880659
-3.664476
-6.6739063
-6.3694477
-3.9236827
-8.248479
-3.664476
-3.561916
-3.7714994
-5.522931
-8.248479
-3.3903186
-5.9006767
-3.561916
-3.561916
-3.3903186
-6.2249837
-3.7714994
-3.469161
-8.248479
-5.773438
-3.469161
-4.4064207
-5.880659
-3.9497473
-3.3903186
-3.561916
-5.783582
-5.880659
-4.4064207
-5.183279
-5.3068337
-5.7883983
-6.500846
-4.710481
-3.3903186
-7.291581
-6.2249837
-5.949962
-6.093806
-3.3903186
-3.3903186
-5.853375
-3.3903186
-3.7714994
-3.3903186
-5.6076517
-5.522931
-4.6803675
-3.469161
-5.522931
-6.500846
-5.522931
-5.453989
-4.749351
-3.469161
-5.522931
-3.561916
-3.469161
-4.6260157
-3.469161
-5.5893335
-6.0302076
-3.469161
-4.4064207
-3.664476
-3.469161
-6.7128053
-3.561916
-3.561916
-5.5893335
-4.4064207
-5.1751757
-5.4845552
-3.6630955
-7.5177884
-3.3903186
-5.654846
-5.389372
-5.1302886
-6.668623
-5.822947
-6.8643036
-3.6630955
-4.106498
-5.863763
-5.386791
-3.469161
-3.7904503
-4.896479
-5.8428755
-5.4845552
-5.931299
-3.469161
-5.897107
-6.755534
-3.469161
-4.6604314
-3.848862
-3.469161
-3.848862
-5.134548
-3.3903186
-3.469161
-4.9018736
-5.389372
-2.9676056
-3.561916
-3.3903186
-3.7714994
-8.248479
-2.9676056
-7.5177884
-3.848862
-5.8428755
-3.469161
-8.248479
-3.7714994
-5.774107
-3.2956455
-6.42268
-4.137306
-6.7491665
-5.6897902
-5.3892684
-5.685402
-3.2956455
-5.655355
-6.2583766
-3.2956455
-5.389372
-3.7904503
-5.1751757
-3.469161
-5.4327755
-6.2230973
-3.469161
-5.389372
-4.4064207
-3.469161
-5.1751757
-5.1751757
-5.072474
-3.3903186
-5.655355
-5.9246206
-5.666256
-3.2956455
-5.9572754
-5.642311
-3.7714994
-5.655355
-3.7904503
-4.6604314
-3.7714994
-3.469161
-3.537955
-8.154013
-5.5884595
-6.42268
-3.469161
-3.469161
-5.593289
-3.469161
-3.561916
-4.587
-5.072474
-5.2569203
-3.561916
-2.9558883
-3.2956455
-6.153658
-4.9459586
-3.469161
-4.6604314
-5.362735
-5.6349597
-2.9676056
-5.389372
-3.469161
-5.134548
-5.386791
-3.664476
-3.3903186
-6.3910713
-5.311865
-5.389372
-2.9676056
-4.6803675
-3.7714994
-5.072474
-3.537955
-6.1008515
-6.301569
-5.9069943
-6.0206547
-5.4845552
-6.082765
-5.389372
-6.0980196
-6.0980196
-6.153658
-6.0021567
-5.1751757
-3.848862
-5.9572754
-5.9572754
-5.1751757
-5.386791
-8.248479
-3.469161
-5.506767
-3.561916
-3.561916
-3.7714994
-3.469161
-5.358343
-6.153658
-3.561916
-3.537955
-3.469161
-5.183279
-3.537955
-3.469161
-6.4799466
-5.448128
-4.712329
-6.032629
-4.964801
-5.500969
-5.755113
-3.7714994
-6.684669
-5.6904664
-5.985651
-3.561916
-5.580671
-5.6076517
-4.947894
-3.3903186
-5.6442924
-4.9287524
-5.1751757
-3.7714994
-3.469161
-3.469161
-5.9572754
-5.183279
-3.6630955
-3.7904503
-3.664476
-6.0668926
-6.4799466
-4.9829736
-6.4799466
-3.561916
-3.3903186
-5.56426
-5.6904664
-5.8499928
-3.6630955
-5.733244
-3.6630955
-5.706654
-3.469161
-8.248479
-6.119724
-6.0980196
-6.0980196
-7.159564
-5.7182713
-6.0980196
-3.3903186
-5.524436
-3.7714994
-3.664476
-6.6097817
-5.4299974
-6.07333
-5.5263753
-6.6097817
-5.1751757
-6.215884
-3.7714994
-5.003825
-7.0214305
-6.2249837
-4.6604314
-5.389372
-5.8499928
-4.106498
-4.6611304
-3.3903186
-5.89901
-5.6178727
-5.386791
-5.313124
-6.0966105
-5.386791
-4.7675242
-5.8499928
-6.0980196
-4.6611304
-3.2956455
-5.389372
-5.386791
-6.0980196
-5.183279
-4.6803675
-5.994305
-3.469161
-5.438109
-5.8499928
-5.824448
-5.313124
-3.561916
-6.2249837
-5.685402
-5.250582
-6.153658
-3.561916
-5.561379
-3.469161
-5.1751757
-5.5291753
-5.5291753
-5.4006953
-4.6803675
-3.7904503
-2.9558883
-5.6017594
-6.1568785
-4.4064207
-3.561916
-3.7714994
-3.7714994
-3.7714994
-5.325676
-5.653899
-4.4064207
-6.6097817
-5.563847
-5.1751757
-3.537955
-3.561916
-3.469161
-3.469161
-6.1008515
-3.7714994
-5.5893335
-3.561916
-4.6604314
-4.6604314
-3.537955
-3.561916
-5.721225
-3.469161
-3.2956455
-3.3903186
-4.6604314
-3.7714994
-3.3903186
-5.1751757
-5.0701313
-4.4064207
-3.3903186
-5.824448
-2.9676056
-5.0478163
-4.9287524
-3.6630955
-5.644857
-3.469161
-6.0980196
-5.3779106
-5.880659
-4.579384
-3.469161
-5.524436
-5.655355
-5.9246206
-3.469161
-5.6076517
-3.469161
-5.853375
-5.386791
-3.469161
-6.0980196
-6.4799466
-6.4799466
-4.6604314
-4.6604314
-3.469161
-3.469161
-8.248479
-5.973683
-6.1008515
-5.25007
-2.9676056
-5.083028
-3.469161
-5.6076517
-5.6076517
-6.6739063
-3.3903186
-3.7714994
-4.6803675
-5.561379
-3.7714994
-4.6604314
-7.291581
-3.3903186
-5.386791
-5.389372
-3.9717555
-5.8199606
-4.9459586
-3.7662525
-5.7781425
-3.7714994
-3.7714994
-5.7932687
-3.469161
-3.7904503
-3.9497473
-6.4799466
-3.7714994
-5.430604
-3.6630955
-5.994305
-5.8428755
-7.5177884
-4.6290755
-5.134548
-6.2687073
-6.1733494
-4.4064207
-3.561916
-3.7662525
-7.5177884
-3.469161
-4.4064207
-5.183279
-3.469161
-5.9069943
-3.561916
-5.897107
-3.3903186
-6.2193484
-3.2956455
-5.4889994
-3.561916
-4.6604314
-3.3903186
-7.5177884
-3.561916
-3.7714994
-3.469161
-4.4002748
-4.6604314
-6.1733494
-8.248479
-6.0966105
-5.822947
-3.469161
-5.655355
-5.8428755
-7.5177884
-3.469161
-7.7597656
-4.9829736
-5.89901
-3.469161
-3.469161
-3.469161
-4.6604314
-3.6630955
-4.4064207
-3.7714994
-3.664476
-5.5263753
-3.3903186
-3.3903186
-4.6803675
-3.561916
-3.3903186
-5.4845552
-5.386791
-4.4064207
-4.4002748
-6.4799466
-4.6611304
-4.4064207
-5.0478163
-4.106498
-8.248479
-5.4845552
-5.5893335
-3.3903186
-5.524436
-5.6904664
-6.0680285
-3.537955
-5.4845552
-6.377431
-5.1751757
-4.947894
-4.6604314
-6.7491665
-7.5177884
-4.99058
-5.3881283
-6.4799466
-6.2028685
-3.469161
-5.386791
-4.99058
-5.5225563
-5.844447
-3.561916
-6.2249837
-5.7182713
-5.524436
-5.524436
-3.9717555
-6.574563
-5.386791
-3.469161
-3.537955
-3.537955
-3.469161
-3.469161
-4.9287524
-3.6630955
-6.7491665
-3.9717555
-3.996071
-6.668623
-5.522931
-2.9558883
-3.9497473
-5.563435
-3.561916
-6.6739063
-3.3903186
-6.2687073
-4.575628
-8.154013
-6.2193484
-3.3903186
-4.6604314
-4.881173
-4.6604314
-3.2956455
-5.299539
-3.9717555
-4.6604314
-5.1751757
-3.469161
-4.6611304
-8.248479
-3.9497473
-3.561916
-4.694478
-4.712329
-7.5177884
-3.469161
-4.6604314
-4.6604314
-3.469161
-3.469161
-5.704367
-4.7675242
-3.469161
-6.2010756
-3.469161
-6.6097817
-5.6482825
-3.469161
-5.655355
-4.4064207
-4.561048
-4.9287524
-5.4845552
-5.1471176
-3.9063916
-5.524436
-3.6630955
-3.469161
-8.248479
-3.469161
-5.655355
-3.537955
-5.362735
-3.537955
-5.3794684
-3.561916
-6.065402
-6.434769
-5.4049664
-6.290137
-8.248479
-8.248479
-4.6803675
-5.7961726
-6.1733494
-3.537955
-3.469161
-3.7714994
-4.694478
-3.6630955
-6.7958345
-3.561916
-6.2193484
-4.694478
-5.853375
-3.537955
-4.580659
-3.7714994
-4.6604314
-4.9912567
-3.9236827
-5.542515
-6.1568785
-5.700394
-7.5177884
-5.1751757
-3.664476
-3.469161
-4.4064207
-5.304537
-6.215884
-6.0980196
-5.2956467
-3.561916
-5.044016
-5.2569203
-4.5913477
-5.897107
-5.4845552
-3.469161
-5.1751757
-3.561916
-4.816663
-5.25007
-5.1751757
-4.6604314
-5.386791
-3.561916
-5.853375
-5.0079083
-5.3068337
-3.561916
-5.994305
-7.5177884
-6.186991
-7.5177884
-6.0980196
-7.5177884
-3.469161
-3.664476
-3.7662525
-5.3142676
-6.385564
-6.2193484
-5.9069943
-4.4064207
-5.083028
-4.6803675
-3.3903186
-5.5263753
-4.6611304
-3.9236827
-5.522931
-5.2569203
-5.6914477
-3.469161
-3.469161
-4.6604314
-3.469161
-6.2687073
-3.469161
-6.2193484
-5.291127
-3.469161
-5.313124
-3.7714994
-5.304537
-4.6611304
-4.4064207
-3.664476
-8.248479
-4.7963986
-3.469161
-5.648784
-6.12121
-5.5828204
-7.5991654
-6.6739063
-3.3903186
-3.3903186
-5.1751757
-3.469161
-5.880659
-3.469161
-3.469161
-3.3903186
-5.990983
-7.5177884
-5.3142676
-6.2230973
-4.7341886
-5.4971395
-6.131759
-5.6301274
-3.469161
-3.3903186
-3.469161
-3.469161
-6.2687073
-5.9069943
-5.438109
-5.880659
-3.7714994
-5.561379
-7.0097566
-5.5565395
-5.9069943
-3.664476
-8.248479
-3.6630955
-3.3903186
-3.469161
-3.5287821
-3.469161
-3.3903186
-3.7714994
-5.6724963
-3.6630955
-3.469161
-3.469161
-5.5739207
-3.664476
-4.7675242
-6.2249837
-3.3903186
-4.99058
-6.186991
-3.561916
-3.561916
-5.386791
-5.453989
-4.2201896
-2.9558883
-4.6611304
-3.3903186
-3.664476
-6.290137
-4.6604314
-5.313124
-3.7904503
-4.6604314
-6.290137
-4.561048
-5.313124
-3.7714994
-5.313124
-5.5263753
-3.664476
-3.469161
-3.9063916
-5.1751757
-3.7714994
-6.215884
-5.561379
-6.2249837
-5.8428755
-3.7714994
-6.755534
-3.3903186
-4.6604314
-3.7714994
-3.469161
-3.7714994
-3.469161
-5.358343
-5.1751757
-3.469161
-4.6604314
-6.410918
-3.664476
-3.664476
-5.548935
-3.469161
-3.469161
-6.926192
-5.9844146
-5.9069943
-6.5626197
-5.5910873
-3.469161
-5.0478163
-3.469161
-3.2956455
-5.1751757
-3.469161
-5.1751757
-3.7714994
-3.469161
-3.3903186
-5.389372
-6.413829
-5.4945908
-7.363312
-6.290137
-5.313124
-4.6604314
-3.664476
-6.2193484
-3.7714994
-5.25007
-4.6604314
-4.6604314
-2.9676056
-4.4064207
-5.358343
-6.1008515
-3.3903186
-5.666707
-3.469161
-5.362735
-5.727193
-5.700394
-4.9459586
-3.7714994
-4.4064207
-5.4049664
-3.664476
-5.386791
-5.313124
-5.386791
-4.6803675
-5.386791
-3.3903186
-5.5493336
-5.183279
-4.99058
-3.7714994
-6.1008515
-6.1008515
-5.9069943
-5.863763
-6.1008515
-8.248479
-4.579384
-5.134548
-6.545928
-3.664476
-3.561916
-4.6604314
-3.537955
-6.0966105
-3.2956455
-3.7904503
-5.821553
-5.6482825
-6.0980196
-5.8499928
-4.6604314
-5.1751757
-3.2956455
-4.6604314
-6.1008515
-3.537955
-2.9676056
-3.469161
-5.313124
-5.313124
-5.8499928
-6.2249837
-5.339269
-5.655355
-4.9459586
-3.469161
-5.313124
-3.469161
-3.3903186
-5.339269
-6.4799466
-3.469161
-3.3903186
-5.5910873
-5.1751757
-5.706654
-6.1008515
-4.6803675
-3.469161
-6.2563396
-5.313124
-3.469161
-5.4508405
-4.578654
-5.1751757
-3.3903186
-5.500969
-2.9676056
-5.666256
-5.358343
-3.9236827
-3.2956455
-3.3903186
-5.5263753
-3.469161
-6.1008515
-3.3903186
-3.469161
-5.3068337
-8.248479
-3.469161
-5.6882143
-8.248479
-8.248479
-5.6258235
-6.434769
-5.7883983
-5.313124
-5.386791
-5.802461
-3.7714994
-6.4799466
-3.7714994
-3.7714994
-3.469161
-3.6630955
-3.469161
-5.4845552
-3.7714994
-4.6803675
-6.2028685
-3.6630955
-4.6604314
-5.634055
-6.290137
-3.7714994
-4.579384
-4.6604314
-4.6604314
-6.4799466
-5.863763
-5.8499928
-4.6604314
-5.644789
-4.4064207
-5.1471176
-4.9655423
-3.469161
-5.1751757
-5.994305
-5.5291753
-4.6604314
-3.469161
-5.4081907
-4.9612117
-4.4064207
-6.55797
-3.469161
-6.578812
-6.0387425
OOVs:
NONE
NONE
