-3.469161
-3.469161
-3.469161
-4.6260157
-4.6611304
-0.45163363
-0.45163363
-3.561916
-3.7714994
-4.6764927
-2.9558883
-3.2956455
-3.8938408
-4.6611304
-3.561916
-5.183279
-4.773495
-0.45163363
-0.45163363
-0.45163363
-3.6630955
-3.6630955
-5.824448
-3.664476
-4.870224
-3.2956455
-2.9558883
-5.396529
-3.8938408
-3.7714994
-2.9558883
-3.561916
-4.2201896
-0.45163363
-0.45163363
-8.248479
-3.561916
-5.5693007
-3.561916
-0.45163363
-2.9558883
-6.2687073
-0.45163363
-0.45163363
-3.6630955
-2.9558883
-3.2956455
-6.684669
-3.561916
-5.4914365
-4.9829736
-3.7714994
-0.45163363
-3.469161
-3.2956455
-5.742482
-6.250285
-6.775217
-2.9558883
-8.248479
-4.587
-0.45163363
-3.8938408
-3.469161
-4.137306
-4.6611304
-5.1347985
-3.469161
-3.7904503
-3.9063916
-5.162301
-4.6764927
-3.8938408
-5.294215
-6.074665
-6.2364783
-8.248479
-8.248479
-0.45163363
-4.6611304
-3.469161
-0.45163363
-6.250285
-0.45163363
-3.7714994
-3.664476
-3.6630955
-0.45163363
-6.7306056
-5.1347985
-6.1619773
-3.469161
-3.7000515
-8.248479
-5.8762865
-3.469161
-4.4064207
-8.248479
-3.664476
-4.354222
-3.7000515
-4.3467946
-3.469161
-0.45163363
-2.9558883
-3.7714994
-3.7714994
-3.469161
-3.7000515
-3.469161
-5.5151176
-4.6803675
-3.2956455
-3.996071
-3.561916
-3.848862
-3.469161
-3.7904503
-3.469161
-5.1751757
-6.2028685
-0.45163363
-0.45163363
-3.561916
-3.561916
-3.469161
-3.469161
-5.9006767
-3.7714994
-4.6764927
-0.45163363
-5.6301274
-4.954575
-3.3903186
-3.7904503
-3.848862
-3.664476
-0.45163363
-4.579384
-3.8938408
-4.6803675
-3.469161
-5.162301
-3.7714994
-3.7714994
-3.7714994
-0.45163363
-0.45163363
-5.3178787
-3.2956455
-0.45163363
-5.420873
-5.183279
-0.45163363
-4.4064207
-5.3693337
-4.570856
-4.6611304
-3.469161
-3.537955
-0.45163363
-3.6630955
-0.45163363
-3.561916
-5.1628532
-8.248479
-4.3775554
-5.8499928
-4.2201896
-3.6630955
-5.763525
-0.45163363
-4.937782
-3.664476
-3.537955
-3.469161
-0.45163363
-2.9558883
-2.9558883
-0.45163363
-5.1628532
-0.45163363
-5.1347985
-5.162301
-6.065402
-0.45163363
-3.9236827
-5.5675764
-0.45163363
-2.9558883
-6.6739063
-3.7000515
-0.45163363
-4.3775554
-5.6017594
-5.390952
-3.469161
-3.7714994
-4.3828855
-5.1751757
-5.9293804
-4.579384
-5.87544
-4.937782
-3.537955
-3.6630955
-5.0701313
-6.248558
-4.4064207
-2.9558883
-5.561379
-5.183279
-5.1751757
-4.8017716
-3.7000515
-3.7714994
-6.324404
-4.937782
-0.45163363
-5.162301
-0.45163363
-2.9558883
-5.561379
-6.6739063
-3.469161
-5.1751757
-8.248479
-3.7904503
-6.8726225
-3.469161
-6.4535584
-5.072474
-8.154013
-6.163392
-6.6792545
-3.9236827
-3.469161
-3.2956455
-4.6803675
-5.162301
-4.694478
-3.469161
-3.561916
-3.6630955
-4.937782
-4.937782
-0.45163363
-3.7714994
-3.469161
-4.6290755
-5.587152
-3.469161
-2.9676056
-3.848862
-4.579384
-0.45163363
-4.3828855
-3.469161
-8.248479
-4.579384
-3.8938408
-4.6764927
-4.6260157
-3.6630955
-3.8938408
-5.7724905
-6.1619773
-3.2956455
-3.469161
-3.848862
-4.579384
-6.6237617
-3.469161
-4.6764927
-4.6764927
-3.469161
-3.469161
-0.45163363
-5.5862823
-0.45163363
-3.469161
-6.8811045
-5.9134054
-0.45163363
-3.6630955
-5.4918337
-3.469161
-0.45163363
-0.45163363
-3.469161
-6.0786963
-3.469161
-4.6764927
-5.822947
-5.3693337
-8.248479
-3.537955
-3.7714994
-4.816663
-6.242342
-5.3049603
-3.9236827
-0.45163363
-3.7714994
-3.469161
-5.2569203
-3.537955
-3.469161
-3.664476
-3.469161
-0.45163363
-3.469161
-6.574563
-3.469161
-3.9497473
-6.2249837
-0.45163363
-3.7714994
-3.537955
-3.469161
-0.45163363
-3.7036674
-0.45163363
-3.7714994
-0.45163363
-2.9558883
-3.2956455
-0.45163363
-3.8938408
-3.561916
-3.7714994
-3.469161
-5.4909415
-5.1751757
-5.06947
-2.9558883
-5.5151176
-2.9558883
-0.45163363
-0.45163363
-3.469161
-8.248479
-3.7714994
-2.9558883
-3.7714994
-3.664476
-6.2028685
-3.7000515
-3.469161
-4.398968
-3.469161
-0.45163363
-3.7000515
-0.45163363
-3.7000515
-6.8643036
-5.325232
-5.7230067
-3.469161
-3.469161
-5.863763
-3.7714994
-8.248479
-4.6764927
-4.6925993
-4.6764927
-3.469161
-4.6925993
-5.1628532
-5.3336153
-4.6764927
-4.6290755
-0.45163363
-3.7714994
-0.45163363
-8.248479
-3.6630955
-6.1801167
-3.848862
-5.861301
-4.9612117
-3.664476
-4.579384
-3.7714994
-5.031002
-3.469161
-3.537955
-3.7714994
-3.2956455
-2.9558883
-5.0701313
-5.083028
-3.664476
-5.1263537
-3.561916
-4.6764927
-0.45163363
-0.45163363
-6.6739063
-5.530975
-5.162301
-3.8938408
-0.45163363
-0.45163363
-5.593731
-4.3467946
-3.469161
-3.7714994
-3.469161
-3.7714994
-3.9497473
-3.469161
-3.9063916
-0.45163363
-5.1751757
-3.2956455
-5.489694
-0.45163363
-5.462146
-2.9558883
-4.579384
-6.3340178
-3.2956455
-3.469161
-3.561916
-3.469161
-0.45163363
-3.469161
-3.469161
-4.937782
-0.45163363
-3.7904503
-4.3775554
-3.6630955
-4.505132
-3.7000515
-3.469161
-5.744354
-6.215884
-3.7714994
-4.6764927
-5.325232
-4.4064207
-0.45163363
-3.9236827
-3.2956455
-5.704367
-3.7714994
-3.469161
-5.042896
-3.469161
-6.1619773
-3.469161
-5.1347985
-3.561916
-6.6237617
-3.469161
-3.2956455
-3.9497473
-5.1751757
-3.561916
-3.7714994
-4.6611304
-3.2956455
-3.469161
-5.06947
-0.45163363
-5.1751757
-5.714753
-0.45163363
-4.3775554
-0.45163363
-0.45163363
-0.45163363
-0.45163363
-5.4361024
-4.694478
-3.7714994
-3.7714994
-4.796886
-3.7000515
-3.469161
-2.9558883
-4.73732
-3.537955
-5.1751757
-3.469161
-3.469161
-3.6630955
-8.248479
-0.45163363
-3.469161
-3.664476
-5.87544
-6.232613
-4.937782
-3.7714994
-5.659051
-5.587152
-0.45163363
-6.4902706
-5.183279
-2.9558883
-7.44928
-5.427579
-3.469161
-4.4064207
-0.45163363
-0.45163363
-5.6942997
-0.45163363
-5.942006
-5.693111
-6.19574
-8.248479
-3.469161
-5.8729115
-0.45163363
-4.6764927
-5.8762865
-3.9717555
-3.469161
-3.469161
-0.45163363
-0.45163363
-3.8938408
-5.2219553
-0.45163363
-0.45163363
-7.291581
-0.45163363
-0.45163363
-3.2956455
-8.248479
-3.561916
-3.7714994
-0.45163363
-8.248479
-5.362735
-4.499386
-4.137306
-6.0994334
-5.362735
-0.45163363
-4.6611304
-4.6611304
-3.561916
-3.7904503
-0.45163363
-2.9558883
-3.2956455
-3.6630955
-3.7714994
-5.420873
-3.6630955
-0.45163363
-4.1259947
-5.2231874
-0.45163363
-0.45163363
-3.7904503
-6.250285
-5.9855022
-3.469161
-4.3828855
-3.7714994
-5.1751757
-3.469161
-5.420873
-6.00329
-0.45163363
-3.469161
-8.248479
-0.45163363
-3.2956455
-5.02111
-3.6630955
-3.561916
-3.469161
-4.3828855
-4.2201896
-8.248479
-3.469161
-0.45163363
-5.294215
-0.45163363
-5.822947
-5.134548
-5.4299974
-3.469161
-5.587152
-3.7714994
-5.162301
-3.561916
-3.469161
-5.7622204
-4.99058
-6.1619773
-6.4902706
-4.3775554
-0.45163363
-3.561916
-0.45163363
-4.6260157
-5.863763
-4.6260157
-5.134548
-6.0206547
-3.848862
-5.072474
-8.248479
-8.248479
-0.45163363
-5.1737432
-8.248479
-3.561916
-3.469161
-4.937782
-0.45163363
-4.6260157
-4.590191
-3.469161
-3.469161
-5.420873
-2.9558883
-3.7000515
-3.7000515
-3.7662525
-3.7000515
-3.996071
-3.6630955
-4.6260157
-0.45163363
-0.45163363
-3.9717555
-3.7714994
-0.45163363
-4.99058
-8.248479
-5.2569203
-5.1751757
-3.7904503
-3.9497473
-6.112567
-6.7958345
-6.6739063
-0.45163363
-4.4002748
-6.3126783
-3.8938408
-4.9612117
-2.9558883
-3.7904503
-5.5726933
-3.7904503
-3.469161
-4.681196
-0.45163363
-5.162301
-3.469161
-3.7000515
-3.2956455
-3.7714994
-3.469161
-6.232613
-0.45163363
-3.469161
-0.45163363
-3.469161
-5.8663516
-3.6630955
-5.1628532
-5.683768
-3.6630955
-5.462146
-4.579384
-4.7841787
-2.9558883
-3.469161
-0.45163363
-5.1347985
-5.462146
-4.3775554
-3.469161
-3.469161
-3.7714994
-4.5037775
-0.45163363
-0.45163363
-5.457248
-2.9558883
-5.6140876
-0.45163363
-6.724591
-4.773495
-3.7714994
-4.9829736
-3.8938408
-3.537955
-3.9063916
-3.9063916
-5.1350617
-5.1751757
-5.2956467
-3.6630955
-5.9855022
-4.4064207
-3.7904503
-6.6739063
-5.742482
-8.248479
-2.9558883
-3.9717555
-3.6630955
-6.2771525
-3.848862
-3.7714994
-3.469161
-3.7714994
-5.863763
-3.7714994
-4.3775554
-3.7714994
-5.9652843
-5.808216
-5.25007
-3.7714994
-4.580659
-5.1628532
-5.918043
-5.363254
-6.07333
-0.45163363
-3.469161
-5.4361024
-2.9558883
-0.45163363
-5.863763
-7.556574
-4.579384
-5.7883983
-3.7000515
-0.45163363
-3.7904503
-5.8499928
-0.45163363
-0.45163363
-3.7714994
-3.469161
-5.6904664
-4.6611304
-4.587
-5.462146
-3.7714994
-6.153658
-0.45163363
-4.954575
-3.6630955
-0.45163363
-5.8499928
-0.45163363
-4.6260157
-3.469161
-3.469161
-8.248479
-3.7714994
-3.7714994
-0.45163363
-4.4064207
-3.7904503
-3.469161
-5.9171114
-3.7000515
-5.3951283
-0.45163363
-3.6630955
-0.45163363
-5.4553447
-6.290137
-3.6630955
-3.537955
-0.45163363
-4.937782
-3.469161
-5.134548
-0.45163363
-3.469161
-5.668278
-0.45163363
-3.561916
-5.774107
-4.9787555
-5.1347985
-0.45163363
-0.45163363
-4.2201896
-4.437288
-3.469161
-5.162301
-5.6140876
-5.808216
-4.4002748
-5.706654
-3.7714994
-5.6568856
-0.45163363
-6.6237617
-6.6481104
-3.7000515
-3.6630955
-4.99058
-6.324404
-6.6739063
-5.457248
-4.954575
-5.183279
-5.083028
-3.9063916
-3.469161
-0.45163363
-7.143598
-5.3713884
-0.45163363
-3.7714994
-0.45163363
-3.469161
-3.7714994
-0.45163363
-3.469161
-4.587
-5.3336153
-3.7714994
-3.469161
-5.8031764
-5.744354
-4.6803675
-5.1628532
-3.2956455
-4.4064207
-4.2201896
-8.248479
-3.469161
-4.6764927
-0.45163363
-3.7714994
-0.45163363
-6.285765
-4.3775554
-0.45163363
-3.561916
-5.1751757
-3.9717555
-3.7000515
-6.061669
-5.6652126
-0.45163363
-3.7714994
-3.7000515
-5.4204035
-2.9558883
-4.6260157
-5.329507
-3.7714994
-4.816663
-5.420873
-3.9497473
-2.9558883
-5.134548
-3.7714994
-0.45163363
-3.537955
-3.9063916
-3.469161
-3.2956455
-0.45163363
-2.9558883
-0.45163363
-3.2956455
-3.537955
-6.5419874
-5.9887824
-3.6630955
-5.4540324
-4.5733027
-3.7714994
-3.9935703
-0.45163363
-5.6234508
-0.45163363
-6.434769
-0.45163363
-4.6803675
-6.186991
-3.469161
-2.9558883
-0.45163363
-0.45163363
-0.45163363
-3.996071
-3.7714994
-6.6739063
-3.469161
-5.252968
-3.469161
-0.45163363
-3.8938408
-2.9558883
-0.45163363
-3.469161
-0.45163363
-0.45163363
-6.3035207
-3.664476
-3.7714994
-5.2207465
-3.7714994
-3.7714994
-4.881173
-0.45163363
-0.45163363
-5.9694633
-5.1058016
-3.7000515
-3.469161
-3.561916
-3.2956455
-5.3951283
-4.579384
-4.3775554
-5.462146
-3.469161
-5.1628532
-3.2956455
-0.45163363
-6.139454
-5.033671
-4.9612117
-4.3828855
-3.469161
-4.9287524
-5.1751757
-4.954575
-3.469161
-6.153658
-0.45163363
-3.469161
-5.869562
-3.561916
-5.7406187
-5.250582
-3.6630955
-7.143598
-4.6925993
-3.469161
-4.937782
-3.2956455
-4.4064207
-5.641817
-3.7000515
-3.8938408
-3.7714994
-8.248479
-4.5508337
-5.685402
-3.7714994
-3.6630955
-4.499386
-3.7714994
-5.7406187
-8.248479
-5.420873
-0.45163363
-3.469161
-3.7000515
-3.469161
-4.9287524
-5.706654
-6.6739063
-0.45163363
-3.2956455
-5.462146
-5.325232
-3.7904503
-4.6764927
-4.6611304
-6.292339
-4.579384
-2.9676056
-5.457248
-0.45163363
-8.248479
-4.6803675
-3.7714994
-4.958673
-3.6630955
-3.469161
-5.5291753
-5.6079173
-0.45163363
-4.9829736
-3.7714994
-3.469161
-6.695706
-5.1751757
-3.9063916
-5.031458
-5.1751757
-4.7372527
-5.587152
-5.4910874
-5.3068337
-3.6630955
-3.7714994
-5.1832557
-5.072474
-8.248479
-4.570856
-0.45163363
-0.45163363
-0.45163363
-6.3080754
-4.6764927
-8.248479
-6.1427836
-5.1347985
-3.469161
-3.7904503
-3.7714994
-5.1347985
-3.469161
-0.45163363
-0.45163363
-3.537955
-3.469161
-3.469161
-6.275026
-3.469161
-3.469161
-4.3775554
-5.462146
-3.7714994
-5.644789
-0.45163363
-3.9717555
-3.7714994
-0.45163363
-0.45163363
-3.469161
-3.9497473
-3.469161
-3.469161
-3.6630955
-3.469161
-3.469161
-3.469161
-0.45163363
-0.45163363
-3.7714994
-4.881173
-5.162301
-3.848862
-3.2956455
-3.7714994
-6.755534
-4.6260157
-3.7714994
-5.8670673
-3.7904503
-3.7714994
-3.2956455
-4.7372527
-6.6739063
-6.6739063
-6.916792
-3.469161
-3.8938408
-3.6630955
-5.744354
-5.462146
-3.469161
-3.7714994
-3.7714994
-4.3775554
-0.45163363
-3.469161
-8.248479
-0.45163363
-4.964801
-3.469161
-5.2833333
-3.469161
-3.6630955
-3.7714994
-5.770772
-3.537955
-5.721225
-5.9069943
-5.1751757
-6.0438657
-0.45163363
-5.183279
-4.954575
-6.2010756
-5.1963716
-3.8938408
-3.7904503
-0.45163363
-0.45163363
-5.695898
-6.3747535
-3.469161
-3.469161
-0.45163363
-5.433956
-3.469161
-5.183279
-3.7714994
-4.3775554
-3.469161
-3.469161
-5.072474
-8.248479
-4.954575
-0.45163363
-3.537955
-3.7904503
-8.248479
-4.3467946
-6.935799
-5.9006767
-5.607258
-2.9558883
-0.45163363
-3.8938408
-3.7714994
-4.4064207
-5.6258235
-3.7000515
-4.579384
-3.6630955
-5.721225
-0.45163363
-5.1832557
-4.3775554
-5.9652843
-4.881173
-4.6764927
-6.6739063
-3.561916
-3.8938408
-4.499386
-7.6463933
-5.704367
-3.561916
-0.45163363
-6.102596
-3.7714994
-0.45163363
-6.244314
-3.469161
-3.7714994
-3.7714994
-4.3467946
-3.2956455
-2.9558883
-3.469161
-4.9287524
-3.7714994
-0.45163363
-3.469161
-5.666256
-3.7662525
-0.45163363
-3.469161
-4.4064207
-6.188727
-5.162301
-5.0079083
-5.914329
-3.469161
-6.1619773
-3.561916
-3.7714994
-5.561379
-6.4286823
-3.469161
-4.881173
-8.248479
-4.4002748
-3.469161
-0.45163363
-3.9717555
-0.45163363
-6.2028685
-4.937782
-0.45163363
-4.6611304
-3.469161
-2.9558883
-5.824448
-6.2771525
-3.469161
-3.7714994
-3.2956455
-4.6764927
-0.45163363
-3.469161
-3.2956455
-8.248479
-3.2956455
-5.325232
-0.45163363
-5.366182
-2.9558883
-5.720122
-6.6739063
-4.4064207
-4.881173
-3.469161
-3.469161
-3.469161
-3.7714994
-3.664476
-5.693111
-3.7904503
-3.469161
-3.2956455
-3.7000515
-3.7714994
-0.45163363
-3.848862
-4.6803675
-3.469161
-3.6630955
-5.1751757
-5.3892684
-2.9558883
-0.45163363
-0.45163363
-0.45163363
-5.739465
-6.3720922
-5.2219553
-5.3979096
-3.7714994
-0.45163363
-3.6630955
-5.685402
-2.9558883
-8.248479
-8.248479
-3.469161
-0.45163363
-5.863763
-8.248479
-6.1904697
-3.7714994
-6.2028685
-8.248479
-5.7230067
-4.99058
-3.2956455
-4.6611304
-5.903373
-5.7001185
-6.1080136
-3.8938408
-5.162301
-5.089284
-3.8938408
-3.469161
-3.469161
-5.6409416
-3.7714994
-0.45163363
-3.9497473
-3.664476
-6.9659677
-3.469161
-5.1963716
-4.6764927
-3.6630955
-0.45163363
-0.45163363
-3.469161
-4.937782
-0.45163363
-5.808216
-3.7714994
-4.579384
-5.868729
-3.848862
-3.8938408
-4.6764927
-5.1751757
-5.889182
-4.773495
-5.674741
-3.7714994
-6.197511
-0.45163363
-5.7694454
-3.469161
-6.250285
-5.685402
-5.8170953
-4.9018736
-3.469161
-3.561916
-5.8737526
-8.248479
-5.162301
-4.2201896
-6.232613
-3.7904503
-4.2201896
-2.9558883
-2.9558883
-3.7904503
-8.248479
-3.7714994
-3.561916
-4.4064207
-5.808216
-4.570856
-3.664476
-0.45163363
-3.469161
-3.469161
-0.45163363
-4.137306
-0.45163363
-0.45163363
-4.579384
-0.45163363
-8.248479
-5.548935
-3.7714994
-5.793969
-8.248479
-5.1347985
-4.9459586
-6.1008515
-3.561916
-0.45163363
-3.469161
-3.8938408
-0.45163363
-6.1619773
-5.313124
-6.1619773
-6.4286823
-0.45163363
-5.8670673
-3.561916
-4.6764927
-5.313124
-0.45163363
-5.641817
-5.183279
-4.579384
-3.7714994
-3.7714994
-3.537955
-0.45163363
-8.248479
-4.6611304
-4.954575
-4.6764927
-0.45163363
-2.9558883
-3.7714994
-0.45163363
-3.561916
-3.848862
-0.45163363
-3.848862
-8.248479
-3.2956455
-3.8938408
-3.469161
-6.6237617
-0.45163363
-5.462146
-0.45163363
-3.7714994
-0.45163363
-0.45163363
-0.45163363
-5.8413095
-3.7000515
-3.6630955
-5.1751757
-4.954575
-8.248479
-8.248479
-3.7714994
-4.6764927
-4.6611304
-0.45163363
-5.1751757
-4.220771
-0.45163363
-3.469161
-4.587
-4.6260157
-5.9199123
-5.714753
-5.6652126
-5.06947
-5.1751757
-3.469161
-0.45163363
-2.9558883
-3.469161
-5.648784
-0.45163363
-3.2956455
-3.469161
-3.996071
-5.4644365
-0.45163363
-3.561916
-6.232613
-4.4002748
-6.153658
-6.163392
-0.45163363
-5.1751757
-0.45163363
-3.561916
-0.45163363
-5.6409416
-5.1347985
-3.6630955
-3.7714994
-4.937782
-0.45163363
-4.6764927
-5.9560266
-3.7714994
-5.4361024
-0.45163363
-3.7904503
-3.7000515
-5.5919666
-3.469161
-6.695706
-3.7714994
-3.561916
-6.113829
-4.816663
-5.4842114
-3.7714994
-3.7714994
-5.348433
-5.863763
-6.168342
-0.45163363
-5.1058016
-3.6630955
-3.7714994
-0.45163363
-3.7904503
-3.561916
-5.343686
-5.655355
-8.248479
-6.07333
-6.8249416
-0.45163363
-5.8572283
-6.250285
-6.4535584
-3.469161
-2.9558883
OOVs:
NONE
NONE
