-3.3263972
-4.849754
-4.2371154
-5.7049494
-3.3210077
-4.697758
-4.1384425
-3.7149053
-4.0025353
-3.3263972
-4.849754
-4.2371154
-5.7049494
-3.3210077
-4.697758
-4.1384425
-3.7149053
-4.0025353
-6.19834
-5.528197
-3.2796116
-6.0040536
-5.5177402
-4.9894805
-3.0263615
-2.2005813
-4.849754
-3.3375916
-2.500089
-4.697758
-2.804029
-4.548056
-3.3854651
-4.346894
-4.5632257
-2.3910885
-6.253027
-2.6128054
-5.7049494
-5.875236
-5.5177402
-5.2235193
-3.6900704
-2.9170341
-3.8688197
-1.6181449
-5.3558893
-6.633834
-3.6062796
-4.4884458
-2.6128054
-3.6405764
-4.702864
-3.2323453
-2.8390574
-2.7540672
-4.769674
-7.0133834
-3.258985
-3.9428484
-4.4844923
-3.9596064
-5.165313
-6.257533
-4.5326414
-1.4023557
-6.008259
-3.8849752
-5.9345765
-4.2371154
-2.5458462
-6.3969927
-4.5859084
-6.142763
-2.8390574
-3.4240394
-3.7492769
-3.9212816
-4.702864
-2.728017
-1.5488051
-3.775506
-4.537881
-4.1345224
-2.3193672
-4.5736713
-5.500454
-3.0957198
-4.9495683
-4.300277
-4.702864
-2.642039
-3.430358
-3.8198168
-2.9170341
-4.212656
-5.16272
-2.8960679
-3.6732588
-4.697758
-3.0375364
-2.2404108
-4.4526043
-1.4023557
-4.4750533
-5.775784
-5.0336037
-3.7478285
-5.7049494
-3.4158604
-3.837476
-6.3564982
-2.9930096
-4.165907
-1.8841735
-3.3210077
-5.0878115
-4.3681817
-5.913364
-2.9326909
-2.9658184
-5.2593937
-5.64065
-4.5008907
-2.6707957
-0.36410666
-0.36410666
-5.741343
-2.832657
-5.732861
-3.0267184
-4.6032186
-5.165313
-4.695097
-3.7202806
-0.36410666
-6.310458
-3.753338
-4.093249
-3.9212816
-3.842272
-5.0878115
-5.575343
-2.8277843
-3.42387
-3.5350714
-3.2560484
-3.7591515
-5.9345765
-5.7049494
-3.2323453
-4.2371154
-4.697758
-6.3087564
-2.729534
-6.121278
-3.1923926
-2.9658184
-4.7895617
-3.177309
-3.4367576
-3.8211875
-5.9794664
-6.70369
-2.8090277
-4.4013457
-3.4158604
-3.12051
-5.732861
-5.7049494
-6.253027
-2.969244
-5.7049494
-0.36410666
-2.090656
-5.0878115
-3.5140586
-4.2371154
-2.6137643
-4.1108103
-4.697758
-3.0027275
-0.36410666
-4.702864
-4.4884458
-4.097963
-6.352675
-4.022133
-3.7085223
-4.012207
-5.7049494
-3.4251842
-2.3193672
-4.4298425
-3.5135195
-4.3551774
-4.4526043
-5.7049494
-6.633834
-4.4750533
-2.1936789
-3.8198168
-2.8277843
-4.769674
-2.538915
-2.6128054
-4.735659
-3.60218
-3.2323453
-3.753338
-4.511464
-5.3858457
-5.4425297
-5.8380547
-6.5621624
-4.702864
-5.5497465
-4.702864
-3.842728
-4.3832345
-3.577695
-4.362063
-3.577695
-4.9861083
-5.3858457
-4.0247817
-4.5050554
-5.195448
-6.3880234
-4.9199343
-4.1318703
-4.141815
-3.5468645
-3.837476
-2.1936789
-6.364901
-3.0103362
-3.753338
-4.702864
-4.2246547
-4.2579236
-3.8198168
-1.6429392
-5.0280943
-4.510197
-5.0293174
-3.753338
-4.702864
-4.26109
-4.115066
-4.4594326
-5.020308
-5.7049494
-0.36410666
-2.8277843
-3.837476
-6.722369
-4.2547255
-4.1268287
-3.7959292
-4.769674
-4.300277
-4.7213054
-4.7034903
-5.1395407
-3.837476
-3.9596064
-4.929729
-6.5298963
-5.4917397
-4.775923
-3.2130532
-4.26109
-5.7049494
-4.5526958
-7.342967
-4.141815
-3.7591515
-2.8090277
-2.8090277
-3.2659943
-4.702864
-4.702864
-4.605041
-4.2969985
-7.551229
-3.2560484
-4.300277
-6.5621624
-3.7149053
-4.702864
-4.3463297
-4.2655845
-0.36410666
-6.489805
-6.633834
-3.8360503
-3.8562539
-4.697758
-3.9764767
-1.6181449
-3.365475
-4.994544
-4.2372713
-1.6181449
-6.2920904
-2.969244
-3.9428484
-3.312749
-4.702864
-3.363631
-3.363631
-2.762519
-3.7591515
-5.9794664
-3.0263615
-4.620539
-6.121278
-2.771241
-2.4993927
-2.9658184
-3.8198168
-4.846082
-3.7591515
-3.8783395
-5.732861
-4.403191
-5.6248646
-1.7187088
-3.6236255
-3.9428484
-3.7478285
-5.3858523
-3.7591515
-5.2847433
-2.4993927
-1.3080475
-5.7049494
-4.1154156
-4.2957273
-5.9379735
-2.9658184
-5.7049494
-4.2371154
-4.1139975
-5.175803
-4.671307
-5.7049494
-5.144881
-3.4919996
-3.6236255
-2.9742372
-4.510197
-3.8198168
-3.0027275
-4.702864
-4.240737
-5.056541
-1.8832291
-4.0487247
-4.605041
-2.9658184
-3.9594686
-6.145088
-3.0811381
-3.0028594
-5.5713367
-3.4687233
-2.8699777
-3.9596064
-0.36410666
-3.303364
-3.6268156
-6.443403
-6.253027
-3.8950832
-4.165907
-3.0263615
-5.4523745
-4.4874187
-3.7591515
-2.090656
-7.0128345
-2.4648993
-4.1384425
-4.5632257
-4.141815
-4.165907
-4.702864
-6.121278
-3.2560484
-4.2371154
-3.3643825
-7.0128345
-4.855769
-3.8198168
-5.9345765
-2.982228
-3.2467809
-3.349006
-1.8598375
-5.78487
-4.696184
-4.2957273
-2.2404108
-4.322582
-4.702864
-5.2235193
-4.1318703
-4.2785616
-3.9111161
-4.7152476
-3.9989228
-5.7049494
-4.4750533
-4.3727846
-5.321762
-2.8023834
-5.9345765
-4.537881
-4.702864
-4.394889
-4.055254
-4.9765797
-3.5315819
-2.5615487
-4.2371154
-3.6134553
-4.2655845
-4.0704165
-3.0811381
-0.36410666
-4.3800535
-4.8029566
-3.9057834
-6.552162
-2.7693477
-4.5843143
-3.7085223
-4.8029566
-0.36410666
-5.4150105
-6.4011765
-3.430358
-6.1168866
-4.2371154
-2.631394
-5.16272
-4.2547255
-6.722369
-1.5488051
-5.724704
-3.4367576
-3.9057834
-4.542031
-3.0005455
-4.769674
-4.0222
-3.7478285
-3.2868047
-3.5986426
-2.6128054
-4.300277
-2.3598902
-5.581466
-5.9151015
-5.732861
-3.359884
-2.6128054
-6.253027
-4.7213054
-4.697758
-5.1070347
-4.570305
-3.1201856
-4.2462077
-5.003861
-4.6032186
-2.1936789
-3.7478285
-2.1291616
-5.0276856
-2.9742372
-3.6157577
-4.560919
-4.9133143
-1.6429392
-6.744964
-4.849754
-3.7798002
-3.0811381
-4.0092645
-2.8853958
-3.5606575
-4.481075
-5.6862564
-4.916467
-2.7882633
-5.1636696
-3.8599303
-3.7847695
-3.9007914
-6.008259
-3.668687
-4.4007683
-7.0133834
-6.388745
-5.13553
-2.437195
-4.463519
-2.4993927
-7.0477314
-1.9907002
-5.9345765
-5.3287935
-4.425539
-3.753338
-3.7191782
-4.702864
-3.68663
-4.9117494
-2.352581
-4.425539
-4.0092645
-4.702864
-3.5419612
-2.7842193
-5.761818
-4.7692056
-4.849754
-3.0164373
-4.233794
-3.9596064
-3.7297943
-4.6007953
-6.026497
-4.0092645
-4.3565235
-4.044513
-5.433424
-4.518683
-6.7837324
-4.285555
-4.0092645
-5.8346195
-2.560672
-2.804029
-4.702864
-4.2823844
-4.695097
-5.7307634
-2.9958634
-4.769674
-5.7307634
-5.144881
-5.7307634
-3.096243
-4.4861236
-3.178241
-3.7191782
-4.769674
-4.425539
-3.6243675
-4.6264
-5.165313
-3.749921
-3.864887
-4.7577767
-5.628904
-4.630259
-3.2340305
-4.684074
-4.6523833
-5.7752028
-2.8630898
-5.9345765
-6.8533964
-4.300277
-4.981269
-2.0861967
-2.6402147
-5.2833657
-4.0175524
-2.2404108
-3.0574253
-4.115542
-4.4334784
-4.300277
-2.8288295
-3.0675979
-4.697758
-2.9170341
-2.729534
-4.4334784
-4.0551915
-5.0336037
-4.867193
-3.2296307
-7.615088
-3.8198168
-2.3193672
-6.633834
-4.99862
-4.50246
-4.1268287
-3.928483
-4.0659904
-4.2936397
-2.7127717
-5.9433455
-3.6063995
-3.7478285
-6.8533964
-3.5606575
-4.793556
-3.5582306
-6.657078
-3.7591515
-4.9894805
-2.386279
-3.2532349
-3.5582306
-2.9930096
-4.6208224
-2.909442
-2.8872921
-3.1553366
-6.364901
-3.753338
-4.769674
-3.0714283
-4.456853
-5.9345765
-3.7478285
-4.769674
-3.534127
-4.5424094
-2.386279
-3.6709857
-4.0476675
-5.9345765
-1.6429392
-0.40719667
-5.0616355
-5.6665645
-2.8962245
-2.5025635
-3.4555185
-3.842272
-4.697758
-3.8469093
-4.9775486
-2.912882
-6.2776194
-5.452006
-3.87215
-4.784391
-3.1279786
-4.769674
-8.590956
-4.2176404
-4.069137
-3.2602108
-5.9956594
-3.7473602
-3.6519856
-4.4103928
-0.553689
-4.2957273
-3.4891176
-6.364901
-3.6166916
-2.2328298
-3.837562
-1.7799249
-3.7478285
-2.7127717
-4.8843017
-4.9775486
-3.0675979
-5.9794664
-5.3505554
-3.312749
-2.9476123
-4.8843017
-4.2969985
-4.2031517
-4.9060388
-6.4193473
-4.5475783
-5.7049494
-4.697758
-2.8390574
-5.3947554
-6.1118617
-3.6582367
-3.4180636
-3.4180636
-4.4526043
-2.665349
-1.9119033
-3.6236255
-3.7686446
-3.7686446
-3.910269
-6.008259
-4.407085
-5.165313
-3.7149053
-4.425539
-3.3146439
-3.3719335
-5.2264113
-6.5270786
-4.055254
-4.0467715
-4.513373
-6.3339806
-4.4532323
-3.285917
-3.6523776
-5.3505554
-2.2233918
-4.0222
-5.7049494
-3.9111161
-4.697758
-3.9653344
-7.650923
-6.3880234
-7.0128345
-4.1318703
-6.0429816
-4.1596603
-4.2371154
-3.7130225
-2.9658184
-4.769674
-3.7686446
-4.8874907
-4.0285425
-4.697758
-3.9833424
-4.0006986
-2.2404108
-4.769674
-3.2648294
-6.2776194
-4.6409736
-2.9658184
-6.052071
-4.555505
-4.0837164
-4.165907
-4.355915
-5.9345765
-3.2340305
-3.7686446
-4.838878
-3.2086906
-7.2595973
-3.4180636
-4.057272
-2.8392863
-7.0133834
-4.300277
-3.3977559
-4.2182517
-6.3652053
-5.126478
-6.9050264
-2.6402147
-4.4155836
-3.534127
-4.2371154
-5.6665645
-4.4155836
-4.769674
-2.5664496
-6.2776194
-4.2899547
-4.699499
-4.321784
-4.702864
-3.6426136
-4.372473
-2.4648993
-4.838878
-3.312749
-3.9870133
-5.0878115
-3.6426136
-3.4180636
-6.7837324
-4.2547255
-2.791393
-4.5599504
-4.769674
-3.7478285
-4.3516355
-5.0888653
-3.0263615
-4.697758
-2.9170341
-6.6435246
-4.0704165
-2.4648993
-6.657078
-3.6678772
-2.3211133
-1.8832291
-7.2595973
-4.4334784
-4.104322
-6.142763
-4.9775486
-4.2547255
-4.4526043
-6.5621624
-5.1395407
-1.9907002
-4.702864
-2.0770035
-2.386279
-3.0027275
-4.697758
-2.804029
-5.8436995
-2.9170341
-4.3052435
-5.7049494
-2.665349
-5.7648463
-6.048324
-6.9050264
-3.041506
-5.7049494
-7.1525693
-6.06351
-3.3744948
-4.886296
-2.4009752
-3.6805515
-4.1268287
-5.5744486
-4.0092645
-1.6429392
-3.85697
-3.6519856
-3.6185486
-5.471419
-5.0759215
-3.8918455
-5.2429295
-3.5241015
-3.809372
-2.0770035
-3.4180636
-4.775923
-5.7752028
-6.657078
-3.6068776
-6.364901
-5.6969194
-4.2371154
-2.0038404
-4.991527
-2.7882633
-3.066223
-6.633834
-3.4180636
-4.849754
-4.5527864
-4.2371154
-3.7478285
-1.7112942
-4.67717
-6.7837324
-2.2404108
-1.7073612
-1.688435
-4.463519
-4.697758
-4.591691
-2.4993927
-3.630018
-6.933701
-2.9971006
-2.9226875
-3.9016442
-2.3193672
-3.9308531
-3.5606575
-3.0675979
-4.8383503
-2.6749382
-3.5516047
-6.364901
-6.154514
-4.6608877
-6.9557414
-6.9557414
-6.9557414
-5.1342964
-3.4831555
-4.212765
-6.2230573
-2.7931337
-2.2744253
-6.2776194
-2.8853958
-6.253027
-4.793556
-6.0345545
-2.861937
-4.084723
-2.6716084
-1.106678
-4.769674
-3.430358
-5.0954847
-4.7363014
-4.6208224
-4.769674
-1.8832291
-2.5642385
-5.9345765
-3.8198168
-6.364901
-3.4158604
-5.401295
-4.4397626
-4.425539
-4.1268287
-3.5606575
-4.793556
-4.4861236
-2.2744253
-2.627182
-3.9596064
-4.2371154
-7.966144
-6.357236
-3.9674942
-5.1312623
-6.488417
-4.7166843
-6.253027
-4.793556
-3.6300066
-3.312749
-2.804029
-6.9050264
-4.849754
-4.6865883
-3.4633548
-7.27504
-4.849754
-3.4240394
-3.9050734
-5.6521473
-5.9433455
-6.35534
-6.364901
-4.2371154
-4.9775486
-4.057742
-1.6870583
-6.008259
-4.033394
-2.7872696
-2.2404108
-3.595412
-6.3087564
-6.364901
-4.0704165
-4.897579
-4.300277
-5.844427
-4.463519
-4.5736713
-4.1318703
-6.3020134
-2.6940255
-3.3792133
-5.7049494
-2.6128054
-4.697758
-4.2371154
-4.793556
-2.804029
-4.1345224
-4.5527864
-1.9481281
-3.3433437
-6.008259
-2.804029
-4.4954863
-6.4193473
-3.8112416
-3.404837
-4.5527864
-5.0280943
-1.8660244
-1.6870583
-5.78487
-3.0675979
-5.471419
-2.6548457
-2.6548457
-3.8727603
-3.0481198
-1.6782659
-3.6658902
-4.697758
-5.913364
-3.8627722
-5.317919
-3.7191782
-4.849754
-4.074567
-4.4526043
-3.87215
-5.662979
-4.1596603
-4.6139784
-6.06351
-3.5167418
-4.697758
-3.6441298
-6.06351
-4.630259
-6.06351
-4.1518736
-3.3795683
-4.1481724
-4.769674
-3.7603886
-6.1997848
-2.762519
-8.590956
-5.2379956
-3.9073822
-2.5385532
-2.2421777
-3.6305757
-5.1207695
-4.769674
-3.4942415
-7.1630898
-2.4998631
-4.7166843
-3.9530253
-5.7049494
-3.1316571
-2.386279
-3.0027275
-3.7591515
-3.3428583
-5.6521473
-3.9888697
-3.9345505
-3.683401
-3.3792133
-2.4580343
-3.753338
-5.452006
-5.492709
-2.9047165
-6.364901
-4.508213
-5.3681517
-8.590956
-4.9013033
-7.581986
-4.300277
-5.082345
-3.7130225
-5.5374813
-7.0018663
-2.5357845
-2.7775989
-3.6236255
-4.1825943
-3.028114
-2.2328298
-4.2371154
-3.5726538
-6.364901
-4.5711365
-2.9170341
-4.697758
-3.6963646
-2.7882633
-4.8853674
-4.6789722
-2.3193672
-3.4056559
-2.8853958
-6.5381923
-3.031371
-3.66753
-4.981269
-4.5008907
-5.125415
-4.630259
-4.813823
-4.2656846
-2.5458462
-5.6521473
-3.0892396
-3.8359334
-4.840132
-2.2328298
-3.825401
-2.2999048
-5.9524236
-3.85697
-1.6429392
-4.3412056
-2.8288295
-4.3681817
-1.6429392
-4.7355533
-3.0675979
-4.57512
-3.1566875
-5.616303
-3.1977215
-6.1233635
-2.8853958
-4.823158
-3.2662327
-4.079751
-5.321762
-4.793556
-4.6169586
-6.9867706
-3.5926254
-3.4704022
-4.2547255
-3.4158604
-6.8533964
-4.719656
-3.753338
-3.81936
-4.3843956
-4.6840587
-3.3944378
-3.5772903
-6.633834
-4.697758
-6.253027
-4.1268287
-5.5093427
-1.7187088
-3.6267934
-4.697758
-2.5890067
-3.3795683
-4.7704744
-2.9930096
-4.8948503
-4.022546
-3.5602143
-5.471419
-4.080333
-4.0092645
-6.459581
-0.5614988
-5.9345765
-2.9984002
-3.753338
-3.0027275
-5.0498557
-5.0498557
-2.9186962
-5.7752028
-4.20064
-3.9308531
-3.6191773
-5.0498557
-2.9162545
-4.793556
-5.6248646
-5.0498557
-2.1921296
-4.074574
-3.6372173
-3.8198168
-3.9364312
-4.769674
-3.701691
-3.8945436
-4.9157834
-4.055254
-5.0498557
-6.633834
-3.6458466
-4.1625514
-4.581868
-2.711865
-3.1019447
-4.0779214
-3.8599303
-4.699499
-3.9999967
-6.1018586
-3.8945436
-6.633834
-3.207244
-1.533001
-6.633834
-5.48486
-4.463519
-4.630259
-5.056541
-4.1337934
-3.2662327
-6.7357845
-3.6397014
-3.0675979
-3.842272
-4.1337934
-6.0040536
-6.0040536
-4.3550463
-4.074567
-4.2371154
-1.6181449
-6.8533964
-4.849754
-3.0027275
-3.6236255
-4.511464
-4.0222
-4.300277
-5.2974267
-2.831662
-4.769674
-3.0263615
-2.2744253
-2.2005813
-4.697758
-3.1488492
-2.2744253
-0.8596053
-4.1343026
-5.7049494
-4.300277
-4.849754
-2.2744253
-4.697758
-6.253027
-1.6429392
-3.9718783
-4.697758
-5.7049494
-4.3915052
-2.2005813
-4.9234157
-5.2814903
-3.7436113
-3.3263972
-5.6579666
-4.682893
-5.9151015
-1.8284
-4.697758
-2.8390574
-6.253027
-2.6128054
-3.668687
-2.3969882
-4.1481533
-4.697758
-2.3193672
-3.9360037
-4.2371154
-4.2371154
-4.1670923
-4.0025353
-4.2371154
-2.831662
-5.7049494
-3.0811381
-4.1268287
-3.7111948
-4.398219
-3.9340005
-4.4526043
-2.9930096
-3.7475793
-4.769674
-2.2744253
-4.1268287
-4.0704165
-3.7894778
-3.9340005
-3.8927915
-5.7049494
-3.5350714
-4.697758
-3.066223
-2.8960679
-4.60924
-3.0675979
-3.1605783
-2.912882
-1.7826357
-5.7049494
-3.9428484
-2.2404108
-4.896175
-0.36410666
-4.107672
-6.3564982
-8.051134
-3.5426927
-4.849754
-5.744006
-3.2648294
-0.36410666
-5.9345765
-2.6749382
-2.9326909
-6.4547987
-3.1923926
-3.2648294
-3.5415645
-0.36410666
-1.6429392
-2.6940255
-4.024048
-3.8198168
-3.7364705
-6.7837324
-3.9428484
-2.9658184
-3.465604
-4.3412056
-6.364901
-6.364901
-4.093249
-3.4251842
-4.43178
-4.3516355
-4.3412056
-5.897098
-6.4011765
-2.0251522
-3.0223458
-2.6128054
-3.9073822
-4.300277
-5.4780874
-5.0263677
-3.3634841
-3.753338
-4.165907
-3.7591515
-0.36410666
-4.1318703
-5.9345765
-4.9064274
-2.7710009
-3.962926
-6.253027
-2.912882
-6.8153057
-3.8198168
-5.4448204
-6.253027
-2.2404108
-3.7475793
-5.7049494
-6.633834
-4.4750533
-5.5891113
-4.769674
-4.3585987
-4.433148
-2.4551024
-3.579595
-1.7187088
-3.753338
-4.511464
-4.712561
-6.633834
-4.438344
-3.291435
-4.2371154
-5.2807846
-5.195448
-5.8380547
-6.3601046
-5.883453
-4.490388
-4.925607
-5.7049494
-4.9064274
-3.7478285
-2.3193672
-4.849754
-5.8380547
-4.2371154
-1.5047227
-2.8630898
-4.3585987
-5.09061
-2.0076632
-1.6429392
-3.4661527
-1.8832291
-4.2371154
-3.7986965
-4.719656
-4.2056603
-8.156906
-5.6938014
-2.804029
NONE
NONE
NONE
NONE
