34
10
8
9
5
4
8
8
21
34
10
8
9
5
4
8
8
21
12
12
6
8
15
9
12
5
22
6
16
10
11
6
7
13
26
17
8
11
16
6
16
12
6
25
13
11
3
10
9
21
4
12
11
16
21
13
14
7
13
4
11
10
16
15
10
32
20
10
5
8
12
13
18
10
22
12
24
21
15
16
25
11
11
9
5
11
4
5
11
11
14
9
5
30
21
14
6
11
24
10
14
12
5
5
4
7
24
19
8
5
19
13
12
16
17
8
17
9
9
7
11
14
12
14
10
31
13
28
15
11
6
9
15
8
8
7
13
10
10
19
13
15
13
8
18
8
26
12
13
22
17
13
8
8
9
21
6
3
5
13
24
6
22
9
17
10
3
10
6
7
9
14
8
23
22
24
27
31
12
15
4
14
12
20
28
10
6
6
9
15
19
5
9
8
8
23
10
7
3
16
15
24
7
15
5
4
9
9
12
7
17
8
10
18
14
20
14
23
25
15
18
16
13
12
23
5
14
18
7
10
9
8
11
15
20
16
6
19
16
21
8
11
14
16
7
8
10
5
23
5
10
11
11
17
14
16
13
15
8
18
4
10
24
18
20
9
12
7
15
12
13
8
16
12
17
9
10
5
11
11
17
7
7
13
11
16
34
15
27
16
13
23
13
11
7
7
19
12
6
8
4
29
19
9
25
16
13
9
6
7
22
17
9
7
11
26
6
15
11
6
25
9
13
7
12
11
13
9
15
4
5
27
9
18
12
3
23
15
13
27
10
5
15
11
18
13
23
9
15
27
8
17
32
7
7
17
16
17
35
13
34
5
25
18
19
19
17
19
7
10
25
16
19
17
14
6
23
25
12
12
5
32
7
16
6
8
8
12
9
13
14
9
8
8
9
6
23
8
10
6
3
9
21
5
10
12
22
19
11
10
5
7
21
11
7
12
7
30
5
10
13
10
15
9
5
9
11
10
17
27
19
14
15
5
16
13
18
20
11
3
9
6
25
9
26
14
8
4
20
18
8
17
10
36
7
13
9
16
34
10
27
5
25
13
11
4
20
20
11
15
10
6
11
11
6
4
6
27
8
19
11
17
7
9
11
19
12
24
13
6
6
7
21
5
6
10
11
6
15
14
5
11
8
17
9
8
14
16
3
4
5
7
18
8
13
14
14
5
13
7
12
6
10
14
10
11
10
4
23
7
13
10
11
11
9
12
9
3
15
6
12
28
6
12
23
40
20
13
15
7
9
8
15
9
5
7
14
7
20
4
16
11
8
19
25
18
9
7
5
12
17
6
33
24
9
20
8
8
4
7
4
5
8
12
8
12
7
12
7
10
3
8
12
12
12
7
16
8
7
34
4
13
8
4
10
31
15
7
8
8
20
17
13
15
18
6
6
4
5
12
7
12
9
6
9
10
7
13
7
6
13
14
27
14
12
12
5
13
4
11
8
12
17
24
9
7
6
9
3
7
11
10
17
18
27
12
19
8
10
19
9
4
16
17
9
16
8
9
9
11
10
12
7
5
14
17
3
10
5
10
6
16
3
3
8
28
9
10
11
3
6
16
15
12
19
10
3
3
10
5
20
8
6
5
9
15
7
15
12
6
8
30
16
5
13
27
8
11
17
7
11
9
4
25
6
11
4
3
32
14
3
14
17
7
29
27
9
29
14
8
13
7
9
5
15
16
15
43
7
4
15
8
15
6
11
6
3
9
5
7
22
4
13
3
14
11
10
11
36
9
9
6
18
8
10
13
14
27
18
14
4
6
12
8
7
30
12
7
12
17
5
9
5
5
14
10
25
4
7
8
17
7
34
21
10
7
16
11
4
10
10
19
13
14
14
4
20
3
6
7
12
16
11
5
3
3
18
11
24
15
6
6
11
9
8
9
9
11
5
5
17
18
23
9
23
10
8
8
6
23
6
6
10
26
18
24
18
3
10
21
17
9
4
3
6
4
12
8
5
11
6
8
6
18
10
6
11
3
5
22
10
8
3
13
8
8
12
16
6
7
6
3
11
11
9
14
9
14
17
6
12
20
16
5
14
20
6
16
11
10
8
18
7
3
14
7
12
11
4
10
7
9
6
12
13
5
14
10
12
5
10
5
13
8
12
9
20
15
12
23
8
18
35
17
5
9
12
8
14
9
13
6
3
5
24
8
15
25
6
9
9
9
14
12
30
18
6
10
13
9
9
6
7
13
15
9
6
10
11
12
7
10
18
21
8
7
10
24
9
13
4
6
6
12
7
28
11
5
5
8
9
14
16
5
14
31
13
28
13
9
9
9
12
15
6
19
12
3
4
10
7
5
22
10
9
6
16
28
11
23
9
8
6
10
7
11
8
13
12
9
32
12
12
17
26
7
17
9
4
8
12
7
12
15
13
15
11
20
8
9
13
13
9
7
14
9
11
15
24
12
16
8
10
13
28
32
9
14
5
12
6
12
4
10
14
14
16
36
12
26
16
4
26
4
3
11
5
8
10
7
24
5
5
18
15
25
10
10
6
6
12
10
9
8
12
9
12
5
12
10
17
13
8
18
18
15
3
10
9
10
5
16
8
4
13
9
23
10
13
9
10
4
6
3
5
21
7
4
18
4
15
3
8
6
12
25
8
7
17
11
11
18
14
15
10
11
15
11
19
8
8
9
5
9
15
12
11
17
7
3
10
10
6
14
15
19
7
8
6
10
24
12
5
21
23
2
21
11
5
15
27
5
3
6
15
11
6
7
16
15
8
7
7
16
4
12
10
3
7
8
11
9
10
3
10
8
9
4
11
18
18
4
6
10
10
10
7
12
6
10
12
13
6
11
15
25
23
7
16
32
5
13
10
8
12
7
6
14
8
4
8
19
22
17
7
18
6
4
6
21
12
5
21
32
16
10
8
10
17
14
9
9
8
9
20
14
5
9
7
12
8
4
5
4
5
10
24
5
7
16
10
5
6
4
11
10
19
9
27
6
8
13
12
9
27
7
14
15
9
4
3
6
13
7
13
6
14
6
9
6
16
7
10
10
7
8
5
7
3
5
7
4
31
11
4
5
7
6
8
12
12
4
4
5
10
18
17
7
14
24
15
11
16
11
8
9
13
21
6
16
11
20
12
15
8
7
3
16
3
15
7
4
2
8
26
7
18
12
7
7
15
5
5
14
18
9
12
10
8
9
11
12
5
4
15
12
7
15
14
4
12
12
10
8
13
14
18
9
5
6
28
