-6.4697857
-3.3076859
-1.658982
-1.2628695
-6.1155834
-6.4697857
-6.029768
-2.9495683
-6.0025077
-6.4697857
-3.3076859
-1.658982
-1.2628695
-6.1155834
-6.4697857
-6.029768
-2.9495683
-6.0025077
-5.3734765
-3.6412761
-6.147399
-6.1578684
-6.5526805
-4.415631
-3.3842068
-6.1578684
-3.3076859
-5.5654106
-4.5168223
-6.1155834
-4.1920004
-6.1990705
-6.1155834
-2.978974
-5.6488976
-5.6785083
-3.0084693
-4.5835314
-4.1920004
-5.4364395
-6.5526805
-3.8678622
-5.6427546
-6.1578684
-3.3842068
-3.8537462
-3.8370905
-4.129241
-3.3621848
-6.1155834
-4.536529
-5.5654106
-6.1990705
-5.951422
-2.9869597
-3.8305502
-6.1155834
-4.3964195
-4.76989
-3.0264444
-5.5654106
-5.3081903
-5.167922
-3.5340314
-5.4948006
-3.1103249
-5.1954193
-5.1646695
-4.1235642
-1.658982
-5.803809
-4.575701
-5.803809
-4.7921157
-2.9869597
-5.4948006
-5.446909
-5.958043
-6.1155834
-1.658982
-5.718334
-6.1155834
-1.4971118
-5.597377
-6.1578684
-6.1990705
-6.4697857
-3.3496456
-5.8235197
-6.1155834
-6.1155834
-6.1155834
-5.5932455
-1.658982
-6.1155834
-5.955969
-6.1578684
-4.6307087
-5.4256372
-5.7590528
-3.071512
-1.874078
-2.8042257
-3.1103249
-5.777278
-3.8068547
-4.361018
-4.5462027
-4.1920004
-5.7178507
-4.9752655
-5.9818206
-3.3842068
-3.7972617
-5.944071
-5.369177
-3.8214006
-4.9258785
-5.477618
-3.8881364
-5.4090266
-4.5462027
-3.9746945
-6.1990705
-4.6307087
-4.8493905
-5.7886634
-2.4649832
-3.677875
-6.42544
-6.1578684
-4.5470214
-3.498713
-3.470489
-5.0794287
-6.228681
-2.7602558
-5.951422
-5.9348183
-5.958043
-5.507954
-1.8131679
-2.567122
-5.9348183
-6.228681
-5.4345584
-5.388315
-4.0208216
-3.6871197
-1.658982
-5.981033
-4.1920004
-6.1155834
-3.401777
-6.1155834
-6.1155834
-5.2029443
-5.9348183
-5.5654106
-5.223859
-6.177722
-5.867935
-1.4971118
-3.775039
-1.8367858
-6.228681
-5.0220165
-5.4948006
-4.4445047
-1.658982
-6.228681
-6.1155834
-1.2628695
-6.5526805
-5.223859
-1.8131679
-4.599351
-1.658982
-5.517721
-4.8303914
-5.3285184
-4.995695
-3.4189012
-6.1155834
-6.1155834
-6.7175035
-5.1383114
-6.1578684
-5.2813287
-5.1194572
-4.5462027
-3.5340314
-6.1578684
-5.758826
-6.0795383
-6.42544
-4.9258785
-1.2628695
-5.7083206
-5.777278
-5.239043
-1.658982
-3.5023882
-3.3649502
-3.4632647
-4.536529
-3.6788476
-3.686731
-6.1578684
-5.9348183
-1.8131679
-5.6963525
-5.5748878
-2.8582244
-3.6259418
-6.1155834
-0.8532937
-6.1155834
-5.446909
-3.934435
-3.3089855
-6.1155834
-3.3089855
-5.477618
-5.4256372
-5.958043
-3.4189012
-5.1194572
-5.404624
-4.8450255
-5.0582786
-3.0876331
-4.376959
-5.2029443
-3.317915
-2.7414942
-2.8288326
-3.3496456
-6.228681
-6.146909
-4.4710946
-1.2628695
-4.557679
-4.2690663
-3.86996
-5.3370275
-3.668542
-6.1155834
-4.745816
-5.9348183
-6.1990705
-4.1920004
-1.658982
-6.1990705
-5.9818206
-4.5841694
-5.404624
-6.1578684
-1.2628695
-3.3992555
-5.5611053
-6.1155834
-6.0025077
-5.7690144
-4.129241
-5.2029443
-3.924285
-6.39514
-5.955969
-5.958043
-6.228681
-4.1182137
-3.9310424
-1.658982
-6.1155834
-5.3421507
-3.0876331
-4.938692
-1.8367858
-1.8367858
-3.1329658
-6.1155834
-6.1155834
-4.892669
-3.8367288
-6.1155834
-5.4736595
-5.867935
-5.6488976
-5.4948006
-6.1155834
-3.4894767
-3.5023882
-6.1990705
-5.9348183
-6.4697857
-3.317915
-6.1155834
-5.777278
-5.2029443
-3.3166378
-5.2188416
-3.677875
-6.1155834
-4.5545177
-2.1768596
-5.3421507
-3.0264444
-5.8997507
-6.1578684
-6.4697857
-6.4697857
-4.525676
-5.9348183
-6.1990705
-5.951422
-6.3122454
-4.828044
-6.1990705
-2.10114
-5.4090266
-1.658982
-3.0876331
-5.2029443
-6.4697857
-4.403303
-6.1155834
-5.258322
-6.1990705
-2.10114
-5.1194572
-4.1920004
-5.9818206
-2.7602558
-5.9348183
-3.3621848
-1.4383837
-1.658982
-4.627765
-5.4256372
-5.6755657
-5.4090266
-1.7969531
-1.658982
-4.6307087
-5.5654106
-3.1611881
-1.2628695
-4.8178115
-5.8235197
-3.3621848
-4.745816
-3.86996
-4.5462027
-3.3621848
-5.718334
-3.0876331
-6.1155834
-3.6570387
-5.9348183
-3.1795766
-5.4090266
-4.702578
-4.619262
-5.2029443
-2.7874987
-6.5526805
-4.940975
-5.9070067
-6.4697857
-4.6328387
-3.6154244
-5.9070067
-5.951422
-3.0084693
-5.5611053
-3.0264444
-5.951422
-2.93893
-3.2697186
-4.938692
-3.8311622
-6.1990705
-2.90321
-3.775039
-3.0876331
-3.0876331
-5.1194572
-6.1578684
-3.344674
-2.3628836
-1.658982
-5.3846455
-6.1155834
-4.0260386
-4.5462027
-5.3710313
-2.6317625
-1.7895416
-4.7451134
-5.9348183
-5.768536
-4.826582
-3.6857176
-1.874078
-6.1578684
-6.1578684
-3.8678622
-5.9818206
-1.137661
-3.3916497
-5.9898586
-3.6788476
-1.658982
-5.777278
-3.7958946
-6.1990705
-5.9348183
-5.9348183
-2.7874987
-5.718334
-5.9348183
-6.1578684
-5.867935
-4.610543
-1.6523312
-1.658982
-5.187105
-6.04153
-3.037059
-2.7602558
-6.1155834
-4.6055923
-6.071141
-5.3846455
-5.9348183
-5.076877
-4.0943117
-5.886589
-5.777278
-5.9348183
-3.858526
-5.958043
-6.1990705
-3.5518384
-1.658982
-4.8716683
-5.955969
-3.3842068
-3.7321
-1.7639184
-3.637752
-6.177722
-5.919613
-3.8027732
-4.1920004
-5.9348183
-6.1990705
-4.1920004
-5.4764724
-6.1578684
-4.536529
-6.1155834
-2.992147
-5.748208
-5.6963525
-5.477618
-6.39514
-4.759579
-3.0084693
-5.6488976
-5.9348183
-0.835064
-3.3041523
-4.0452027
-6.1155834
-5.4881105
-6.146909
-3.6788476
-4.1920004
-5.5611053
-6.1155834
-3.465996
-6.1155834
-6.1578684
-6.4697857
-4.759579
-6.1990705
-3.5579443
-6.228681
-5.4736595
-4.6754193
-2.342572
-5.9348183
-5.9348183
-6.228681
-6.1990705
-6.228681
-3.858526
-6.1155834
-5.8091946
-6.228681
-6.071141
-3.5822
-3.9097624
-3.8559983
-5.449449
-5.161742
-5.9348183
-5.9348183
-3.3621848
-6.228681
-1.5929828
-5.9348183
-5.4364395
-6.1155834
-6.1990705
-6.1990705
-6.4697857
-6.1155834
-3.6275802
-3.8068547
-6.1155834
-3.1043303
-6.1578684
-6.1990705
-2.9384449
-3.775039
-6.4697857
-4.7451134
-5.748208
-5.106779
-6.1990705
-6.1155834
-3.401777
-3.6788476
-4.6754193
-4.7026343
-6.228681
-6.228681
-4.841794
-6.0358357
-6.1155834
-1.3195608
-1.8604308
-4.55589
-1.7969531
-6.7175035
-3.6155353
-3.7321
-5.8091946
-5.741513
-2.6500092
-5.9348183
-6.1990705
-5.8091946
-6.5526805
-6.147399
-2.5683515
-6.5526805
-5.6755657
-6.1155834
-3.6616652
-5.5592813
-4.8258305
-2.90321
-6.4697857
-5.9348183
-5.958043
-3.401777
-4.2400384
-4.606926
-6.4697857
-2.342572
-5.0582786
-6.146909
-4.641493
-3.498713
-3.5023882
-5.4948006
-5.768536
-6.1155834
-5.296853
-3.9911828
-5.2376013
-3.7003727
-5.3421507
-5.768536
-4.107313
-4.6307087
-5.9348183
-5.741513
-2.1958067
-3.4189012
-4.107313
-4.71522
-5.828537
-5.549621
-6.1155834
-1.658982
-5.9818206
-5.874576
-5.047204
-5.958043
-1.6762035
-6.146909
-3.8678622
-5.748208
-1.6022109
-6.228681
-2.7428474
-4.1920004
-4.1235642
-3.4189012
-3.4189012
-6.1155834
-3.775039
-4.938692
-6.1155834
-2.10114
-6.147399
-6.1155834
-5.958043
-3.3621848
-4.826582
-6.1990705
-5.3421507
-5.955969
-5.6516542
-6.1155834
-1.6022109
-4.50291
-5.886589
-4.223816
-3.5305285
-5.981033
-4.548044
-1.8081182
-4.7275476
-5.981033
-5.68717
-4.759579
-3.5842779
-6.1578684
-0.835064
-6.4697857
-5.0794287
-5.3421507
-2.4226494
-6.1990705
-6.5526805
-5.741513
-4.809182
-2.5328014
-6.1990705
-5.455248
-1.7639184
-5.9348183
-3.498713
-4.236662
-2.5683515
-2.6120026
-5.301495
-6.5526805
-5.955969
-4.433609
-3.775039
-4.855775
-6.1155834
-2.9200006
-6.146909
-6.029768
-5.044732
-5.867935
-2.6500092
-3.904954
-5.1989093
-1.6022109
-6.4697857
-4.6307087
-5.874576
-5.3421507
-5.777278
-5.777278
-1.6022109
-4.9041195
-6.228681
-4.8929443
-3.7081425
-6.4697857
-1.658982
-5.4465714
-5.9818206
-5.9818206
-4.4741154
-3.189907
-2.4226494
-2.4226494
-4.826582
-6.1155834
-4.5835314
-4.995695
-2.4226494
-5.2376013
-5.9348183
-3.545892
-5.9818206
-3.5300388
-3.858526
-3.0409582
-2.1189625
-5.7886634
-6.228681
-2.1080432
-6.147399
-3.4189012
-3.594274
-3.4189012
-4.6809225
-5.1305466
-4.3733454
-6.1155834
-4.120096
-5.828537
-3.8856115
-5.2875443
-5.9348183
-5.4948006
-3.176984
-3.8559983
-6.1990705
-3.651573
-6.071141
-6.1155834
-4.5462027
-1.5833067
-5.1383114
-5.6755657
-3.3087442
-6.1990705
-3.3041523
-6.029768
-2.6317625
-3.775039
-3.9911828
-6.147399
-4.232131
-4.653243
-3.6412761
-2.342572
-5.597377
-5.2450094
-6.4697857
-2.1080432
-3.7958946
-6.1155834
-5.404624
-3.3087442
-2.4226494
-6.1990705
-6.1155834
-2.4226494
-3.2157214
-1.9999878
-5.867935
-3.5822
-3.107127
-6.228681
-3.0714371
-4.042301
-5.9348183
-6.1155834
-4.308516
-6.146909
-1.2628695
-0.835064
-4.6809225
-5.7690144
-4.443904
-4.9258785
-6.1155834
-3.9361925
-4.6307087
-5.855335
-4.6307087
-5.0820637
-2.90321
-2.4226494
-2.5956144
-5.6963525
-5.955969
-5.1954193
-3.3087442
-6.1155834
-3.5822
-5.6755657
-5.981033
-3.3649502
-5.9348183
-3.9760964
-6.1155834
-4.9041195
-6.1155834
-6.1990705
-6.1155834
-6.228681
-4.6374125
-3.4189012
-5.9348183
-0.6502937
-0.6502937
-5.5654106
-3.4189012
-4.598897
-2.938222
-6.4697857
-3.93581
-4.366116
-5.3364162
-6.1578684
-2.563126
-3.8068547
-5.0582786
-3.3621848
-4.995695
-3.1415832
-1.6762035
-5.9348183
-6.7175035
-4.1679697
-1.2628695
-2.8922038
-3.7731032
-6.1155834
-6.1578684
-2.2969947
-2.147732
-2.9730856
-5.9348183
-6.228681
-5.741513
-4.618906
-5.777278
-4.5462027
-6.228681
-2.3240983
-4.759579
-3.472976
-2.7672606
-3.668542
-6.1990705
-6.1990705
-4.6423917
-2.563126
-4.199723
-3.25622
-5.3225307
-2.4226494
-6.1155834
-5.6755657
-3.4189012
-6.177722
-5.9348183
-1.9655392
-1.2628695
-6.1990705
-3.7837815
-6.228681
-4.6307087
-6.228681
-2.4226494
-4.5670977
-2.9425952
-2.4818418
-1.2628695
-6.4697857
-4.609207
-3.942799
-1.874078
-5.9070067
-2.6211314
-3.2232635
-5.9348183
-6.4697857
-2.7490776
-5.9818206
-5.061656
-3.5190258
-3.6412761
-6.1990705
-5.9818206
-6.1990705
-3.2851384
-4.6307087
-6.1155834
-6.1155834
-6.1990705
-3.5460448
-3.7053869
-2.956231
-6.228681
-6.228681
-6.1990705
-6.4697857
-2.342572
-4.6874495
-6.1990705
-5.828537
-6.7175035
-4.684569
-2.342572
-3.798633
-3.4189012
-5.9348183
-1.8681747
-3.6485424
-3.7958946
-3.798633
-5.9348183
-4.058361
-3.0689228
-6.228681
-3.3621848
-6.1155834
-0.6502937
-5.5611053
-3.775039
-4.1920004
-3.6412761
-6.1578684
-4.8716683
-5.9348183
-5.9818206
-2.147732
-4.770357
-3.5023882
-6.147399
-5.9818206
-5.167922
-5.7178507
-2.4818418
-5.517721
-5.405796
-3.0876331
-3.498713
-6.147399
-3.5460448
-3.0084693
-3.5023882
-2.921978
-5.91022
-1.2628695
-5.9348183
-4.707037
-4.9258785
-6.4697857
-6.1990705
-6.1990705
-5.541803
-6.4697857
-6.147399
-6.1155834
-6.1155834
-3.5460448
-4.1920004
-6.1990705
-5.0582786
-2.4187133
-4.6307087
-3.0747466
-5.9348183
-1.874078
-6.1990705
-2.440902
-5.2703695
-6.228681
-5.955969
-6.1155834
-5.4401417
-3.540998
-6.4697857
-3.2702305
-3.2903862
-5.2708607
-4.5870857
-1.2628695
-4.759579
-3.93581
-1.2628695
-3.5023882
-1.2953556
-6.1990705
-4.8447075
-1.9999878
-3.7291865
-4.6307087
-1.2953556
-6.4697857
-5.8235197
-6.1155834
-5.919613
-4.8447075
-6.029768
-1.5106986
-5.741513
-2.9006944
-5.1954193
-2.851287
-5.3527784
-5.3527784
-4.5841694
-2.9281485
-5.0794287
-4.684569
-4.75853
-4.9134736
-5.867935
-5.239043
-6.1990705
-5.3421507
-3.3516862
-3.085722
-3.7053869
-4.058361
-6.1990705
-3.6485424
-6.1155834
-6.000328
-5.198065
-3.4189012
-6.1155834
-4.3733454
-6.1155834
-5.4561443
-5.5932455
-4.7453866
-2.6500092
-6.1578684
-5.8235197
-3.5023882
-6.1990705
-4.058361
-5.5654106
-5.989369
-4.363946
-3.5579443
-4.5841694
-4.6518397
-5.955969
-5.899261
-3.242675
-3.6412761
-5.3421507
-4.223816
-6.228681
-3.3621848
-3.3621848
-2.7602558
-3.7053869
-6.147399
-4.4046717
-4.9100685
-4.4487476
-4.5870857
-3.934435
-5.248624
-6.4697857
-6.147399
-6.1155834
-3.2851384
-5.7590528
-5.7178507
-5.9348183
-3.076369
-5.0928497
-3.1246424
-5.515951
-1.3195608
-3.3516862
-6.1990705
-5.9348183
-5.7590528
-2.10114
-3.3916497
-2.501913
-3.003095
-3.963006
-6.146909
-3.2851384
-4.371353
-6.1578684
-5.198065
-6.146909
-2.027422
-5.867935
-3.2851384
-5.9818206
-5.6755657
-2.342572
-5.8235197
-6.1155834
-3.0780625
-4.814808
-3.7550967
-3.6919975
-4.7275476
-4.058361
-4.366809
-5.803809
-6.147399
-3.5023882
-1.2953556
-6.1990705
-3.677875
-5.9348183
-5.803809
-4.2014036
-2.0715063
-4.759579
-2.7602558
-2.2958972
-4.520817
-3.2162468
-6.4697857
-5.1954193
-6.1155834
-2.027422
-6.228681
-3.6788476
-6.1578684
-2.342572
-4.1418486
-6.1155834
-6.1155834
-6.1990705
-3.5023882
-6.1155834
-5.718334
-4.593103
-4.685093
-4.9487853
-6.1578684
-6.1990705
-5.9348183
-5.9348183
-2.270829
-4.998576
-3.70829
-2.5899796
-5.9348183
-5.741513
-6.4697857
-3.0084693
-1.2628695
-3.5023882
-2.7209647
-4.5841694
-5.198065
-2.3905606
-6.1155834
-6.1990705
-5.958043
-6.5526805
-5.9070067
-3.5460448
-6.1990705
-1.5624402
-2.3030984
-3.3821352
-6.147399
-6.147399
-6.228681
-6.3122454
-3.3621848
-5.9818206
-5.9818206
-6.146909
-5.4090266
-5.9818206
-5.955969
-6.4697857
-5.9818206
-6.228681
-3.6919975
-6.1155834
-5.9818206
-2.943864
-6.1155834
-5.7590528
-1.658982
-6.4697857
-6.1990705
-6.1990705
-3.155948
-2.6620615
-6.4697857
-5.9818206
-6.1155834
-6.1155834
-6.1578684
-6.4697857
-5.9348183
-3.9444525
-6.1155834
-6.1155834
-2.5328014
-6.1990705
-6.228681
-2.810224
-6.1155834
-6.000328
-2.7428474
-5.9348183
-6.1990705
-5.9348183
-5.3421507
-3.858526
-5.9348183
-6.1990705
-5.9818206
-5.3846455
-5.0358047
-5.777278
-5.9348183
-6.1578684
-6.1578684
-2.0762703
-3.3516862
-1.658982
-2.90321
-5.2875443
-3.3076859
-3.3621848
-3.3621848
-5.867935
-4.2810674
-6.1155834
-5.199037
-3.5023882
-3.498713
-3.3842068
-4.770357
-6.1578684
-5.8235197
-3.0084693
-5.9818206
-3.8673034
-6.04153
-4.1920004
-6.1155834
-3.0377886
-5.9818206
-5.9348183
-3.0084693
-4.759579
-5.595477
-6.1155834
-1.658982
-3.775039
-6.1578684
-3.9663517
-5.3271694
-5.9818206
-6.4697857
-5.352141
-6.1990705
-5.6963525
-2.0715063
-6.1578684
-2.9869597
-4.9680796
-4.536529
-6.1155834
-1.946285
-5.3225307
-6.1155834
-6.1578684
-3.7762463
-1.658982
-1.658982
-6.1578684
-5.6785083
-1.658982
-3.5023882
-1.658982
-5.232555
-1.6436781
-5.951422
-6.1990705
-5.9348183
-4.488104
-5.388315
-3.7249644
-5.9348183
-6.4697857
-4.1920004
-5.955969
-5.446909
-5.9348183
-2.7215106
-1.2953556
-2.2292602
-6.1155834
-5.0358047
-4.6307087
-5.958043
-4.9544115
-5.951422
-2.6916924
-3.7249644
-4.1920004
-5.1194572
-1.874078
-5.4364395
-5.2392664
-5.867935
-5.803809
-6.1155834
-5.404624
-3.3076859
-5.758826
-6.147399
-5.7886634
-6.1155834
-6.4697857
-5.9348183
-5.9070067
-2.7602558
-6.147399
-6.147399
-5.7886634
-4.536529
-4.516024
-6.1990705
-1.658982
-6.147399
-6.1578684
-3.0264444
-5.1383114
-2.4580748
-4.9856944
-6.4697857
-5.9348183
-5.9348183
-5.9348183
-5.9348183
-3.401777
-4.9856944
-5.5611053
-5.9348183
-3.2603414
-3.3621848
-4.536529
-5.5654106
-3.668542
-5.5611053
-5.955969
-6.228681
-5.5094337
-5.4736595
-2.7602558
-5.748208
-5.541803
-4.2070513
-5.1194572
-5.7178507
-5.030553
-3.0084693
-4.7939205
-5.4561443
-1.658982
-5.1989093
-3.0084693
-1.874078
-3.7249644
-1.2628695
-5.7083206
-5.777278
-4.612054
-3.8529148
-6.1155834
-5.803809
-6.1990705
-6.177722
-4.356428
-5.9348183
-1.8131679
-6.1155834
-6.1155834
-6.1990705
-6.5526805
-4.883889
-2.4187133
-5.1194572
-2.8582244
-6.1155834
-5.803809
-4.610543
-5.404624
-1.658982
-5.02579
-4.1920004
-5.9818206
-3.0377886
-3.6398978
-1.658982
-6.1990705
-5.0794287
-6.1155834
-6.1990705
-6.228681
-4.759579
-2.342572
-5.383777
-1.658982
-5.6755657
-6.1155834
-5.718334
-6.1990705
-6.1990705
-1.658982
NONE
NONE
NONE
NONE
