-5.630717
-5.630717
-4.787219
-2.0009315
-5.630717
-1.7983218
-2.1462324
-4.1126027
-5.3656597
-5.630717
-5.630717
-4.787219
-2.0009315
-5.630717
-1.7983218
-2.1462324
-4.1126027
-5.3656597
-2.9538004
-3.7482193
-5.630717
-5.630717
-2.7304764
-5.630717
-5.630717
-2.343508
-2.1462324
-5.3656597
-2.9547913
-5.630717
-5.630717
-5.3656597
-1.6189569
-1.7983218
-4.787219
-2.1462324
-2.9488792
-4.62111
-2.1462324
-2.9538004
-2.7304764
-4.787219
-4.9487543
-2.0287743
-2.0009315
-5.3656597
-5.630717
-1.6189569
-2.960785
-5.630717
-4.20795
-5.3656597
-1.6189569
-2.1462324
-2.0009315
-2.7304764
-5.630717
-4.787219
-3.8522584
-5.2088337
-1.7983218
-3.7482193
-2.0009315
-5.3656597
-5.630717
-1.6189569
-5.3656597
-5.3656597
-5.630717
-2.1462324
-5.3656597
-2.9488792
-2.0009315
-5.630717
-2.0009315
-3.9682677
-4.6707335
-5.630717
-4.4676676
-4.4676676
-5.2088337
-5.630717
-4.173788
-5.0596094
-2.1462324
-5.3656597
-2.7147827
-5.630717
-5.50172
-4.787219
-1.7983218
-2.1462324
-1.6189569
-4.787219
-2.0287743
-2.646433
-2.3499491
-5.3656597
-5.2088337
-4.62111
-2.5225239
-5.50172
-3.9682677
-5.630717
-1.7983218
-1.6189569
-5.630717
-2.1462324
-4.4676676
-4.4676676
-2.996527
-4.8605194
-2.0009315
-5.630717
-5.50172
-5.630717
-2.343508
-5.630717
-5.630717
-3.0190659
-4.058983
-2.1462324
-4.787219
-4.787219
-5.3656597
-2.7304764
-2.1462324
-4.4676676
-2.0009315
-5.630717
-3.0782664
-4.173788
-2.7147827
-5.630717
-2.0287743
-4.4676676
-4.4676676
-5.630717
-5.50172
-5.630717
-5.630717
-2.343508
-2.0287743
-5.630717
-4.8605194
-5.50172
-5.630717
-4.4676676
-5.630717
-2.1462324
-2.1462324
-4.4676676
-5.630717
-5.50172
-2.0009315
-2.996527
-5.630717
-2.9730263
-2.9730263
-5.630717
-5.3656597
-5.630717
-2.1462324
-3.0031297
-2.0287743
-5.50172
-5.0596094
-3.9682677
-4.787219
-2.1462324
-1.6189569
-5.50172
-5.630717
-2.7304764
-2.9233305
-2.343508
-5.50172
-4.787219
-4.4676676
-4.4676676
-4.9487543
-2.0009315
-3.0782664
-1.6189569
-1.6189569
-5.630717
-5.630717
-5.3656597
-3.9682677
-0.69700265
-4.4676676
-5.2088337
-5.50172
-4.4676676
-5.2088337
-1.6189569
-5.50172
-2.0009315
-5.50172
-2.0009315
-4.8605194
-4.787219
-2.7304764
-4.8605194
-5.2088337
-4.20795
-4.8605194
-1.7983218
-4.4676676
-4.4676676
-5.0596094
-4.4676676
-2.7274618
-4.173788
-1.6189569
-4.011261
-4.8605194
-5.3656597
-4.20795
-5.630717
-5.630717
-4.9487543
-5.630717
-4.787219
-1.6189569
-4.787219
-1.6189569
-4.9487543
-5.630717
-5.0596094
-4.62111
-4.4676676
-2.7274618
-2.0009315
-4.787219
-1.6189569
-5.50172
-5.50172
-5.630717
-2.7304764
-4.011261
-1.6189569
-4.20795
-4.173788
-5.630717
-2.0009315
-4.787219
-2.0287743
-5.3656597
-4.4676676
-4.4676676
-5.2088337
-2.1462324
-2.0009315
-4.20795
-5.50172
-2.0009315
-1.6189569
-5.50172
-4.787219
-4.787219
-2.0287743
-1.7983218
-5.50172
-3.7482193
-4.4676676
-5.630717
-5.630717
-2.0287743
-5.50172
-5.630717
-5.630717
-5.630717
-2.1462324
-5.630717
-1.6189569
-2.0287743
-4.4676676
-5.630717
-5.630717
-1.6189569
-4.4676676
-5.2088337
-5.630717
-5.50172
-4.2260942
-5.3656597
-4.787219
-4.9487543
-4.20795
-4.5773764
-5.50172
-5.50172
-5.50172
-5.630717
-5.630717
-4.4676676
-5.630717
-5.630717
-0.69700265
-4.787219
-5.630717
-2.996527
-2.0009315
-5.0596094
-2.5700052
-4.9487543
-5.630717
-5.630717
-5.630717
-4.011261
-2.9668624
-1.6189569
-2.0009315
-5.630717
-5.630717
-5.630717
-3.7482193
-5.630717
-3.0441597
-2.1462324
-4.787219
-2.0287743
-4.4676676
-1.6189569
-5.50172
-4.4676676
-5.50172
-1.7983218
-3.6292984
-5.630717
-2.1462324
-4.20795
-5.630717
-4.098564
-3.0441597
-5.630717
-4.4676676
-1.6189569
-2.799698
-2.9668624
-5.630717
-5.3656597
-5.50172
-5.3656597
-1.6189569
-2.9668624
-2.0009315
-5.630717
-5.630717
-2.5225239
-2.7147827
-1.7983218
-5.630717
-2.5225239
-4.011261
-1.6189569
-4.787219
-2.0009315
-4.787219
-4.9487543
-5.630717
-2.0009315
-1.6189569
-2.0009315
-4.4676676
-5.50172
-5.630717
-5.630717
-3.7482193
-5.3656597
-2.646433
-5.50172
-5.50172
-5.3656597
-5.630717
-2.0009315
-5.630717
-2.0009315
-5.2088337
-5.3656597
-4.173788
-1.7983218
-4.787219
-5.630717
-4.787219
-4.787219
-4.787219
-2.1462324
-2.6656568
-1.7983218
-5.630717
-4.9487543
-1.7983218
-2.6435702
-5.630717
-5.630717
-5.630717
-2.9699335
-2.9538004
-4.8605194
-2.7274618
-2.1462324
-5.50172
-2.0009315
-1.6189569
-5.630717
-5.3656597
-4.62111
-5.50172
-2.343508
-4.4676676
-4.8605194
-5.50172
-2.0009315
-5.2088337
-1.7983218
-5.630717
-2.7274618
-2.0009315
-1.6189569
-2.9538004
-5.50172
-5.50172
-5.3656597
-2.0287743
-5.630717
-4.4676676
-4.787219
-3.7482193
-4.4676676
-3.0782664
-4.7245216
-5.630717
-4.20795
-2.0009315
-4.407955
-2.0009315
-5.2088337
-5.50172
-2.9488792
-4.4676676
-2.0009315
-3.9682677
-5.630717
-4.787219
-2.996527
-5.50172
-4.4676676
-5.630717
-5.2088337
-5.630717
-5.50172
-5.630717
-5.3656597
-2.1462324
-5.50172
-5.630717
-2.1462324
-2.996527
-4.62111
-4.20795
-2.0287743
-4.173788
-2.996527
-4.787219
-5.630717
-1.6189569
-4.20795
-5.3656597
-2.0009315
-2.0009315
-4.1905336
-2.0009315
-2.996527
-2.0009315
-2.0009315
-5.50172
-4.4676676
-2.0009315
-5.630717
-2.0009315
-5.3656597
-1.7983218
-2.0287743
-2.7147827
-4.20795
-5.0596094
-5.0596094
-5.2088337
-1.6189569
-1.6189569
-5.630717
-1.7983218
-4.8605194
-2.0009315
-5.50172
-2.799698
-5.2088337
-1.6189569
-5.3656597
-5.2088337
-3.5254197
-1.6189569
-4.011261
-5.2088337
-2.7147827
-2.9668624
-5.3656597
-1.7983218
-2.9538004
-5.630717
-5.630717
-5.630717
-1.7983218
-2.0287743
-4.4676676
-5.630717
-4.8605194
-1.6189569
-5.50172
-2.0287743
-2.0287743
-1.6189569
-4.4676676
-2.0009315
-5.2088337
-5.630717
-2.0009315
-2.94112
-4.4676676
-1.6189569
-2.0287743
-5.630717
-3.9682677
-4.8605194
-5.630717
-4.1099396
-5.630717
-1.6189569
-5.2088337
-3.224781
-5.630717
-1.6189569
-1.6189569
-4.7245216
-1.6189569
-4.4676676
-1.6189569
-3.8522584
-5.3656597
-4.173788
-2.0009315
-5.3656597
-4.1099396
-5.3656597
-4.436497
-5.630717
-2.0009315
-5.3656597
-2.0287743
-5.630717
-3.9091623
-2.0009315
-2.926831
-2.9709618
-2.0009315
-3.9682677
-1.7983218
-5.50172
-2.8234763
-2.0287743
-2.0287743
-2.926831
-2.94112
-4.20795
-4.1905336
-5.630717
-2.8962061
-1.6189569
-5.630717
-4.5773764
-5.3656597
-5.0596094
-4.669745
-4.2260942
-5.630717
-2.7274618
-4.8605194
-5.3656597
-2.0009315
-3.0190659
-5.3656597
-5.3656597
-4.1905336
-5.2088337
-4.8605194
-5.630717
-4.8605194
-2.0009315
-2.1462324
-4.9487543
-5.50172
-5.3656597
-2.5700052
-1.6189569
-2.0009315
-5.630717
-4.5773764
-4.011261
-2.0287743
-4.4676676
-5.630717
-5.630717
-3.141036
-3.2031608
-5.3656597
-2.0009315
-1.5535603
-4.4676676
-5.630717
-3.7482193
-4.669745
-4.787219
-5.50172
-5.630717
-3.7482193
-1.7531074
-5.630717
-3.7482193
-4.5773764
-3.0190659
-4.20795
-5.630717
-3.1927414
-5.630717
-5.50172
-4.5773764
-3.9682677
-4.2450304
-4.20795
-4.20795
-4.5012493
-1.6189569
-1.7531074
-5.630717
-5.3656597
-3.7482193
-2.7688878
-4.4676676
-1.7531074
-3.0190659
-4.8605194
-4.4676676
-2.0009315
-5.2088337
-5.3656597
-5.50172
-5.3656597
-5.630717
-2.0009315
-5.0596094
-2.0009315
-2.0287743
-5.2088337
-4.5012493
-2.9719927
-2.0287743
-3.7482193
-5.50172
-2.7304764
-2.0009315
-2.1462324
-5.3656597
-4.7245216
-2.9668624
-4.5773764
-2.0009315
-4.787219
-5.3656597
-1.7983218
-1.6189569
-4.2081127
-5.3656597
-4.5773764
-4.011261
-4.173788
-4.4676676
-4.5012493
-2.7147827
-5.3656597
-2.9742658
-5.3656597
-5.630717
-5.630717
-4.5773764
-2.7688878
-2.7688878
-5.3656597
-5.630717
-4.098564
-3.2031608
-2.7688878
-2.7688878
-4.62111
-5.3656597
-1.5535603
-5.630717
-4.8605194
-2.0287743
-2.0287743
-4.4676676
-2.0009315
-2.9488792
-5.630717
-2.0287743
-5.630717
-3.5254197
-2.7147827
-2.0009315
-4.8605194
-4.62111
-5.630717
-5.0596094
-5.2088337
-4.4676676
-5.630717
-5.630717
-2.0287743
-5.50172
-5.630717
-5.630717
-1.6189569
-5.630717
-5.630717
-4.20795
-2.0009315
-5.50172
-2.7688878
-3.5254197
-4.20795
-1.7983218
-4.787219
-4.787219
-4.8605194
-2.0287743
-1.6189569
-4.8605194
-5.630717
-5.630717
-4.285574
-5.3656597
-2.467316
-2.9730263
-4.787219
-5.50172
-5.630717
-2.7688878
-2.7688878
-5.50172
-5.2088337
-2.7688878
-1.6189569
-5.3656597
-4.4676676
-1.7983218
-5.630717
-5.630717
-5.3656597
-5.50172
-4.62111
-2.343508
-4.4676676
-4.4676676
-2.1462324
-4.5773764
-5.2088337
-2.7274618
-3.0031297
-1.6189569
-5.0596094
-5.50172
-5.3656597
-2.9538004
-5.3656597
-4.669745
-5.2088337
-2.7688878
-5.0596094
-3.7482193
-4.5773764
-5.3656597
-2.7688878
-5.2088337
-4.173788
-5.50172
-2.0009315
-5.630717
-5.2088337
-5.2088337
-4.787219
-2.0287743
-5.50172
-5.630717
-5.630717
-5.3656597
-5.630717
-2.0009315
-4.62111
-3.1927414
-3.1927414
-5.2088337
-4.173788
-3.0190659
-2.6656568
-2.9719927
-4.1905336
-3.9682677
-4.4676676
-4.4676676
-4.4676676
-5.50172
-5.630717
-3.9682677
-3.0441597
-5.50172
-4.20795
-2.7147827
-2.0287743
-2.0009315
-2.0009315
-5.50172
-4.4676676
-2.926831
-2.0287743
-4.8605194
-4.058983
-5.630717
-2.0287743
-5.630717
-5.2088337
-5.630717
-1.6189569
-2.1462324
-4.4676676
-1.6189569
-4.20795
-5.630717
-4.354512
-1.6189569
-5.630717
-2.9668624
-5.630717
-4.4074154
-5.630717
-4.2450304
-2.0009315
-2.7688878
-5.630717
-2.9538004
-2.0009315
-5.630717
-1.7531074
-3.230726
-2.0009315
-5.2088337
-5.630717
-5.630717
-5.3656597
-5.50172
-2.7688878
-5.630717
-5.630717
-4.058983
-2.1462324
-5.630717
-2.9868073
-2.3499491
-5.630717
-5.50172
-5.0596094
-4.011261
-2.9804463
-2.0009315
-2.9538004
-1.6189569
-4.4676676
-4.173788
-5.630717
-4.4676676
-2.1462324
-5.630717
-1.6189569
-5.3656597
-4.5773764
-5.2088337
-5.630717
-2.7304764
-4.669745
-5.630717
-4.4676676
-4.4676676
-2.8962061
-5.630717
-5.630717
-4.4676676
-5.630717
-5.630717
-5.2088337
-4.285574
-5.50172
-5.3656597
-3.141036
-2.9005623
-2.5700052
-4.8605194
-5.3656597
-3.141036
-2.0287743
-5.3656597
-3.141036
-2.0009315
-3.9682677
-5.630717
-2.0009315
-5.3656597
-2.0287743
-5.630717
-1.6189569
-4.669745
-3.7482193
-5.630717
-2.0287743
-4.058983
-1.6189569
-3.141036
-2.0287743
-4.4676676
-5.630717
-4.9487543
-4.058983
-5.3656597
-1.5535603
-4.9487543
-5.630717
-5.630717
-5.3656597
-5.3656597
-3.141036
-2.0009315
-5.630717
-4.787219
-5.0596094
-2.0009315
-5.630717
-2.799698
-5.630717
-2.467316
-4.354512
-4.4676676
-1.7983218
-5.3656597
-1.6189569
-1.6189569
-4.173788
-2.0287743
-1.6189569
-4.1905336
-5.3656597
-2.94112
-5.0596094
-5.630717
-3.0031297
-4.354512
-4.62111
-2.7274618
-5.2088337
-4.1905336
-2.926831
-1.6189569
-5.630717
-5.630717
-2.9547913
-5.50172
-4.1905336
-5.630717
-4.20795
-5.50172
-2.1462324
-3.141036
-5.630717
-5.630717
-5.630717
-5.3656597
-2.0009315
-5.3656597
-5.630717
-5.630717
-5.50172
-2.0287743
-5.50172
-5.2088337
-5.630717
-5.630717
-2.9658437
-5.50172
-5.3656597
-5.630717
-2.7147827
-2.7147827
-2.0009315
-2.0009315
-5.630717
-4.285574
-5.50172
-2.9658437
-5.3656597
-5.50172
-5.630717
-2.6656568
-2.996527
-5.50172
-2.8901799
-2.9538004
-1.6189569
-4.8605194
-5.630717
-5.50172
-4.669745
-1.6189569
-5.630717
-5.2088337
-5.630717
-3.7482193
-5.630717
-5.2088337
-4.058983
-4.20795
-4.1547117
-3.0031297
-4.9487543
-2.996527
-5.3656597
-4.264829
-4.62111
-3.141036
-2.0009315
-4.058983
-4.058983
-5.3656597
-2.0009315
-5.50172
-4.669745
-2.0009315
-5.2088337
-2.0009315
-5.50172
-5.50172
-2.0009315
-1.7531074
-3.9682677
-2.960785
-4.4074154
-4.1905336
-5.630717
-5.0596094
-5.630717
-4.7245216
-2.0009315
-2.3499491
-2.0009315
-1.7531074
-5.630717
-5.50172
-5.630717
-5.3656597
-2.0287743
-5.630717
-5.3656597
-5.630717
-2.3499491
-4.173788
-5.3656597
-5.3656597
-2.7147827
-2.0009315
-4.4676676
-4.264829
-4.285574
-5.630717
-2.0287743
-4.669745
-4.264829
-4.7245216
-2.7147827
-4.787219
-5.630717
-4.058983
-5.3656597
-5.630717
-2.1462324
-5.630717
-3.141036
-4.62111
-1.7983218
-2.0009315
-3.9682677
-2.6372635
-5.0596094
-5.630717
-2.5700052
-2.0287743
-5.630717
-2.9719927
-4.4676676
-5.630717
-4.1905336
-5.50172
-4.20795
-2.0287743
-4.4676676
-4.7245216
-4.62111
-2.1462324
-5.3656597
-2.0287743
-5.630717
-2.6358333
-4.8605194
-2.0287743
-5.50172
-3.141036
-4.8605194
-3.141036
-5.630717
-3.141036
-2.799698
-4.9487543
-5.50172
-4.8605194
-5.50172
-4.669745
-5.3656597
-3.9682677
-2.9804463
-4.173788
-5.3656597
-3.0031297
-3.9892325
-2.9719927
-5.3656597
-4.2450304
-2.0009315
-2.1462324
-2.0009315
-4.1392694
-2.0009315
-4.669745
-5.50172
-2.0009315
-4.787219
-4.4676676
-2.6372635
-3.0031297
-2.94112
-1.7983218
-5.630717
-4.7245216
-2.0009315
-5.630717
-5.50172
-5.50172
-5.630717
-2.9538004
-1.6189569
-1.6189569
-4.62111
-2.0009315
-5.630717
-5.630717
-5.630717
-1.6189569
-5.630717
-3.141036
-4.8605194
-5.50172
-5.3656597
-5.630717
-5.3656597
-5.3656597
-2.0009315
-1.6189569
-2.0009315
-2.0009315
-5.3656597
-5.630717
-5.630717
-4.4676676
-5.630717
-5.630717
-5.3656597
-1.7983218
-4.669745
-5.50172
-1.6189569
-2.0009315
-5.3656597
-2.0009315
-1.6189569
-4.4676676
-5.3656597
-2.5225239
-4.8605194
-2.0009315
-1.7983218
-4.669745
-1.6189569
-5.630717
-4.8605194
-2.0287743
-2.0287743
-5.3656597
-4.436497
-2.6435702
-2.6656568
-5.630717
-1.6189569
-5.3656597
-2.1462324
-5.630717
-5.630717
-2.1462324
-5.3656597
-2.960785
-5.630717
-4.4676676
-5.630717
-5.630717
-1.7983218
-5.630717
-5.630717
-4.4676676
-5.630717
-5.50172
-5.630717
-4.4676676
-5.630717
-1.6189569
-2.1462324
-4.4676676
-5.50172
-4.4676676
-2.0009315
-2.9488792
-4.62111
-4.9487543
-2.1462324
-5.630717
-1.7983218
-1.7983218
-5.630717
-2.0009315
-5.50172
-5.630717
-5.3656597
-5.50172
-5.630717
-5.50172
-4.62111
-2.0009315
-3.7482193
-4.20795
-2.0009315
-4.62111
-4.4676676
-5.630717
-1.6189569
-4.5773764
-5.630717
-5.630717
-5.630717
-5.3656597
-2.1462324
-1.7983218
-4.4676676
-4.7245216
-4.058983
-2.1462324
-4.011261
-3.9682677
-2.9488792
-5.50172
-1.6189569
-5.50172
-2.0009315
-5.50172
-5.50172
-4.669745
-2.7304764
-4.669745
-3.9682677
-5.630717
-1.7983218
-5.3656597
-5.3656597
-4.173788
-5.3656597
-1.6189569
-3.5254197
-5.50172
-4.4676676
-5.50172
-5.50172
-5.3656597
-4.2260942
-5.50172
-5.630717
-2.9538004
-2.5700052
-5.630717
-1.7983218
-2.0287743
-2.1462324
-5.50172
-5.2088337
-3.0190659
-5.630717
-5.50172
-5.630717
-5.630717
-2.1462324
-4.62111
-3.7482193
-2.1462324
-5.50172
-2.7147827
-2.9668624
-2.0009315
-5.630717
-5.50172
-5.50172
-1.7531074
-2.7304764
-5.50172
-4.787219
-4.2450304
-1.6189569
-5.50172
-5.50172
-2.0009315
-1.6189569
-5.3656597
-4.20795
-2.9730263
-5.50172
-4.173788
-2.0009315
-5.630717
-5.630717
-2.0009315
-4.9487543
-5.630717
-4.62111
-1.6189569
-5.630717
-2.9668624
-5.3656597
-2.9488792
-5.3656597
-3.7482193
-1.6189569
-5.630717
-2.0009315
-5.50172
-1.6189569
-2.0009315
-5.50172
-2.0009315
-3.221102
-4.8605194
-5.630717
-5.2088337
-2.7304764
-2.7867815
-5.3656597
-4.4676676
-5.0596094
-4.4676676
-4.4676676
-2.0009315
-4.285574
-2.0009315
-4.1905336
-4.4676676
-4.173788
-2.467316
-5.630717
-5.630717
-5.3656597
-2.996527
-2.9538004
-2.1462324
-2.1462324
-5.50172
-4.2260942
-2.1462324
-5.630717
-3.9682677
-5.630717
-5.630717
-2.6454587
-4.20795
-5.630717
-5.3656597
-2.1462324
-2.0009315
-3.9682677
-5.630717
-5.630717
-5.630717
-5.50172
OOVs:
OOVs:
NONE
NONE
