26
15
7
6
6
4
9
8
13
10
10
17
5
8
8
5
11
4
5
14
6
9
8
15
7
6
15
35
10
7
9
20
7
12
14
7
22
16
8
3
13
11
14
4
11
10
10
29
7
10
7
7
4
13
17
13
13
15
21
19
8
5
6
10
7
24
7
10
11
19
28
10
16
20
9
14
7
5
8
5
5
12
10
13
8
7
5
18
14
6
5
9
18
7
7
10
5
5
4
7
17
10
9
5
25
12
5
9
16
8
11
8
7
7
10
16
11
12
9
20
13
15
20
10
6
8
9
7
5
8
11
7
6
22
16
18
7
7
12
9
16
13
21
19
18
9
5
6
14
9
5
3
6
18
13
9
16
12
13
11
4
8
7
6
11
13
7
24
12
13
24
13
14
9
4
16
11
14
22
11
6
6
9
10
20
5
9
7
8
17
9
6
3
11
12
20
6
12
6
4
8
8
9
7
16
9
8
13
11
19
9
15
20
11
24
10
9
13
15
17
6
17
12
5
9
8
8
12
12
30
12
7
17
11
15
9
10
11
14
6
8
11
5
13
5
8
11
10
10
11
11
11
16
13
15
4
12
11
12
16
11
12
11
6
9
8
12
7
13
14
11
11
14
6
9
10
12
6
8
11
8
13
31
11
14
19
8
17
10
10
8
10
17
10
5
11
4
25
14
8
21
12
13
8
7
7
19
4
30
10
8
6
16
7
13
7
5
15
8
10
6
17
10
14
10
9
4
5
16
11
16
9
4
20
15
11
12
9
5
12
9
20
13
22
12
13
11
14
7
11
19
8
6
29
13
15
28
10
23
5
13
15
26
15
14
20
7
7
16
14
22
13
5
13
5
16
25
9
7
3
14
7
10
4
7
7
8
9
10
18
7
5
7
7
5
24
6
8
6
3
10
17
5
6
9
25
14
15
11
6
7
20
9
8
12
6
14
6
11
13
13
18
7
5
6
9
9
13
19
14
11
9
5
12
12
24
9
9
3
8
6
16
8
26
11
8
4
33
11
11
16
10
24
7
9
6
15
21
6
13
5
15
7
15
4
23
26
13
18
6
6
7
8
6
7
6
20
9
20
12
11
11
10
10
11
13
21
19
5
5
5
17
5
11
10
10
7
9
12
5
9
8
13
12
7
8
18
3
6
5
4
6
14
8
11
14
17
5
8
7
15
6
11
12
3
14
12
9
4
16
5
8
9
8
13
12
12
8
7
11
9
3
18
8
13
11
22
7
8
18
33
15
7
12
6
8
8
9
11
5
6
12
6
13
4
9
10
11
11
16
12
5
5
7
14
15
5
25
17
7
17
7
7
3
8
6
5
7
5
7
9
6
9
8
8
3
7
13
10
14
6
13
6
5
30
4
14
6
4
8
23
19
6
9
9
22
9
16
13
10
12
7
6
4
7
7
11
15
7
6
7
6
6
4
7
11
8
7
15
7
14
18
9
7
5
8
4
9
5
13
16
17
10
7
8
13
3
6
5
11
11
14
13
15
10
15
8
11
12
8
4
14
11
9
13
6
11
16
14
6
12
6
7
5
11
19
3
4
4
9
7
16
3
3
9
28
7
9
6
5
6
22
10
3
6
17
10
3
3
11
4
22
9
6
5
8
17
6
15
14
5
8
25
10
5
15
22
6
12
8
23
6
11
4
11
14
6
22
10
11
5
4
3
39
11
3
9
12
7
20
26
17
8
23
10
5
35
11
11
7
11
5
13
12
12
33
8
4
9
7
13
5
10
8
3
10
8
7
12
4
9
3
8
10
11
3
8
25
10
8
5
15
8
6
7
9
10
14
12
22
11
4
5
10
4
9
8
17
14
6
13
14
4
7
4
6
10
7
20
4
5
9
10
13
21
11
9
6
9
11
11
4
7
10
22
9
8
10
5
26
3
12
7
7
13
11
13
4
3
4
12
9
13
13
5
5
15
11
5
11
6
13
6
5
12
12
14
9
13
6
9
7
5
21
6
8
9
19
11
22
14
3
7
8
13
20
8
4
4
7
4
9
9
5
10
6
9
5
12
10
6
7
3
6
18
9
7
3
15
7
6
9
9
10
12
8
7
6
3
16
14
7
15
10
12
15
6
10
24
12
5
8
13
10
13
12
10
6
20
7
3
10
8
15
8
4
8
8
9
6
15
18
5
15
6
13
5
8
9
8
8
15
8
13
11
17
28
7
15
31
14
5
7
11
11
10
8
10
6
3
5
21
17
11
13
7
9
11
8
9
10
14
11
8
7
11
6
12
5
5
13
9
10
8
8
6
11
7
11
12
18
15
7
7
13
7
6
10
4
6
8
13
7
21
8
6
5
5
7
14
13
5
14
18
11
13
12
6
10
8
9
8
6
10
8
3
4
10
7
4
16
13
9
7
10
15
8
15
6
6
7
10
6
10
8
14
10
10
19
14
7
13
17
8
26
11
4
7
10
7
15
15
9
8
7
13
6
8
14
6
11
11
12
7
11
11
17
13
11
7
11
10
20
25
12
7
2
6
4
9
6
6
4
12
7
14
13
31
8
31
17
4
16
4
6
12
4
9
7
7
15
14
4
6
23
11
24
9
7
7
7
9
5
6
5
13
8
13
7
9
7
18
16
8
12
21
14
3
8
7
7
5
14
10
3
14
10
10
8
20
10
15
4
5
3
5
13
18
8
4
14
18
6
15
3
10
6
8
16
9
8
8
7
7
9
8
20
9
9
19
12
15
9
6
10
4
10
11
13
14
10
8
3
13
6
6
17
10
15
10
9
8
8
19
10
5
13
7
15
3
13
9
5
7
11
24
6
4
5
10
10
7
7
9
9
12
5
6
17
6
4
14
6
11
3
6
6
9
8
14
4
7
8
9
7
5
9
16
16
5
5
13
8
7
7
11
6
11
12
14
11
5
13
5
12
14
14
7
21
18
4
15
11
9
12
8
4
13
10
7
4
8
15
13
23
8
13
6
4
5
14
9
5
19
19
20
7
9
11
16
14
6
9
6
5
6
5
30
7
5
5
4
14
7
4
5
5
5
9
15
6
8
14
9
5
7
4
6
8
5
13
9
8
18
7
8
11
10
8
23
6
25
7
12
4
3
7
9
5
7
10
4
9
7
6
6
11
6
8
6
8
10
5
6
10
10
3
6
6
4
18
6
5
6
7
7
4
20
9
4
4
6
8
12
12
7
12
14
17
12
11
10
7
10
8
23
5
10
7
17
8
9
8
6
16
3
14
4
9
4
5
3
6
11
20
16
7
15
10
13
6
14
5
6
11
20
3
10
8
10
11
11
14
10
5
4
12
15
7
7
7
8
4
9
8
7
8
12
9
3
3
14
6
6
5
25
