-4.308516
-4.218408
-5.2029443
-3.7550967
-4.4660563
-4.975014
-4.1739926
-1.9833683
-6.146909
-4.4660563
-4.6828575
-5.8242803
-3.4052975
-5.7341723
-4.4660563
-5.9818206
-4.4660563
-6.4698553
-2.9479084
-6.1990705
-3.107055
-4.8887825
-5.748208
-4.1739926
-4.8716683
-4.4660563
-5.899261
-3.1770546
-5.5611053
-4.4660563
-2.8394465
-2.5424733
-4.232131
-4.0260386
-6.1990705
-5.1613855
-5.9818206
-3.8280911
-2.5507884
-5.4256372
-4.4660563
-4.308516
-4.4660563
-4.536529
-1.9833683
-4.4660563
-5.748208
-4.5835314
-4.4660563
-5.748208
-5.748208
-4.8150225
-6.1990705
-5.2029443
-6.1155834
-3.2763515
-3.0157926
-5.748208
-6.1578684
-3.9158835
-3.218973
-5.9818206
-2.5424733
-5.8242803
-3.8030663
-5.431648
-5.0582786
-5.689757
-5.7341723
-6.1578684
-2.8375175
-4.4660563
-4.218408
-5.560794
-4.4660563
-6.04153
-4.4660563
-5.7341723
-6.1990705
-3.4699302
-4.218408
-4.4660563
-4.4660563
-3.4699302
-4.181172
-5.014654
-4.4660563
-5.951422
-5.6488976
-2.7428474
-2.8394465
-4.0260386
-4.4660563
-5.748208
-2.7349885
-5.2029443
-2.8042257
-5.6076956
-5.4948006
-4.777632
-4.4660563
-2.6916924
-3.7550967
-5.0408616
-6.277486
-5.9818206
-4.4660563
-6.1990705
-6.277486
-4.0260386
-5.485319
-2.7769578
-4.516024
-4.0260386
-4.0260386
-2.5424733
-4.308516
-3.4699302
-2.0075116
-4.4660563
-5.748208
-4.1739926
-3.545892
-5.944071
-4.9681635
-4.4660563
-5.689757
-2.0075116
-5.9348183
-4.975014
-6.1990705
-5.748208
-2.8070385
-3.9158835
-4.841794
-3.547614
-5.9348183
-3.7550967
-4.4660563
-2.7238185
-3.9158835
-4.181172
-6.7175035
-2.5424733
-5.748208
-2.5424733
-5.278906
-4.828044
-5.6488976
-5.748208
-4.928194
-3.050673
-4.4660563
-5.106779
-3.2140954
-4.4660563
-3.4242556
-4.4660563
-4.308516
-4.4660563
-5.9818206
-4.2197104
-4.6312013
-2.5424733
-3.5023882
-3.4364126
-2.5424733
-5.9818206
-0.80000466
-5.0809164
-4.957512
-6.1990705
-3.0410028
-5.951422
-5.768536
-2.7238185
-4.4660563
-4.218408
-4.4660563
-4.994439
-5.5611053
-4.868867
-5.9348183
-4.4660563
-4.349919
-3.0157926
-3.85742
-3.7550967
-5.944071
-6.277486
-3.2669687
-2.5424733
-4.4660563
-5.777278
-4.4660563
-4.3142266
-5.2029443
-5.9818206
-3.472976
-5.9348183
-3.2338722
-6.1990705
-4.6928186
-5.9348183
-6.1673307
-4.574206
-6.42544
-3.9304488
-4.415631
-4.308516
-3.5062523
-4.4660563
-3.9475594
-4.4660563
-4.4660563
-5.748208
-5.9348183
-4.0260386
-6.1990705
-3.5023882
-4.4660563
-4.4660563
-3.4364126
-5.43595
-5.541803
-4.788404
-4.1739926
-1.7693743
-5.9348183
-3.4699302
-5.541803
-4.291768
-4.4660563
-2.8375175
-5.9818206
-6.1990705
-4.218408
-5.748208
-5.2029443
-3.4953065
-3.7550967
-4.308516
-4.218408
-2.3296404
-5.9348183
-6.1990705
-3.6926234
-2.5424733
-4.7922025
-3.2992582
-2.9805255
-4.4660563
-4.639721
-3.0157926
-3.4242556
-2.991966
-3.472976
-3.4699302
-5.9348183
-2.5507884
-4.915215
-5.9348183
-3.4364126
-5.43595
-4.4660563
-3.0157926
-3.5895164
-4.1182137
-4.4660563
-2.5424733
-5.1980352
-4.4660563
-2.9375587
-4.975014
-4.4660563
-3.4699302
-6.1990705
-6.1990705
-5.2029443
-5.4561443
-4.4660563
-4.4660563
-3.4364126
-4.4660563
-4.4660563
-5.777278
-2.7769578
-5.951422
-5.278906
-5.2029443
-4.536529
-5.7168217
-6.1990705
-3.9158835
-4.4660563
-6.1990705
-6.1990705
-3.5895164
-3.1951802
-4.4660563
-3.9158835
-3.6380172
-4.181172
-4.4660563
-4.4660563
-2.8394465
-3.3842068
-5.68717
-4.218408
-4.4660563
-3.2338722
-4.4660563
-4.218408
-4.232131
-2.0075116
-2.7500093
-5.951422
-4.4660563
-4.4660563
-4.308516
-5.296853
-5.6076956
-4.9602637
-2.5424733
-4.1739926
-6.1990705
-4.308516
-4.4660563
-2.5424733
-4.645817
-5.9348183
-4.4660563
-4.4660563
-5.748208
-2.5424733
-4.4660563
-4.4660563
-6.1990705
-3.545892
-4.308516
-6.1990705
-3.2763515
-4.4660563
-5.748208
-2.5424733
-4.1739926
-4.4660563
-4.4660563
-4.0260386
-4.4660563
-5.2029443
-4.4660563
-4.4660563
-4.8869925
-4.4660563
-4.4660563
-2.5424733
-5.9348183
-3.9158835
-4.4660563
-6.1990705
-4.9681635
-3.3179479
-3.4242556
-3.5062523
-3.6380172
-5.2029443
-4.4660563
-3.8280911
-2.5184429
-5.951422
-5.0564547
-5.9348183
-4.4660563
-5.278906
-4.218408
-6.1990705
-4.4660563
-4.4660563
-5.9348183
-4.4660563
-3.5895164
-4.218408
-3.6926234
-4.4660563
-4.4660563
-3.9158835
-4.9681635
-4.4660563
-2.87129
-5.6488976
-4.684569
-3.5895164
-2.991966
-4.4660563
-3.5895164
-4.4660563
-2.1812224
-1.4857011
-5.4948006
-4.920169
-5.3081903
-4.0260386
-6.1990705
-6.1578684
-4.9681635
-5.9070067
-4.5835314
-5.951422
-4.0260386
-3.4364126
-3.0282147
-4.218408
-5.9348183
-5.278906
-6.1990705
-5.955969
-4.4660563
-5.4256372
-6.1578684
-5.9348183
-5.128225
-5.951422
-2.0075116
-2.4088342
-3.4699302
-5.9348183
-5.2029443
-3.5062523
-5.9348183
-4.0260386
-3.5895164
-3.2338722
-4.477332
-2.0103116
-4.8150225
-4.0260386
-5.166649
-3.4699302
-4.975014
-6.1990705
-3.1471784
-2.7238185
-4.308516
-4.308516
-3.6380172
-4.308516
-5.9348183
-3.9158835
-5.1681614
-6.1990705
-4.4660563
-5.278906
-4.4660563
-2.5424733
-5.1613855
-5.2029443
-1.7693743
-5.768536
-4.5835314
-4.76802
-3.5062523
-4.4660563
-4.7185645
-5.6488976
-4.218408
-5.5906677
-3.077616
-3.545892
-6.1990705
-5.777278
-4.4660563
-6.1990705
-5.7590528
-3.2545927
-3.4364126
-3.0037158
-3.3234406
-2.5424733
-4.4660563
-4.308516
-4.308516
-4.4660563
-5.7168217
-4.0802345
-3.077616
-5.2029443
-6.1990705
-3.9158835
-3.5895164
-1.2953556
-4.4660563
-1.2953556
-5.9348183
-5.4561443
-3.4242556
-4.0260386
-5.278906
-2.9805255
-6.1990705
-3.4699302
-3.7550967
-6.1990705
-4.4660563
-6.1578684
-3.8280911
-4.3682904
-5.9348183
-1.2953556
-2.3296404
-4.0260386
-3.9158835
-3.9158835
-4.4660563
-5.227235
-4.4660563
-5.9348183
-3.2338722
-5.8242803
-4.4660563
-4.308516
-3.3417351
-2.609102
-4.23006
-5.4948006
-5.6076956
-3.1112852
-3.545892
-4.4660563
-4.4660563
-2.8042257
-1.2953556
-6.1990705
-4.308516
-5.9348183
-3.6380172
-2.3030984
-3.4699302
-6.1990705
-3.5062523
-1.2953556
-4.4660563
-5.4561443
-3.5062523
-4.2001863
-5.6427546
-2.9375587
-4.4660563
-2.6916924
-5.748208
-4.8716683
-2.7555938
-4.9681635
-6.04153
-3.3490493
-4.5835314
-4.4660563
-2.9805255
-6.1578684
-5.3846455
-5.689757
-4.926325
-4.308516
-6.1990705
-5.91022
-4.4660563
-4.4660563
-4.928194
-4.495483
-4.8402815
-3.5895164
-4.6928186
-5.9348183
-4.4660563
-3.4953065
-5.520888
-3.1951802
-4.4660563
-4.4660563
-3.2214258
-4.558503
-3.8280911
-3.4364126
-3.6919975
-5.560794
-3.6926234
-2.991966
-5.748208
-4.0260386
-3.7732906
-2.9805255
-2.991966
-4.4660563
-3.7550967
-4.4660563
-5.9348183
-3.9158835
-2.9375587
-4.4660563
-4.4660563
-2.466064
-4.3682904
-4.4660563
-3.9158835
-3.2140954
-5.8242803
-4.4660563
-1.6523312
-4.308516
-4.3682904
-2.6916924
-6.1990705
-4.0260386
-4.4660563
-5.748208
-3.6238074
-4.232131
-2.5424733
-3.3490493
-3.8280911
-3.6919975
-4.4660563
-4.1739926
-5.68717
-4.1739926
-6.1990705
-4.4660563
-2.87129
-2.9375587
-4.0260386
-2.8042257
-5.0859394
-2.10114
-4.994439
-2.9375587
-5.9818206
-6.04153
-3.6926234
-3.2763515
-2.3416557
-4.4660563
-4.232131
-4.915215
-2.5424733
-5.0220165
-3.6380172
-6.1578684
-4.928194
-4.4660563
-5.777278
-4.4548635
-4.759579
-4.7206955
-5.105281
-3.287295
-4.4660563
-6.146909
-1.2953556
-3.1214857
-5.748208
-5.777278
-2.5424733
-4.1739926
-6.1990705
-4.0260386
-5.91022
-2.5812125
-2.9869597
-5.0820637
-6.1990705
-2.7114804
-3.3762634
-1.4383837
-2.87129
-2.9805255
-4.218408
-2.4088342
-4.232131
-4.218408
-4.4660563
-5.9818206
-2.991966
-4.308516
-4.218408
-5.9818206
-3.4699302
-3.545892
-5.9348183
-5.106779
-4.4660563
-4.1276236
-2.9805255
-3.1500142
-6.1578684
-3.9158835
-4.4660563
-2.991966
-4.3682904
-4.4660563
-2.9375587
-3.9158835
-2.741183
-4.5835314
-5.777278
-5.9348183
-2.634414
-5.955969
-4.094578
-4.094578
-4.1739926
-5.105281
-5.9818206
-4.4660563
-2.7114804
-6.146909
-5.748208
-3.4699302
-4.6928186
-4.0260386
-6.1990705
-4.4660563
-4.4660563
-2.5424733
-4.6312013
-3.0377886
-4.232131
-5.50056
-2.3030984
-4.915215
-2.9805255
-3.9158835
-3.3359904
-4.218408
-4.4660563
-3.067767
-5.9348183
-3.0747466
-5.68717
-3.6380172
-3.6380172
-5.9348183
-5.9348183
-5.9348183
-3.7550967
-4.308516
-6.1990705
-2.5424733
-4.4660563
-2.5812125
-2.741425
-2.6916924
-5.7168217
-2.991966
-3.0962894
-3.2206066
-6.1990705
-2.4467704
-3.287295
-5.4561443
-2.991966
-5.9348183
-4.0260386
-2.5812125
-4.232131
-4.232131
-4.4660563
-5.0220165
-4.4660563
-5.748208
-4.094578
-4.0260386
-3.0747466
-6.1990705
-3.8280911
-4.0260386
-2.7114804
-3.037854
-5.955969
-3.9158835
-3.2206066
-6.1578684
-4.4660563
-4.4660563
-4.4660563
-4.181172
-5.777278
-3.6380172
-3.1951802
-4.4660563
-4.4660563
-4.4660563
-5.9818206
-3.1022942
-6.146909
-4.536529
-2.5424733
-4.2201443
-6.1990705
-4.308516
-4.4660563
-4.199723
-4.975014
-3.5895164
-3.9158835
-2.8688512
-4.915215
-3.5895164
-4.4660563
-4.4660563
-4.094578
-2.5424733
-3.067767
-5.106779
-4.4660563
-2.923239
-4.308516
-4.4660563
-5.3846455
-2.7237766
-5.3438554
-5.3846455
-5.718334
-4.308516
-4.4660563
-4.4660563
-6.1990705
-2.8375175
-4.4660563
-4.232131
-4.952177
-4.308516
-5.9348183
-2.0075116
-3.6926234
-4.4660563
-3.5895164
-4.308516
-2.5424733
-2.8882563
-4.527117
-5.9348183
-4.232131
-5.9348183
-2.4740372
-3.5895164
-4.232131
-5.6427546
-3.5895164
-6.1990705
-4.3682904
-2.6916924
-4.4660563
-6.277486
-2.3442569
-2.5424733
-2.991966
-4.6928186
-4.4660563
-5.015253
-2.5424733
-2.8801599
-5.3438554
-5.9348183
-4.4660563
-2.5507884
-4.4660563
-4.788404
-1.3195608
-5.748208
-2.741425
-4.536529
-1.1226816
-3.9158835
-3.2763515
-3.7798176
-4.4660563
-5.3081903
-4.1739926
-4.4660563
-5.9070067
-4.4660563
-3.2206066
-4.218408
-1.2953556
-4.4660563
-4.308516
-4.4660563
-5.9818206
-4.4660563
-2.5424733
-3.5895164
-6.1990705
-4.4660563
-2.0075116
-5.3846455
-5.6427546
-5.3225307
-5.5611053
-2.5424733
-2.5424733
-4.4962473
-4.4660563
-3.2763515
-6.1990705
-6.1990705
-3.5062523
-2.4046967
-5.106779
-2.3416557
-5.9348183
-4.8178115
-4.1739926
-5.3438554
-4.181172
-2.9375587
-5.431648
-3.0747466
-5.689757
-5.2029443
-5.9818206
-4.1739926
-5.8242803
-2.9375587
-3.6926234
-5.9818206
-4.4660563
-3.6380172
-2.8375175
-4.0260386
-2.991966
-6.1990705
-4.4660563
-6.1990705
-6.1990705
-5.9070067
-6.7175035
-3.2992582
-2.7238185
-3.6926234
-5.4881105
-4.536529
-1.5153075
-3.2992582
-4.308516
-4.1418486
-5.4948006
-3.8280911
-3.6919975
-4.4660563
-2.5812125
-4.4660563
-2.5424733
-4.4660563
-4.4660563
-3.8280911
-4.5835314
-4.3682904
-6.1990705
-5.7341723
-5.9818206
-2.8801599
-5.748208
-5.4881105
-6.1990705
-4.6928186
-4.0260386
-6.1578684
-2.5424733
-1.7693743
-2.5532475
-4.4660563
-4.4660563
-4.8150225
-5.8242803
-4.4660563
-3.6919975
-5.7590528
-5.223859
-2.5424733
-5.777278
-3.6380172
-3.4699302
-6.1990705
-2.5507884
-3.8280911
-5.8242803
-5.9348183
-4.232131
-4.4660563
-2.753841
-6.1990705
-4.4660563
-4.975014
-5.43595
-2.9375587
-3.2545927
-2.9375587
-4.4660563
-5.9070067
-6.1990705
-4.9210615
-4.1739926
-4.4660563
-5.4948006
-4.4660563
-4.0260386
-5.519903
-6.1990705
-2.9805255
-6.1990705
-5.9818206
-2.87129
-2.5424733
-5.68717
-6.1990705
-2.5424733
-5.223859
-3.6919975
-4.357977
-5.2392664
-6.1990705
-3.9158835
-4.4660563
-3.7550967
-1.2953556
-5.951422
-3.7550967
-3.6380172
-2.7238185
-4.682484
-6.1990705
-4.4660563
-3.1268177
-3.5023882
-3.9158835
-4.4660563
-4.308516
-4.4660563
-4.4660563
-2.991966
-3.5895164
-5.8242803
-3.7550967
-3.1951802
-2.7769578
-5.5611053
-4.4660563
-5.2029443
-4.0260386
-6.1990705
-4.4660563
-3.4699302
-4.0260386
-2.9175708
-3.1951802
-5.198065
-5.329829
-3.5062523
-2.991966
-2.8375175
-3.9158835
-3.3762634
-3.6380172
-4.4660563
-4.4660563
-4.349919
-3.7550967
-6.42544
-3.1951802
-4.4660563
-4.4660563
-4.3784413
-1.4857011
-3.6919975
-4.4660563
-3.8280911
-3.2206066
-3.2992582
-3.545892
-5.9818206
-3.6380172
-4.232131
-3.3234406
-4.6619534
-4.0260386
-4.0260386
-5.951422
-4.232131
-5.8242803
-4.4660563
-4.4660563
-2.9375587
-3.6380172
-4.7966576
-5.5611053
-4.232131
-2.3442569
-2.9869597
-6.1990705
-2.4740372
-2.5424733
-5.1980352
-5.9818206
-4.308516
-4.4660563
-1.3195608
-3.942799
-4.7026343
-4.0260386
-4.308516
-2.0075116
-5.9070067
-5.278906
-5.610996
-3.6380172
-2.9375587
-2.3416557
-0.4968038
-4.9210615
-4.682484
-2.4740372
-4.4548635
-1.9833683
-3.1951802
-3.4699302
-5.3438554
-5.9818206
-4.1739926
-4.4660563
-4.0260386
-4.4660563
-5.014654
-2.991966
-3.6919975
-4.5835314
-4.1418486
-5.296853
-4.4660563
-2.3442569
-5.9818206
-4.232131
-4.1418486
-4.4660563
-4.4660563
-4.4660563
-4.4660563
-5.8242803
-2.5424733
-4.3682904
-5.777278
-4.4660563
-2.7913246
-3.4364126
-5.223859
-5.0220165
-4.4660563
-2.9869597
-4.4660563
-5.50056
-4.4660563
-5.9348183
-4.4660563
-3.6919975
-4.4660563
-5.3710313
-6.1990705
-3.6919975
-3.8280911
-4.5757184
-6.7175035
-3.3234406
-5.4262705
-4.9910707
-4.218408
-5.9348183
-3.0747466
-3.4953065
-4.4660563
-3.1951802
-3.9158835
-3.5895164
-2.2620628
-3.9158835
-4.4660563
-5.9348183
-2.7238185
-2.5424733
-6.1990705
-5.748208
-4.4660563
-6.1578684
-5.560794
-4.6928186
-6.1990705
-6.1990705
-5.9348183
-3.3762634
-5.8242803
-3.5023882
-2.5424733
-3.2763515
-4.4660563
-4.9681635
-5.227235
-4.308516
-4.308516
-4.4660563
-5.3438554
-5.0220165
-4.5367446
-4.4660563
-5.0220165
-5.9348183
-4.4660563
-5.7341723
-3.2545927
-3.6919975
-4.4660563
-5.8242803
-6.1990705
-5.6488976
-3.5062523
-4.4660563
-4.4660563
-3.5895164
-5.9348183
-3.0282147
-5.9348183
-4.218408
-4.181172
-3.7857764
-4.4660563
-6.04153
-4.0925107
-5.223859
-3.9158835
-5.68717
-4.744505
-4.4660563
-4.308516
-3.2140954
-6.1990705
-3.4052975
-6.1990705
-2.8375175
-5.519903
-4.752082
-5.9348183
-4.8442993
-6.1578684
-4.4046717
-4.218408
-5.6427546
-6.1990705
-5.9348183
-6.1990705
-5.9818206
-5.3081903
-2.4740372
-5.6427546
-5.9348183
-4.8150225
-5.7341723
-5.014654
-4.5835314
-4.308516
-2.5424733
-2.8375175
-3.4364126
-2.5424733
-4.4660563
-3.4699302
-5.5611053
-5.748208
-4.308516
-3.2140954
-4.859832
-4.6928186
-4.218408
-4.4660563
-5.8242803
-4.210255
-4.4660563
-5.0582786
-2.0075116
-4.0342073
-4.7026343
-6.1990705
-2.5424733
-3.4953065
-3.4717815
-4.181172
-5.68717
-3.6926234
-4.536529
-3.8409119
-5.8242803
-4.4660563
-5.9818206
-3.547614
-4.975014
-5.9348183
-5.8242803
-3.2603414
-4.4660563
-4.4660563
-6.1990705
-6.1990705
-5.519903
-2.926262
-4.864814
-3.081794
-5.9348183
-4.4660563
-4.5367446
-2.3416557
-5.748208
-5.3844357
-4.1739926
-6.1990705
-2.5424733
-3.6380172
-4.4660563
-5.9348183
-2.5424733
-6.1990705
-5.9348183
-2.5424733
-2.5011618
-2.5424733
-5.8242803
-4.308516
-2.3053622
-2.9375587
-4.0260386
-5.3844357
-4.0925107
-4.181172
-2.5424733
-3.9345155
-5.128225
-3.0747466
-5.951422
-5.748208
-5.9818206
-5.9348183
-3.5895164
-5.4948006
-3.5895164
-4.4660563
-3.5895164
-4.4660563
-5.9348183
-3.159655
-4.9681635
-2.5424733
-4.4660563
-6.1990705
-3.8280911
-6.1990705
-4.218408
-4.9681635
-4.218408
-2.991966
-6.1990705
-4.4660563
-4.8150225
-2.7500093
-3.2338722
-1.2953556
-4.4660563
-1.9833683
-4.0260386
-5.3844357
-5.0220165
-4.6828575
-2.7500093
-4.536529
-6.1990705
-4.4660563
-4.4660563
-2.7209647
-4.9602637
-3.0714371
-5.9348183
-1.3195608
-4.868867
-2.991966
-5.9818206
-4.4660563
-5.748208
-3.1460536
-5.0582786
-5.9348183
-6.1990705
-5.7341723
-6.1990705
-3.9158835
-5.4948006
-3.5062523
-5.223859
-4.4660563
-4.1739926
-6.04153
-3.6380172
-3.159655
-3.9158835
-2.8540754
-4.1739926
-5.9348183
-5.9818206
-6.1990705
-4.4660563
-6.1578684
-3.5895164
-4.4660563
-5.5060396
-4.308516
-4.308516
-4.4660563
-2.5424733
-5.951422
-4.9681635
-2.5424733
-2.7114804
-4.4660563
-4.9747753
-3.4699302
-4.181172
-2.609102
-3.9528878
-5.278906
-3.4699302
-3.317915
-2.7114804
-4.4660563
-5.9348183
-5.944071
-4.4660563
-5.748208
-4.181172
-4.4936285
-4.0260386
-3.0157926
-4.4660563
-6.1990705
-5.9348183
-5.748208
-4.6928186
-3.6926234
-2.7769578
-2.5424733
-2.5424733
-2.5424733
-4.181172
-6.1990705
-2.5424733
-4.308516
-2.5424733
-3.4699302
-2.7114804
-3.5062523
-3.8280911
-3.5895164
-5.6427546
-4.0260386
-3.0410028
-2.5424733
-3.8280911
-5.9348183
-2.4046967
-4.4660563
-5.9348183
-5.278906
-4.947109
-6.1990705
NONE
NONE
NONE
