-6.4697857
-6.1990705
-5.2029443
-1.2628695
-2.7602558
-5.828537
-6.4697857
-5.4948006
-5.5187154
-5.9070067
-1.3195608
-5.9818206
-5.597226
-5.91022
-6.5526805
-4.759579
-5.9348183
-5.7178507
-1.2953556
-6.1990705
-3.6504192
-5.886589
-6.228681
-5.9348183
-6.1990705
-5.748208
-6.5526805
-2.7602558
-1.2628695
-3.0084693
-6.1578684
-6.1155834
-4.232131
-6.5526805
-6.1990705
-5.6427546
-6.5526805
-6.1155834
-5.3289967
-6.1990705
-5.6963525
-3.1174865
-6.1155834
-4.536529
-3.6504192
-5.4256372
-6.1155834
-5.8242803
-5.9348183
-6.0358357
-1.2628695
-6.7175035
-3.7037864
-3.7037864
-5.3081903
-6.228681
-4.424312
-5.4948006
-4.9681635
-6.1155834
-5.1646695
-6.1155834
-6.1990705
-5.0928497
-2.2696195
-4.5148077
-3.9393752
-5.8242803
-5.9348183
-4.4081473
-2.7602558
-3.9154162
-6.1990705
-5.080369
-6.1990705
-3.6485424
-5.4398365
-5.91022
-5.4256372
-1.4971118
-6.1155834
-5.68717
-2.7602558
-5.4256372
-6.1155834
-6.4697857
-5.9348183
-5.2029443
-6.1155834
-5.7984285
-2.995824
-4.6307087
-6.04153
-6.04153
-3.794532
-6.04153
-2.8042257
-4.9681635
-2.4033177
-4.232131
-1.3195608
-5.6963525
-1.2628695
-5.128225
-6.42544
-5.9818206
-5.958043
-5.2029443
-6.277486
-5.2029443
-6.7175035
-2.7602558
-3.6504192
-3.697215
-6.4697857
-6.4697857
-2.7602558
-5.2029443
-4.6307087
-5.455332
-1.2628695
-2.1555452
-3.677875
-6.277486
-6.000328
-5.958043
-5.477618
-5.7590528
-0.8532937
-6.228681
-6.1155834
-5.2029443
-3.199545
-2.7602558
-5.2254767
-6.7175035
-2.567122
-5.9348183
-2.5328014
-4.424312
-2.7602558
-6.7175035
-6.42544
-1.2628695
-6.1155834
-1.2628695
-6.1155834
-6.04153
-3.7051263
-3.6504192
-6.1990705
-5.9348183
-3.6504192
-5.9348183
-6.4697857
-6.1155834
-1.2628695
-2.9281485
-2.7602558
-6.1990705
-5.2083874
-4.6828575
-6.1990705
-1.2628695
-6.1990705
-5.958043
-1.2628695
-6.5526805
-5.098235
-6.7175035
-4.8845177
-5.2029443
-5.517721
-5.517721
-4.995103
-6.4697857
-5.014654
-5.4256372
-6.1155834
-6.42544
-6.1990705
-5.6076956
-5.2813287
-2.7602558
-5.6963525
-4.424312
-5.91022
-5.2029443
-6.277486
-6.277486
-4.9258785
-1.2628695
-5.7083206
-5.777278
-2.7602558
-5.2029443
-3.4242556
-5.9818206
-4.6611934
-4.536529
-3.6788476
-1.2628695
-5.91022
-5.9348183
-6.1673307
-5.6963525
-6.42544
-6.04153
-3.7444637
-3.9154162
-0.8532937
-3.9154162
-0.8254929
-6.228681
-2.7602558
-3.70829
-5.777278
-4.938692
-2.7602558
-6.1990705
-4.938692
-5.9070067
-3.70829
-3.6504192
-5.7168217
-5.1592956
-2.7602558
-6.42544
-5.2029443
-5.2029443
-1.3195608
-5.05855
-5.958043
-6.228681
-1.4344405
-5.2029443
-5.2029443
-4.637546
-6.04153
-5.2029443
-5.3370275
-2.8837306
-3.9154162
-3.6504192
-5.9348183
-5.9070067
-5.6427546
-1.2628695
-6.5526805
-4.536529
-2.7602558
-5.6488976
-5.91022
-1.2628695
-5.2029443
-5.2029443
-3.472976
-5.958043
-6.0025077
-5.0397096
-6.4697857
-5.5565543
-6.228681
-3.4466043
-0.8532937
-4.938692
-6.228681
-5.748208
-5.9348183
-6.1990705
-6.1155834
-6.1155834
-2.7602558
-4.938692
-2.7602558
-2.7602558
-5.6488976
-3.9154162
-3.9154162
-6.1990705
-3.8367288
-5.958043
-6.177722
-2.7602558
-3.1795766
-3.8370905
-3.9154162
-6.04153
-6.04153
-6.04153
-5.9348183
-5.6963525
-6.1990705
-5.777278
-5.9348183
-5.2029443
-5.2029443
-5.6785083
-3.677875
-5.8235197
-6.4697857
-5.301495
-6.1155834
-5.2029443
-6.147399
-6.1578684
-6.177722
-5.2392664
-6.177722
-6.1990705
-4.938692
-6.04153
-6.1990705
-6.4697857
-4.920169
-5.4948006
-5.6755657
-6.4697857
-5.2029443
-2.7602558
-5.2029443
-4.0587406
-5.91022
-4.938692
-6.3122454
-6.5526805
-5.7590528
-5.9348183
-1.2628695
-3.9475594
-4.938692
-5.5565543
-5.6755657
-1.4383837
-1.2628695
-3.6155353
-3.7489333
-6.1990705
-6.4697857
-5.0358047
-5.951422
-4.6307087
-6.1155834
-5.167922
-1.2628695
-5.9348183
-4.770357
-5.958043
-5.6755657
-5.6755657
-5.2029443
-6.4697857
-5.6755657
-6.1578684
-6.1155834
-2.7602558
-0.6502937
-5.9348183
-3.1795766
-6.4697857
-6.228681
-4.759579
-5.2029443
-6.1990705
-6.5526805
-3.3916497
-6.1990705
-6.3122454
-6.5526805
-0.8532937
-6.04153
-6.1990705
-5.9348183
-6.1990705
-6.1990705
-5.2029443
-6.1990705
-3.9162369
-6.1155834
-4.938692
-3.8311622
-2.5076833
-2.7602558
-6.1155834
-2.7602558
-2.7602558
-2.7602558
-5.718334
-4.920169
-2.7602558
-5.2029443
-5.9348183
-5.6785083
-5.886589
-6.4697857
-4.920169
-5.296853
-5.7246413
-4.7451134
-5.9348183
-5.7168217
-1.2628695
-3.5163383
-6.1990705
-5.91022
-5.718334
-6.1990705
-4.5835314
-5.5611053
-3.3916497
-4.232131
-3.6788476
-6.1990705
-5.777278
-6.1990705
-6.04153
-4.7693377
-5.828537
-6.04153
-5.718334
-5.9348183
-5.6076956
-3.3842068
-4.610543
-4.0545
-6.04153
-5.187105
-5.2029443
-3.3842068
-2.7602558
-5.014654
-4.813353
-6.071141
-5.68717
-5.9348183
-2.9170277
-6.1155834
-5.886589
-4.938692
-5.9348183
-5.951422
-5.958043
-5.6755657
-6.7175035
-5.2029443
-2.1555452
-5.515951
-5.68717
-5.7590528
-5.080369
-6.04153
-5.9366174
-6.1990705
-5.6755657
-1.2628695
-6.1990705
-6.1990705
-6.228681
-5.768536
-4.5835314
-4.536529
-2.7602558
-3.1719337
-5.748208
-5.3527784
-1.2628695
-3.1727571
-4.536529
-3.0084693
-6.1990705
-5.9348183
-5.886589
-5.2029443
-5.748208
-6.1155834
-6.1990705
-3.254217
-3.6788476
-1.2628695
-6.1990705
-6.1155834
-5.7590528
-6.1155834
-6.5526805
-6.4697857
-4.759579
-6.1990705
-5.4256372
-6.228681
-6.177722
-3.1043303
-5.6755657
-5.455332
-5.9348183
-5.400642
-6.1990705
-6.228681
-6.1990705
-6.1155834
-5.1712294
-6.228681
-1.4971118
-5.748208
-2.10114
-6.260617
-6.1155834
-5.0680757
-5.9348183
-3.1727571
-5.955969
-5.7590528
-6.228681
-5.951422
-6.0358357
-5.597226
-3.9154162
-6.1990705
-6.1990705
-6.3122454
-6.1155834
-6.5526805
-5.5094337
-3.9154162
-3.1043303
-6.39514
-6.1578684
-5.2029443
-6.1990705
-6.1155834
-6.177722
-4.7451134
-3.1727571
-5.748208
-6.1990705
-5.9348183
-6.228681
-3.1043303
-5.7590528
-6.1990705
-3.6788476
-4.6754193
-3.114657
-6.228681
-6.1990705
-4.628541
-5.6516542
-2.8791103
-6.1155834
-4.6754193
-3.9393752
-2.027422
-2.4046967
-6.7175035
-6.1990705
-3.7321
-5.1712294
-4.9134736
-5.958043
-5.296853
-5.9348183
-5.1712294
-6.39514
-5.7073812
-5.4881105
-5.9147153
-3.9154162
-3.9154162
-6.071141
-5.5592813
-4.291823
-5.02579
-5.509981
-5.9348183
-6.1155834
-6.1990705
-5.768536
-1.7650276
-6.4697857
-5.6755657
-5.9348183
-5.8782954
-6.1155834
-6.1155834
-4.814808
-3.26249
-5.768536
-6.1155834
-5.3978705
-2.1080432
-5.071496
-6.1155834
-2.1080432
-5.828537
-5.989369
-5.0358047
-5.9348183
-5.741513
-3.3662012
-2.1080432
-4.2838864
-3.5190258
-5.3885193
-6.1155834
-2.1080432
-5.2029443
-5.7341723
-4.424312
-1.6523312
-3.7051263
-4.868867
-6.5526805
-1.4971118
-5.748208
-1.6022109
-5.3885193
-2.923239
-4.232131
-1.2628695
-6.1155834
-6.1155834
-3.6919975
-6.1155834
-2.1080432
-4.938692
-6.04153
-5.9070067
-4.777632
-6.1155834
-6.1155834
-5.7590528
-5.9348183
-4.713893
-6.1990705
-5.944071
-5.867935
-0.8532937
-5.8091946
-5.741513
-1.6022109
-4.232131
-4.536529
-4.232131
-4.232131
-4.2197104
-5.1646695
-1.6022109
-5.9348183
-3.6485424
-5.899261
-5.2077966
-4.868867
-5.7178507
-5.886589
-6.4697857
-5.2450094
-2.8922038
-2.4226494
-1.2953556
-6.1990705
-6.5526805
-6.5526805
-2.2969947
-2.5328014
-5.6488976
-5.455248
-5.560794
-5.3846455
-2.461848
-2.7463124
-5.6488976
-2.6120026
-5.741513
-0.8532937
-5.955969
-5.867935
-5.867935
-3.213078
-4.232131
-2.8922038
-5.777278
-1.4344405
-6.4697857
-6.4697857
-6.1155834
-5.1557794
-5.748208
-6.4697857
-1.6022109
-5.9348183
-5.0358047
-2.882729
-6.1155834
-5.68717
-5.68717
-1.6022109
-5.1175776
-5.5611053
-6.4697857
-6.1155834
-6.4697857
-5.7590528
-5.5945253
-5.8242803
-5.597377
-5.9818206
-6.228681
-5.9818206
-2.4226494
-2.4226494
-5.327992
-6.1155834
-4.4055195
-6.3122454
-2.4226494
-2.4226494
-6.0358357
-6.1155834
-5.8242803
-5.1172657
-3.9304488
-5.944071
-5.958043
-5.7886634
-6.1155834
-2.1080432
-5.0866404
-6.1155834
-3.963006
-4.915215
-2.1080432
-1.4971118
-6.4697857
-2.1080432
-5.071496
-3.3496456
-5.9348183
-5.8091946
-6.0358357
-4.9811554
-3.3916497
-5.9348183
-5.4948006
-6.1155834
-5.958043
-6.5526805
-5.7590528
-5.955969
-1.2628695
-6.1155834
-5.6963525
-6.5526805
-5.431648
-6.1990705
-3.4464915
-6.1990705
-2.1080432
-3.6504192
-6.1990705
-3.3637955
-3.008678
-2.1080432
-2.1080432
-2.1080432
-4.232131
-4.232131
-2.0829158
-5.8242803
-6.1155834
-5.597377
-5.2450094
-6.4697857
-2.1080432
-5.2029443
-5.7881875
-6.1155834
-2.4226494
-2.4226494
-5.8091946
-2.1080432
-2.4226494
-5.0680757
-2.8922038
-6.1155834
-5.867935
-4.4055195
-3.9726048
-6.228681
-3.8175504
-6.04153
-6.0358357
-6.1155834
-4.181172
-6.4697857
-1.3195608
-5.6516542
-1.2628695
-5.886589
-6.1990705
-5.828537
-1.4344405
-5.2392664
-6.1155834
-3.9361925
-5.597377
-6.147399
-4.232131
-4.6307087
-6.3122454
-5.9348183
-2.4226494
-5.91022
-6.1155834
-1.6022109
-6.5526805
-6.5526805
-2.1080432
-5.2392664
-6.1155834
-6.071141
-5.9818206
-5.9348183
-5.560794
-5.2029443
-5.9348183
-5.777278
-4.7612286
-1.4971118
-6.228681
-4.232131
-5.9348183
-5.2392664
-5.9348183
-0.6502937
-0.6502937
-5.958043
-3.0084693
-5.19134
-5.748208
-5.9348183
-6.5526805
-4.366116
-4.232131
-5.3364162
-2.995824
-2.563126
-4.232131
-5.0582786
-6.4697857
-5.6755657
-3.1415832
-5.1592956
-6.0358357
-5.944071
-2.1080432
-1.2628695
-5.958043
-6.4697857
-6.1155834
-4.868867
-6.1990705
-2.147732
-5.7148423
-5.9348183
-5.9348183
-5.0582786
-6.1155834
-0.6502937
-6.4697857
-3.3916497
-3.1043303
-4.536529
-4.048891
-5.7590528
-6.1155834
-6.1990705
-5.9348183
-5.5825124
-2.563126
-5.3081903
-2.77133
-5.0582786
-2.4226494
-3.4076753
-3.1727571
-5.6755657
-4.975014
-6.3122454
-5.9348183
-5.7073812
-1.2628695
-5.014188
-6.04153
-6.228681
-4.6307087
-5.981033
-2.4226494
-6.1990705
-6.1990705
-6.1990705
-1.2628695
-6.4697857
-5.3826404
-5.9348183
-6.1990705
-6.04153
-5.6785083
-3.2232635
-5.9348183
-5.071496
-4.6787434
-5.014188
-5.3225307
-5.8242803
-5.8242803
-3.5190258
-5.8242803
-6.1155834
-5.7341723
-6.1990705
-5.9818206
-5.0358047
-6.1155834
-6.1155834
-6.1990705
-5.7290487
-6.1155834
-2.956231
-5.590716
-5.590716
-6.1990705
-6.3122454
-5.6755657
-6.1990705
-6.1990705
-5.125304
-5.944071
-1.4383837
-5.6755657
-6.1990705
-3.6919975
-5.9348183
-1.8681747
-3.6485424
-6.1990705
-3.6919975
-5.9348183
-5.327992
-3.6919975
-1.4971118
-5.327992
-6.1155834
-5.6709967
-6.1990705
-5.958043
-2.7602558
-5.8242803
-5.3844357
-5.748208
-5.777278
-5.9818206
-2.147732
-5.9818206
-3.6919975
-5.7073812
-5.9818206
-6.228681
-5.3844357
-2.147732
-5.517721
-5.1980352
-5.2875443
-6.1155834
-5.8997507
-5.8242803
-6.1990705
-3.6919975
-5.9348183
-5.951422
-1.2628695
-5.9348183
-4.707037
-3.6788476
-6.4697857
-1.2628695
-6.228681
-5.8242803
-6.1155834
-5.7073812
-6.1155834
-6.1155834
-5.8242803
-2.7602558
-5.071496
-5.9348183
-2.4187133
-4.6307087
-5.4948006
-5.4948006
-6.1990705
-5.9070067
-6.39514
-5.777278
-5.748208
-2.5142355
-6.1155834
-4.875019
-5.91022
-6.4697857
-5.958043
-5.1383114
-5.9818206
-6.1155834
-1.2628695
-4.536529
-5.517131
-1.2628695
-4.2001863
-3.6919975
-1.2953556
-6.1990705
-6.1155834
-5.8235197
-5.867935
-4.6307087
-1.5833067
-6.4697857
-3.3751733
-6.1155834
-6.39514
-6.1155834
-6.4697857
-6.4697857
-5.741513
-6.260617
-5.0358047
-6.1990705
-6.3122454
-5.0788565
-6.1155834
-2.6317625
-1.6436781
-1.3195608
-4.2001863
-5.741513
-3.6747546
-3.6747546
-6.1990705
-6.1155834
-5.327992
-5.7590528
-2.7982852
-5.327992
-6.1990705
-3.6485424
-6.1155834
-5.91022
-5.3844357
-3.7421455
-6.1155834
-6.1990705
-6.1155834
-5.748208
-5.071496
-6.1155834
-6.1155834
-1.7491041
-6.1155834
-5.4256372
-5.3225307
-5.327992
-5.327992
-5.9348183
-5.405796
-3.6919975
-2.2530468
-2.147732
-2.147732
-5.899261
-3.242675
-5.8242803
-6.1155834
-4.232131
-6.228681
-5.8235197
-5.327992
-4.938692
-6.1155834
-5.7073812
-1.3195608
-6.1990705
-5.638941
-6.1155834
-2.644661
-5.886589
-6.4697857
-5.7073812
-5.6755657
-5.8242803
-5.9070067
-2.995824
-5.9348183
-6.5526805
-4.0031605
-5.5839725
-5.8235197
-1.7969531
-5.9348183
-5.9147153
-5.7590528
-6.1990705
-5.9348183
-5.3710313
-4.928194
-5.517721
-5.741513
-3.003095
-1.2628695
-5.7068915
-5.8242803
-5.8091946
-5.6076956
-5.3844357
-5.7068915
-2.027422
-6.1155834
-5.8242803
-5.7341723
-6.1155834
-5.6755657
-6.1155834
-6.1155834
-5.632516
-5.9818206
-3.6919975
-4.5835314
-3.6919975
-6.1990705
-5.327992
-6.5526805
-4.774165
-5.7073812
-4.1418486
-5.0582786
-5.6755657
-3.677875
-5.405796
-4.5148077
-4.2838864
-4.5251374
-3.2162468
-5.958043
-2.4187133
-4.713893
-4.536529
-6.4697857
-4.6307087
-6.1155834
-2.027422
-2.3788419
-3.6788476
-5.7168217
-5.6755657
-3.6919975
-3.9154162
-3.6919975
-6.1990705
-3.6919975
-6.1155834
-3.6990483
-5.944071
-5.9348183
-6.1155834
-5.3844357
-6.1155834
-5.9348183
-5.9348183
-6.1990705
-6.4697857
-3.8175504
-3.70829
-2.5899796
-6.1990705
-5.9348183
-3.671127
-5.3846455
-3.0084693
-1.2628695
-6.1990705
-2.5524285
-6.1155834
-5.3844357
-5.7984285
-6.1155834
-5.2029443
-1.2628695
-6.5526805
-5.9070067
-5.7290487
-5.2029443
-6.0358357
-5.9348183
-6.1155834
-4.232131
-4.777632
-6.228681
-6.4697857
-5.327992
-5.9818206
-5.9818206
-2.5524285
-5.6755657
-5.9818206
-5.955969
-6.3122454
-5.9818206
-6.228681
-3.6919975
-6.4697857
-5.9818206
-5.955969
-3.048282
-3.1795766
-5.4764724
-6.3122454
-5.748208
-5.5611053
-2.8011355
-2.7428474
-2.6620615
-6.4697857
-5.9818206
-5.867935
-5.6488976
-5.8091946
-6.228681
-5.2083874
-5.5117455
-2.9112885
-6.1155834
-6.1155834
-2.5328014
-5.748208
-6.228681
-5.748208
-6.1155834
-5.6076956
-5.239043
-6.0358357
-6.1990705
-4.868867
-5.955969
-6.1155834
-5.777278
-5.6488976
-5.9348183
-5.4256372
-5.9818206
-5.485663
-5.0358047
-5.777278
-5.9348183
-5.91022
-5.91022
-2.0762703
-4.0031605
-5.327992
-6.1990705
-6.1155834
-5.8318205
-6.1990705
-5.327992
-5.327992
-6.1990705
-1.2628695
-6.1155834
-3.8175504
-6.5526805
-6.4697857
-6.1155834
-5.9348183
-5.431648
-5.3844357
-5.951422
-5.777278
-3.0084693
-5.9818206
-5.4465714
-5.958043
-6.1155834
-6.1155834
-5.68717
-5.9818206
-5.9348183
-3.0084693
-4.536529
-4.8845177
-5.958043
-1.2628695
-5.958043
-5.3844357
-6.1155834
-3.9663517
-6.4697857
-2.2520998
-6.4697857
-5.352141
-6.04153
-6.2221375
-4.5251374
-5.91022
-5.8242803
-4.9680796
-4.536529
-4.1935277
-6.0358357
-6.5526805
-6.228681
-5.91022
-6.1155834
-6.1990705
-1.2628695
-3.451337
-5.6785083
-6.147399
-6.1990705
-6.5526805
-5.467194
-1.2628695
-3.3599308
-2.147732
-6.1990705
-6.1990705
-5.9348183
-5.68717
-5.958043
-6.000328
-5.9348183
-6.4697857
-1.2628695
-0.8532937
-5.3844357
-5.9348183
-3.6599903
-5.9348183
-5.9818206
-5.9348183
-5.0358047
-6.7175035
-4.6307087
-3.2888055
-5.0358047
-6.1990705
-3.199545
-5.748208
-6.000328
-1.2628695
-6.04153
-6.04153
-4.232131
-5.383777
-5.777278
-5.646269
-2.5122635
-5.327992
-6.1990705
-3.930941
-5.8997507
-1.2628695
-5.8318205
-1.2953556
-6.4697857
-5.9348183
-6.1990705
-6.1155834
-5.8997507
-6.147399
-1.2628695
-4.536529
-5.748208
-6.1990705
-6.04153
-6.147399
-5.3844357
-6.04153
-6.7175035
-6.7175035
-6.2221375
-5.958043
-5.8242803
-6.4697857
-5.455332
-3.199545
-5.9348183
-6.1155834
-6.1990705
-5.8242803
-5.951422
-5.777278
-3.2603414
-3.3496456
-4.536529
-5.327992
-5.958043
-5.8235197
-5.8235197
-6.228681
-6.147399
-3.70829
-5.1092777
-5.748208
-4.5835314
-3.473727
-6.1155834
-5.519903
-4.112974
-3.0084693
-5.944071
-4.9747753
-5.5611053
-6.4697857
-3.0084693
-6.04153
-6.000328
-1.2628695
-6.147399
-5.7083206
-5.777278
-3.3591514
-6.4697857
-5.958043
-4.6611934
-3.4242556
-6.4697857
-6.7175035
-5.0358047
-6.4697857
-5.9348183
-6.1673307
-6.1990705
-6.1155834
-6.1990705
-6.39514
-2.147732
-2.4187133
-4.875019
-6.04153
-5.9348183
-6.1155834
-4.480679
-4.610543
-5.327992
-1.2628695
-1.2628695
-1.2628695
-5.7341723
-5.68717
-5.383777
-6.2221375
-5.125304
-6.228681
-5.0794287
-6.1155834
-6.1990705
-6.228681
-3.2162468
-5.6755657
-5.383777
-5.5654106
-5.867935
-5.106779
-5.9348183
-5.327992
-4.2001863
-6.1990705
-6.1990705
-6.1990705
