3
1
1
2
5
4
8
12
6
5
10
9
9
6
2
3
5
4
2
2
1
4
11
11
4
11
2
7
9
5
1
6
7
2
8
11
2
10
3
14
5
5
1
3
3
6
10
4
2
3
2
1
3
11
2
12
0
8
3
3
5
5
5
1
3
2
2
14
5
4
1
7
3
6
6
4
6
1
10
12
5
3
12
2
13
2
12
3
6
5
10
1
1
5
5
19
12
5
6
1
6
6
3
3
2
0
5
2
7
2
8
5
2
6
1
1
5
14
3
3
4
16
1
22
2
2
1
4
2
4
5
1
8
14
11
20
1
7
6
4
12
14
16
4
1
4
4
16
5
4
3
20
5
10
1
4
15
4
7
5
2
5
2
6
20
2
18
10
5
9
2
4
1
12
2
10
4
4
4
7
1
10
3
1
16
11
5
2
4
2
19
6
2
3
10
4
4
7
9
4
18
1
3
9
18
5
3
0
8
5
4
6
1
3
5
6
3
7
7
10
4
2
1
13
9
1
4
8
13
1
1
1
4
6
2
1
9
4
14
5
4
2
7
2
9
3
2
2
0
6
1
4
1
4
7
7
3
2
2
16
6
3
1
6
11
5
2
1
7
2
5
5
3
4
1
4
8
7
1
17
6
2
19
12
13
3
15
13
1
3
25
1
2
1
5
1
5
1
9
8
1
2
1
1
1
4
5
3
3
5
7
1
16
2
1
5
6
5
7
10
13
2
3
2
3
7
11
4
8
3
5
6
8
8
6
2
1
12
8
2
8
4
14
3
6
7
6
26
1
4
6
13
3
2
5
2
6
7
16
24
5
17
1
7
4
0
4
7
6
6
4
4
3
3
15
8
5
6
2
7
3
13
4
2
2
0
5
7
4
7
4
15
1
6
5
3
5
7
2
15
3
6
1
2
4
4
1
4
8
1
0
5
7
2
4
11
4
6
4
6
5
4
8
5
4
2
4
3
10
16
5
6
8
9
6
13
2
2
2
4
9
2
7
5
5
9
15
18
5
5
5
6
14
3
5
9
6
5
3
5
2
4
1
8
5
4
7
6
6
7
4
5
2
6
10
4
3
23
6
7
15
11
7
2
8
3
4
3
4
2
10
2
1
6
2
5
4
9
1
3
4
12
6
10
8
10
3
7
4
3
11
3
2
4
4
3
0
8
7
9
6
6
4
2
2
3
4
14
7
2
4
3
4
2
6
9
4
3
5
3
7
15
7
2
1
2
13
1
2
14
2
8
1
14
4
4
12
2
5
3
13
6
6
20
5
6
5
2
3
6
2
1
9
1
8
2
11
6
1
5
15
2
16
4
0
6
4
7
3
1
2
2
3
7
8
2
4
3
3
3
4
4
3
2
19
7
3
9
5
2
6
7
9
11
4
2
6
3
4
2
18
7
10
3
4
8
0
10
2
3
6
2
3
11
10
1
1
2
5
6
2
4
8
15
9
7
2
6
16
2
1
16
9
2
10
1
7
5
6
3
2
6
8
2
1
4
4
2
1
4
2
1
11
0
1
8
1
2
3
2
2
4
2
1
1
15
4
3
1
1
5
2
1
5
6
0
1
8
6
4
2
10
3
15
13
3
5
12
1
2
5
6
11
3
3
3
1
5
6
7
3
9
11
3
6
3
10
2
5
7
3
3
7
7
21
3
4
7
1
2
10
5
3
4
1
3
10
21
6
2
9
8
2
4
6
3
10
4
4
1
4
10
3
8
6
1
7
8
15
5
4
12
2
3
1
1
1
6
5
5
2
6
1
2
1
5
14
3
7
11
7
3
6
9
2
5
2
1
2
3
5
3
2
6
5
3
8
2
2
16
7
4
3
8
6
9
10
6
2
11
5
15
19
2
4
6
10
5
6
7
11
6
2
8
7
11
2
2
4
2
1
10
13
6
3
6
10
20
17
4
7
3
2
12
6
1
2
5
6
8
7
4
1
6
2
7
2
3
0
2
7
8
1
1
2
6
5
4
6
1
8
4
5
9
7
4
4
5
3
8
4
4
18
5
5
4
2
3
2
1
3
15
3
5
9
2
2
13
8
5
16
2
2
6
4
3
8
2
13
4
1
5
6
2
7
4
13
7
6
8
8
4
2
8
8
9
3
10
0
0
12
2
2
5
6
9
3
6
6
17
2
3
4
3
2
4
18
1
4
4
5
10
6
5
3
6
2
10
7
7
6
7
5
3
3
1
16
2
3
8
1
5
1
7
4
2
9
11
11
2
5
13
4
4
11
9
2
10
4
5
2
5
1
1
12
5
3
1
2
4
10
12
8
21
4
4
8
1
9
3
3
3
4
2
11
8
4
2
1
5
16
3
4
3
1
3
6
6
5
4
3
5
2
1
4
12
2
6
1
5
6
7
10
2
8
2
6
1
5
3
5
3
3
1
1
3
5
4
1
5
4
3
1
5
1
3
1
2
3
2
4
7
3
2
7
12
3
14
4
5
1
12
2
15
2
8
3
19
13
2
5
4
8
3
4
2
5
11
3
5
2
1
6
2
3
4
7
5
0
4
7
3
1
2
5
0
2
1
