7.231282653411247
5.682589534174535
11.721628572628632
10.891617706594586
3.774669967840998
7.744649697386278
10.173651337828582
12.022346549150688
14.489830620209766
12.274317244805
3.774669967840998
6.95619717725742
3.774669967840998
9.38930194902854
6.372744458969506
9.632704529750956
3.04312077096989
3.774669967840998
6.918216714451683
5.579625938576497
9.469221234621884
8.4558497749234
7.531062657872501
15.123596574387271
8.679321176927902
3.774669967840998
7.231282653411247
9.844831338195215
5.579625938576497
3.04312077096989
11.260170160243264
6.95619717725742
9.632704529750956
5.352258381454507
9.632704529750956
10.847134374383604
3.774669967840998
10.034161411472475
6.918216714451683
3.774669967840998
6.31199790469147
5.352258381454507
10.793508151379424
6.190783551477229
7.397710137242421
6.199451867516285
12.31678615359236
14.509010067963011
14.509010067963011
3.926062938617014
5.352258381454507
3.04312077096989
5.579625938576497
10.034161411472475
9.952411460170536
7.977542606866661
10.891617706594586
13.066682436068438
9.010401381751333
6.918216714451683
3.774669967840998
7.37399014799285
9.44782536774044
7.231282653411247
12.355910159392495
11.38975993530756
3.04312077096989
10.847134374383604
7.231282653411247
6.31199790469147
11.721628572628632
9.844831338195215
6.95619717725742
6.199451867516285
3.04312077096989
3.04312077096989
10.860991037812154
4.7784760446253065
3.774669967840998
10.891617706594586
10.46231734393236
10.72451090246163
6.95619717725742
14.509010067963011
6.199451867516285
3.04312077096989
9.781883064583555
3.04312077096989
9.632704529750956
6.577048163268369
11.492226615424853
9.740169601532472
4.178039923348082
9.892435232491124
3.774669967840998
12.527992709800639
7.135289445266462
8.910634126909208
3.04312077096989
3.04312077096989
3.926062938617014
3.04312077096989
3.774669967840998
7.675232591626707
10.891617706594586
15.298681962399185
6.95619717725742
9.585749456782404
9.069017074298428
3.04312077096989
8.897150131348653
26.59829043687294
3.774669967840998
14.481704957844302
9.478620812750872
5.579625938576497
6.95619717725742
8.62869284070913
8.283452558223622
9.77779464632159
6.372744458969506
11.056525976033493
11.41117564123278
4.178039923348082
3.04312077096989
10.923066944856323
10.84577094265194
5.579625938576497
3.774669967840998
8.829273030830064
13.621290460763543
16.38753879715731
6.190783551477229
8.259436424351902
9.469221234621884
6.853003899250349
8.897150131348653
5.352258381454507
5.352258381454507
9.75107070537151
10.949169504670344
11.131643172455359
9.135626265160603
12.964559582531567
8.4558497749234
9.44782536774044
7.675232591626707
6.372744458969506
9.632704529750956
6.475817397475941
3.774669967840998
6.199451867516285
9.45083379497979
5.352258381454507
11.721628572628632
16.595455410836113
3.04312077096989
3.774669967840998
6.475817397475941
9.632212017273488
5.506345552105647
7.231282653411247
7.231282653411247
5.352258381454507
10.847134374383604
3.04312077096989
8.897150131348653
15.631403351424446
12.31678615359236
3.774669967840998
6.43958450363465
12.31678615359236
9.892435232491124
7.231282653411247
10.439027123144518
10.754571370274236
12.552229426538142
5.579625938576497
9.469221234621884
6.190783551477229
6.38435772136177
8.04884993144241
3.04312077096989
3.04312077096989
3.04312077096989
6.190783551477229
5.506345552105647
4.7784760446253065
7.675232591626707
11.172837693641485
5.579625938576497
6.372744458969506
8.48880345153091
9.548081651063798
6.577048163268369
8.302732831341439
13.31696113442236
10.034161411472475
10.754571370274236
3.774669967840998
8.598153911516079
15.903078140415872
3.04312077096989
11.950066427289858
12.022346549150688
7.231282653411247
3.04312077096989
12.36113307023926
3.04312077096989
6.918216714451683
5.579625938576497
3.926062938617014
3.926062938617014
10.590203978837792
11.38975993530756
7.231282653411247
9.469221234621884
3.04312077096989
3.04312077096989
6.95619717725742
3.04312077096989
7.231282653411247
5.234755688110005
3.04312077096989
6.190783551477229
9.493416588016576
6.95619717725742
12.527992709800639
10.847134374383604
5.414176916216543
4.178039923348082
4.7784760446253065
8.944445868801909
9.863686724313308
11.086012456761184
6.190783551477229
10.645664889375004
9.469221234621884
9.632704529750956
7.978985376227564
6.918216714451683
9.493416588016576
3.04312077096989
5.682589534174535
6.199451867516285
5.4112555427988935
10.923066944856323
10.793508151379424
15.055825587325415
5.579625938576497
9.632704529750956
3.04312077096989
5.506345552105647
9.469221234621884
10.24012812167833
9.469221234621884
4.178039923348082
9.632704529750956
10.793508151379424
8.897150131348653
7.675232591626707
8.14130340527483
9.632704529750956
6.372744458969506
6.7632939389228435
9.844831338195215
6.43958450363465
8.897150131348653
11.704231871765217
7.471862808060137
10.590203978837792
9.632704529750956
9.469221234621884
11.721628572628632
8.897150131348653
9.632704529750956
10.028181071671183
9.469221234621884
9.082082037865094
7.675232591626707
12.672520183852571
7.238959190343801
6.95619717725742
5.352258381454507
4.178039923348082
4.178039923348082
7.744649697386278
6.827711055995428
6.95619717725742
3.774669967840998
3.04312077096989
5.069667920829799
10.974317680145882
10.754571370274236
6.95619717725742
3.926062938617014
7.37399014799285
6.706934080770317
3.04312077096989
3.04312077096989
6.190783551477229
8.897150131348653
9.469221234621884
9.469221234621884
3.04312077096989
3.04312077096989
8.64681847014489
3.04312077096989
11.721628572628632
3.04312077096989
11.387378116358239
8.897150131348653
6.827711055995428
9.419185165474126
18.81090841038824
26.59829043687294
6.199451867516285
7.977542606866661
4.7784760446253065
12.022346549150688
3.04312077096989
7.231282653411247
13.876727066103639
7.231282653411247
11.545498418634988
12.08514926397784
6.190783551477229
8.897150131348653
10.197395891794903
12.030469850285499
7.231282653411247
4.178039923348082
12.558258077817177
8.897150131348653
8.804679661734735
8.897150131348653
4.7784760446253065
8.40746827718783
11.721628572628632
10.691911621520804
7.231282653411247
10.477523656559146
9.68312642504317
3.04312077096989
14.00612580278244
6.918216714451683
5.343549859590457
8.598153911516079
8.897150131348653
6.31199790469147
6.190783551477229
3.926062938617014
11.60688005919818
6.95619717725742
5.234755688110005
9.632704529750956
9.064270120255166
7.067411392053711
9.205949369319391
8.897150131348653
13.863756592525462
3.04312077096989
3.04312077096989
7.432685285337367
7.385502170691941
6.190783551477229
6.199451867516285
14.509010067963011
6.108566608287452
5.234755688110005
3.04312077096989
10.923066944856323
6.199451867516285
5.682589534174535
6.190783551477229
6.918216714451683
7.572505435756812
6.372744458969506
5.9263112585466216
9.703132420792418
3.04312077096989
13.317167587885326
8.972857419728609
9.212819724504676
5.352258381454507
9.348229026851048
8.536559479495772
7.37399014799285
3.04312077096989
6.372744458969506
10.140761936236522
11.17392853847429
6.95619717725742
11.193664272780493
4.178039923348082
5.234755688110005
5.506345552105647
9.677165970376565
9.632704529750956
6.728382880953812
3.04312077096989
9.892435232491124
4.7784760446253065
10.140761936236522
3.04312077096989
4.7784760446253065
5.506345552105647
6.372744458969506
13.317167587885326
3.04312077096989
6.190783551477229
5.343549859590457
3.04312077096989
14.730779208783254
13.317167587885326
9.091064624479943
18.166219498873538
6.638341825999544
9.697669531203491
3.926062938617014
6.6804624565515205
9.677165970376565
8.64681847014489
12.15790672112647
8.944445868801909
7.616316814944299
3.04312077096989
4.178039923348082
7.135289445266462
10.770333607036935
5.343549859590457
3.04312077096989
11.139905256154222
6.827711055995428
18.343241534120644
9.8561495899371
13.54926148473304
10.140761936236522
7.744649697386278
6.190783551477229
10.629924900852108
7.118517208795783
10.384190483432825
9.65250722817631
5.352258381454507
7.81213015839687
11.177953583654011
10.046785835869521
8.897150131348653
11.950066427289858
6.199451867516285
3.926062938617014
11.711095582765356
8.897150131348653
5.343549859590457
8.897150131348653
6.31199790469147
3.04312077096989
16.511814882999698
11.266367318487012
6.43958450363465
4.7784760446253065
3.926062938617014
10.923066944856323
7.37399014799285
7.325693280199207
7.531062657872501
6.739791752055841
11.483374084138122
11.12389411386769
3.774669967840998
16.510233855002376
8.897150131348653
8.897150131348653
3.774669967840998
7.452945696241146
10.590529318174946
9.256310124964127
11.816808331993297
11.894613350804702
5.579625938576497
10.847134374383604
6.190783551477229
14.509010067963011
7.744649697386278
12.552229426538142
12.08649014135748
9.863686724313308
4.178039923348082
8.172235629103982
12.08649014135748
9.632704529750956
10.028181071671183
14.329900485277903
11.383448865420457
12.403646425887455
9.68312642504317
12.022346549150688
4.7784760446253065
12.403646425887455
6.190783551477229
6.475817397475941
3.04312077096989
6.95619717725742
3.04312077096989
9.256310124964127
6.475817397475941
10.173651337828582
6.95619717725742
7.385502170691941
7.81213015839687
3.04312077096989
9.952411460170536
3.04312077096989
9.68312642504317
8.409799072149095
6.190783551477229
10.97103511932978
10.034161411472475
12.600509156740102
3.04312077096989
11.606701121299027
5.343549859590457
9.764788096703956
12.550078152832358
5.343549859590457
6.929064615807191
26.59829043687294
5.343549859590457
5.9263112585466216
6.372744458969506
14.509010067963011
12.900205103587032
6.918216714451683
6.190783551477229
9.725073776480501
10.923066944856323
9.500749327405023
6.577048163268369
9.726925133123654
10.232077451785994
9.696832839697613
9.374940139960692
10.218073166267617
8.897150131348653
3.04312077096989
8.944445868801909
8.561220735254443
9.133360144507803
3.774669967840998
10.97103511932978
3.926062938617014
8.965332884852453
9.571926145143376
9.632704529750956
8.153010040748448
3.04312077096989
11.424012687693608
3.04312077096989
8.821400260249844
6.918216714451683
3.04312077096989
10.847134374383604
10.754571370274236
10.854359647810318
6.577048163268369
10.4308508703319
6.372744458969506
8.468186457620998
3.04312077096989
10.416317014273925
4.7784760446253065
9.01354069814625
3.04312077096989
6.739791752055841
11.67487919458978
12.984164384628308
13.705133955762953
6.95619717725742
10.691911621520804
9.89939558770806
6.95619717725742
17.70320890511877
10.72451090246163
6.372744458969506
8.131805439291291
6.4548111671177475
6.108566608287452
3.774669967840998
8.821400260249844
6.475817397475941
4.7784760446253065
3.04312077096989
3.04312077096989
3.926062938617014
8.725254568989882
14.509010067963011
9.593034536424057
6.739791752055841
10.173651337828582
10.979526880731427
6.372744458969506
7.231282653411247
13.408704019877261
7.319944506597962
12.32670847901187
7.385502170691941
10.901835008705712
3.04312077096989
13.609778503304058
3.04312077096989
7.732037924482661
8.259436424351902
12.022346549150688
6.372744458969506
6.43958450363465
6.108566608287452
3.04312077096989
5.234755688110005
6.190783551477229
6.199451867516285
3.04312077096989
10.162624135506196
3.774669967840998
10.847134374383604
6.706934080770317
6.190783551477229
9.38930194902854
9.68312642504317
7.710473909516422
17.099393375034314
10.97103511932978
7.710473909516422
3.04312077096989
3.774669967840998
3.04312077096989
7.675232591626707
7.977542606866661
9.419185165474126
9.469221234621884
12.274317244805
6.190783551477229
12.403646425887455
10.901835008705712
6.372744458969506
12.469227594825588
3.04312077096989
10.923066944856323
10.847134374383604
9.632704529750956
9.632704529750956
10.034161411472475
12.984164384628308
3.04312077096989
5.352258381454507
8.965332884852453
9.546610060933519
6.190783551477229
7.231282653411247
10.384190483432825
8.965332884852453
7.135289445266462
3.774669967840998
8.345941413412914
6.190783551477229
14.509010067963011
3.926062938617014
13.346804119809269
9.305452449437864
8.920607671923676
3.04312077096989
8.14130340527483
9.978455114684394
9.677165970376565
9.677165970376565
9.432441324625012
3.04312077096989
12.022346549150688
6.95619717725742
6.372744458969506
6.95619717725742
3.774669967840998
10.97103511932978
6.89753475788315
5.682589534174535
7.231282653411247
6.577048163268369
9.014113426735186
4.7784760446253065
4.7784760446253065
3.04312077096989
5.343549859590457
7.866157652896658
9.632704529750956
3.04312077096989
6.190783551477229
6.43958450363465
12.443880589963182
3.774669967840998
8.827580915706983
11.056525976033493
6.190783551477229
7.231282653411247
10.173651337828582
3.04312077096989
13.970725146490762
3.04312077096989
8.944445868801909
4.7784760446253065
8.56927275893442
10.847134374383604
6.31199790469147
8.138978451548573
8.302732831341439
5.343549859590457
5.682589534174535
7.452945696241146
21.738478032511267
5.343549859590457
10.173651337828582
9.632704529750956
12.371398307636973
11.302718573614781
7.572505435756812
3.04312077096989
11.278414745754695
8.910634126909208
14.489830620209766
11.139919763001211
9.011423305783392
9.863686724313308
3.04312077096989
6.372744458969506
9.078795604148551
10.72451090246163
14.509010067963011
7.452945696241146
7.135289445266462
9.469221234621884
6.199451867516285
12.054611656868984
11.656994803793122
10.173651337828582
9.945308261241196
4.7784760446253065
9.677165970376565
11.721628572628632
11.139085671061217
9.392253699198159
14.731712591309742
8.910634126909208
7.45259947855135
6.190783551477229
13.171976538757116
10.158402633530685
3.04312077096989
7.756290455000915
5.85091833383782
14.509010067963011
4.7784760446253065
6.199451867516285
8.897150131348653
12.371398307636973
5.579625938576497
3.04312077096989
7.231282653411247
10.894188660777159
6.95619717725742
5.234755688110005
3.04312077096989
8.897150131348653
3.04312077096989
10.237321002081531
5.343549859590457
10.162624135506196
8.947808645132536
8.283452558223622
13.203773939484469
10.708933586481818
8.598153911516079
7.231282653411247
6.31199790469147
7.118517208795783
9.477016774750636
6.4548111671177475
7.385502170691941
7.881740486698771
6.43958450363465
9.952411460170536
6.199451867516285
5.341259592456189
5.341259592456189
8.74639396827841
9.290171393819112
14.509010067963011
9.430727924514404
9.63905208686983
11.37290181249182
9.838602776134117
6.89753475788315
11.894613350804702
3.926062938617014
3.04312077096989
5.343549859590457
6.95619717725742
3.926062938617014
5.352258381454507
9.415425395469924
10.84577094265194
5.234755688110005
5.352258381454507
6.703831214070568
5.352258381454507
7.231282653411247
9.8561495899371
6.372744458969506
9.202907079546229
10.560309996216407
10.775151789960614
5.343549859590457
9.77779464632159
5.9263112585466216
6.827711055995428
3.926062938617014
5.343549859590457
3.04312077096989
3.926062938617014
8.910634126909208
10.56710042304036
8.897150131348653
6.31199790469147
6.95619717725742
9.632704529750956
9.863686724313308
6.31199790469147
10.72351629995454
10.292572718347492
3.04312077096989
3.04312077096989
3.04312077096989
10.89147753372001
3.04312077096989
6.924256018926057
9.418762451498816
6.95619717725742
6.31199790469147
3.04312077096989
5.579625938576497
3.04312077096989
5.579625938576497
3.04312077096989
10.173651337828582
11.894613350804702
7.01593710013953
5.352258381454507
10.173651337828582
9.430727924514404
5.4112555427988935
10.97103511932978
5.343549859590457
6.577048163268369
12.054611656868984
13.48743906910756
6.372744458969506
10.84577094265194
6.577048163268369
6.985968661310854
12.022346549150688
9.677165970376565
9.797545869796037
11.110040272392336
13.897408750990602
11.829514030269621
9.77779464632159
9.856220528764286
3.04312077096989
4.178039923348082
5.343549859590457
10.770333607036935
6.95619717725742
6.31199790469147
11.227419765578563
3.04312077096989
10.397315367051899
13.752951460532458
3.04312077096989
8.972857419728609
8.302732831341439
6.372744458969506
26.59829043687294
10.4308508703319
10.847134374383604
9.677165970376565
6.108566608287452
3.774669967840998
10.439614804677216
5.343549859590457
10.567225217631243
11.830898862071885
10.808092647777219
6.372744458969506
10.901835008705712
4.7784760446253065
10.851821959370623
13.426978812556818
14.489830620209766
13.713973610880071
9.290171393819112
3.04312077096989
10.84577094265194
3.04312077096989
10.367864009066967
10.72351629995454
5.506345552105647
6.31199790469147
9.232299387698555
14.509010067963011
10.84577094265194
6.924256018926057
9.419185165474126
9.784782023723988
6.918216714451683
6.199451867516285
5.343549859590457
3.04312077096989
14.509010067963011
12.64370077831255
3.926062938617014
6.372744458969506
7.067411392053711
7.710473909516422
5.352258381454507
16.035031531600588
9.632704529750956
9.677165970376565
9.419185165474126
11.39933607677433
11.283468488184223
9.348229026851048
5.9263112585466216
7.744649697386278
10.923066944856323
9.952411460170536
6.199451867516285
10.237636917981181
11.723112528090008
3.04312077096989
11.55130271135364
17.645943893646713
3.04312077096989
3.04312077096989
7.79981053556152
6.199451867516285
11.514762706768803
3.774669967840998
10.535177086853725
6.7632939389228435
6.43958450363465
13.386572762593852
8.693267573254934
4.178039923348082
3.774669967840998
8.716907118926729
11.302718573614781
14.509010067963011
10.56710042304036
7.799801180330197
11.17392853847429
10.567225217631243
6.31199790469147
3.04312077096989
12.274317244805
12.274317244805
11.894613350804702
3.926062938617014
6.190783551477229
9.550268048391306
6.372744458969506
9.632704529750956
9.632704529750956
11.721628572628632
3.774669967840998
10.754571370274236
8.74130720727892
8.345512737848548
3.04312077096989
3.774669967840998
12.022346549150688
10.949169504670344
9.863686724313308
9.677165970376565
10.007414141148269
5.352258381454507
10.5476014161477
15.123596574387271
8.14130340527483
3.926062938617014
3.04312077096989
8.897150131348653
26.59829043687294
12.86930337493157
6.372744458969506
12.86930337493157
9.645592792346097
5.682589534174535
4.178039923348082
7.231282653411247
10.714692047358202
7.231282653411247
10.754571370274236
10.034161411472475
9.68312642504317
6.918216714451683
8.897150131348653
6.827711055995428
3.774669967840998
15.26469500776071
8.897150131348653
7.231282653411247
14.509010067963011
17.15795007278606
3.926062938617014
8.345512737848548
14.418253805893608
7.866157652896658
3.774669967840998
3.774669967840998
9.952411460170536
11.833600361366567
9.493416588016576
11.139905256154222
7.824170512422432
6.190783551477229
11.395266760774913
6.739791752055841
9.469221234621884
6.199451867516285
3.04312077096989
3.774669967840998
8.716907118926729
10.560309996216407
10.46231734393236
6.918216714451683
4.7784760446253065
5.579625938576497
9.892435232491124
6.190783551477229
6.190783551477229
6.372744458969506
3.774669967840998
9.550268048391306
3.774669967840998
3.04312077096989
4.19551286332539
3.774669967840998
10.384190483432825
13.433521040178276
5.506345552105647
6.918216714451683
14.489830620209766
10.793508151379424
9.469221234621884
9.469221234621884
7.238959190343801
9.632704529750956
8.302732831341439
9.892435232491124
7.675232591626707
8.302732831341439
9.593034536424057
6.95619717725742
7.452945696241146
6.372744458969506
6.918216714451683
9.632704529750956
9.77779464632159
11.59563395580626
4.178039923348082
13.74370716315351
7.675232591626707
3.04312077096989
14.509010067963011
12.36113307023926
26.59829043687294
3.04312077096989
5.352258381454507
6.199451867516285
8.561220735254443
5.4112555427988935
6.108566608287452
4.7784760446253065
5.352258381454507
11.894613350804702
3.04312077096989
12.31678615359236
9.543272397934633
5.506345552105647
6.89753475788315
13.92156125029034
5.506345552105647
9.632212017273488
7.231282653411247
7.37399014799285
11.110040272392336
9.548081651063798
7.231282653411247
3.774669967840998
9.256310124964127
5.579625938576497
16.515026229727813
6.827711055995428
3.926062938617014
6.190783551477229
5.343549859590457
9.677165970376565
8.897150131348653
3.04312077096989
12.91691945644014
9.388517992287701
8.972857419728609
3.04312077096989
9.677165970376565
10.688638412486231
11.17126153207974
11.831532512154917
13.146890974043492
11.447749602076629
8.897150131348653
