4
4
10
9
3
6
6
6
3
8
3
4
3
2
3
7
3
3
3
2
6
4
4
16
10
3
4
10
2
3
8
4
7
2
7
7
3
5
3
3
1
2
4
3
6
3
11
5
5
2
2
3
2
5
11
5
9
11
10
3
3
3
4
4
7
10
3
7
4
1
10
10
4
3
3
3
13
2
3
9
11
7
4
5
3
3
7
3
7
2
12
8
2
12
3
10
4
4
3
3
2
3
3
5
9
9
4
5
7
3
9
25
3
16
13
2
4
4
4
13
3
7
5
2
3
10
8
2
3
7
7
21
3
7
6
8
9
2
2
7
3
13
4
16
4
4
5
3
7
1
3
3
7
2
10
14
3
3
1
5
6
4
4
2
7
3
9
5
11
3
3
11
12
4
9
11
12
2
6
3
2
7
3
3
3
3
6
2
5
15
2
3
4
11
2
5
11
5
11
3
8
19
3
5
6
4
3
13
3
3
2
2
2
7
10
4
6
3
3
4
3
4
4
3
3
8
4
10
7
2
2
2
4
8
10
3
13
6
7
5
3
8
3
4
3
2
10
4
13
2
7
3
6
6
8
6
2
7
4
9
5
8
7
3
2
10
3
9
17
7
7
7
6
10
9
7
9
6
9
5
12
3
4
2
2
2
6
4
4
3
3
3
9
11
4
2
3
4
3
3
3
9
6
6
3
3
10
3
10
3
2
9
4
5
20
5
3
5
2
6
3
4
10
4
3
3
3
9
5
14
4
2
8
9
8
9
2
6
10
9
4
8
4
3
7
3
1
8
9
1
3
2
7
4
4
7
8
1
7
9
12
3
3
4
6
3
3
5
3
4
3
10
3
4
3
3
3
3
3
2
3
18
4
6
2
5
9
3
3
3
4
9
4
8
2
4
6
11
7
2
3
12
2
4
3
2
6
3
18
3
3
1
3
10
18
3
3
5
11
2
4
11
10
11
4
4
3
2
4
10
1
3
7
4
11
11
2
4
6
3
14
1
9
8
2
5
10
6
9
5
3
2
11
9
1
9
1
3
15
6
3
2
2
10
3
5
4
4
9
10
3
11
9
9
3
3
2
5
10
10
2
7
3
5
6
12
7
8
2
5
7
7
9
11
7
7
4
6
2
7
3
1
3
4
3
5
1
6
4
6
5
3
11
3
4
2
3
9
5
9
3
9
1
8
7
1
4
25
1
3
3
5
8
3
3
7
10
6
2
4
7
4
7
6
9
3
4
4
10
3
9
2
9
5
7
1
3
5
3
8
3
3
7
11
9
2
11
3
4
3
10
2
5
3
4
10
20
17
4
9
2
4
17
7
3
1
4
3
3
8
3
2
3
3
2
13
5
8
4
6
5
3
4
11
7
10
6
10
3
9
3
5
7
6
3
3
3
3
4
3
3
3
5
3
7
4
3
2
4
1
13
9
18
3
3
3
5
5
5
6
8
3
7
10
3
13
3
10
7
7
7
5
20
3
2
9
6
3
4
9
9
4
3
5
3
5
2
15
8
2
3
8
16
11
11
9
3
6
4
3
4
3
9
4
4
4
2
10
2
2
3
1
5
7
3
3
3
7
3
8
7
3
4
6
3
14
3
4
2
7
7
1
7
5
1
4
3
31
1
6
7
11
9
3
3
11
4
3
6
5
8
3
3
3
7
5
3
4
6
3
12
7
6
3
2
11
10
10
3
13
4
4
3
16
2
3
3
4
5
2
3
9
11
2
3
4
8
4
4
3
9
3
6
1
5
8
4
15
7
8
4
1
1
6
4
6
2
3
11
3
2
2
3
8
5
5
7
9
14
4
10
2
3
1
4
2
2
8
8
4
2
5
2
4
11
3
6
9
7
1
13
3
4
2
1
3
2
4
11
9
1
4
7
8
1
2
9
3
3
3
9
3
4
4
4
1
3
2
3
2
3
6
10
4
2
6
5
2
9
1
2
12
7
3
8
2
6
6
11
7
4
12
6
13
8
3
2
1
10
4
1
5
3
2
12
3
4
5
3
22
11
7
11
3
3
6
1
6
10
9
3
10
2
6
10
3
6
8
3
8
3
11
2
6
1
11
5
8
4
5
4
3
3
1
3
5
5
2
3
1
1
2
18
7
11
5
11
5
5
3
6
10
11
3
13
9
3
9
5
3
3
5
3
3
3
7
2
3
14
2
2
3
4
9
5
11
5
9
6
1
3
8
8
10
2
3
5
3
7
7
10
3
11
4
4
3
3
6
3
8
11
6
2
5
16
8
2
3
9
11
10
3
10
7
4
2
4
10
4
11
5
4
3
9
4
3
9
9
4
5
20
2
4
18
5
3
3
11
8
8
7
5
3
12
4
6
3
3
3
4
9
11
3
2
2
12
3
3
3
3
5
3
3
1
3
9
9
6
3
3
4
6
6
3
7
5
12
5
5
8
4
3
3
3
7
13
15
2
14
5
3
5
13
5
3
2
3
4
2
3
2
2
10
3
11
4
6
4
3
6
5
4
3
4
11
4
3
4
2
11
4
2
3
1
11
9
3
9
6
4
3
11
4
3
6
10
17
9
