34
10
8
9
5
4
7
8
20
34
10
8
9
5
4
7
8
20
12
11
6
8
15
10
14
5
21
5
16
10
11
6
7
11
27
17
8
12
16
5
16
12
5
25
13
11
3
9
9
21
4
11
12
16
21
13
17
5
12
4
12
10
16
14
10
32
20
9
4
8
12
12
18
8
22
12
24
21
16
16
25
11
11
9
5
11
4
5
11
11
15
9
5
30
21
12
3
11
24
10
14
12
6
5
4
6
23
19
8
3
17
14
12
17
15
7
18
9
8
6
11
14
12
14
10
31
13
28
15
9
6
9
14
8
7
7
11
10
11
19
12
16
13
8
18
7
26
11
13
22
17
13
8
6
8
20
6
4
4
12
24
6
23
8
17
10
3
10
7
7
9
14
8
23
21
25
27
31
12
14
4
14
13
21
28
8
7
6
10
15
18
4
10
10
6
21
11
7
4
16
15
24
6
16
4
4
11
9
12
7
18
7
9
18
16
21
14
23
25
15
18
16
13
12
24
5
13
21
6
11
9
8
10
15
20
16
6
19
18
21
8
12
14
16
7
8
9
5
22
5
10
11
11
17
14
16
13
14
7
19
4
10
18
17
19
9
11
6
15
12
12
7
16
12
16
8
10
5
11
11
17
7
8
14
12
16
34
15
27
16
14
23
12
11
7
6
19
12
6
8
4
29
19
9
23
16
12
9
5
7
22
17
10
7
11
27
5
15
11
6
25
7
13
7
12
13
13
8
12
4
5
27
10
18
13
3
23
15
13
27
10
5
15
11
18
12
21
9
17
27
8
17
32
7
7
16
16
17
35
13
34
5
26
18
19
19
17
19
7
9
26
16
19
18
14
6
24
26
12
13
5
32
7
16
5
8
8
13
8
13
14
9
8
8
8
7
23
8
10
6
3
9
22
5
10
11
21
19
11
10
6
5
22
12
7
12
8
31
5
10
13
10
15
9
5
9
11
11
17
28
19
17
15
5
16
14
19
20
11
3
9
5
25
9
28
14
8
4
20
18
8
17
10
36
7
14
10
16
35
10
27
5
25
13
12
5
22
19
11
15
10
6
11
11
7
4
6
27
8
20
11
19
7
9
11
17
12
23
13
6
6
7
21
5
6
10
10
6
14
14
5
11
8
16
10
7
14
15
3
4
5
7
17
8
12
13
14
5
13
7
11
5
10
14
10
11
10
3
23
8
13
10
12
11
9
12
9
3
15
6
10
28
5
11
22
40
20
13
15
7
10
8
15
10
5
7
14
7
20
4
15
11
8
20
23
21
9
7
6
12
18
6
32
24
9
20
7
7
4
6
4
5
8
11
8
11
6
12
7
10
3
6
12
11
12
8
15
8
7
34
4
11
7
4
14
32
15
7
8
8
20
17
12
13
17
5
5
4
5
12
7
11
8
6
7
10
5
13
7
6
13
12
27
11
10
12
5
13
4
11
8
12
21
25
9
6
6
8
4
9
11
10
17
18
27
12
17
8
11
17
9
4
16
18
9
16
7
8
8
11
10
12
6
4
12
19
3
10
5
10
7
16
3
3
8
28
10
8
11
4
8
16
15
11
20
12
3
3
9
4
20
8
6
5
9
15
8
14
11
7
8
30
16
4
10
28
6
10
16
7
10
9
6
25
6
11
4
3
31
13
4
12
17
7
27
27
9
29
14
7
13
8
9
4
14
14
13
40
6
4
13
8
15
5
11
6
4
9
5
7
21
4
12
5
14
10
9
11
36
10
9
6
17
8
10
13
16
27
19
13
4
6
12
6
7
28
14
8
12
17
5
9
5
4
13
9
23
5
9
5
17
6
34
20
10
7
16
10
4
10
10
18
12
14
14
4
21
3
5
5
12
13
12
5
3
3
18
11
22
14
6
6
10
9
8
9
9
11
5
6
17
16
23
9
23
9
8
10
6
23
6
6
9
26
18
24
19
3
14
20
16
9
4
9
6
4
12
8
5
12
6
8
6
18
10
5
11
3
5
22
10
8
3
13
8
8
11
16
5
7
7
3
10
11
9
14
9
13
18
6
12
20
16
5
13
20
6
16
11
9
8
18
6
3
14
7
12
12
5
9
7
9
5
12
13
5
13
10
11
4
10
4
13
8
11
8
19
15
12
22
8
18
34
17
7
9
11
8
13
9
13
6
3
5
25
8
15
25
6
9
7
9
14
11
30
18
7
10
13
9
9
6
7
12
14
9
6
9
10
11
7
10
18
21
8
7
10
23
9
12
3
6
6
12
7
28
10
7
5
7
9
14
16
6
13
30
13
28
13
9
9
9
13
14
6
19
12
3
4
10
6
5
22
9
9
6
16
28
10
22
9
8
6
10
7
13
8
14
12
8
33
11
11
17
26
6
17
9
4
10
12
6
12
13
13
15
10
20
9
7
12
13
9
7
14
9
11
13
24
11
16
7
10
13
27
31
8
14
5
13
6
11
4
10
14
14
16
36
11
26
15
3
26
4
3
10
5
9
10
7
24
5
4
18
14
25
9
10
6
4
11
10
9
8
12
9
11
5
12
10
17
10
8
18
19
15
3
11
9
10
5
15
8
3
13
8
23
9
12
9
11
3
6
3
5
21
7
4
18
4
15
3
8
6
11
25
9
6
18
11
11
18
13
15
9
11
15
11
19
10
8
10
5
8
15
12
11
17
7
3
10
10
6
13
15
18
7
8
6
10
23
12
5
21
23
3
21
11
4
15
27
5
3
6
16
11
6
7
16
16
10
8
7
16
4
12
9
3
8
8
11
9
10
3
10
8
8
3
11
17
17
4
5
9
10
11
7
11
7
11
14
12
5
11
15
25
21
7
16
32
5
13
10
8
12
7
6
14
7
4
8
18
22
17
7
18
5
5
5
21
13
5
21
32
16
10
8
10
17
14
9
9
8
10
20
15
5
10
7
12
8
4
5
5
5
10
23
3
7
16
10
5
6
4
11
10
19
10
27
5
8
13
12
8
27
7
14
15
8
4
3
6
13
6
14
6
14
5
9
4
16
7
10
10
7
6
4
7
4
5
7
4
31
11
5
5
8
6
8
12
10
4
4
4
10
18
17
7
12
25
13
11
14
12
8
8
13
21
7
16
11
19
12
13
8
7
4
16
3
16
7
4
2
8
26
7
18
12
7
7
15
5
5
14
18
9
12
10
7
9
12
13
5
4
15
12
7
15
14
4
12
12
10
8
13
13
17
5
5
6
28
