34
10
8
9
5
4
8
8
21
14
12
12
6
8
15
9
12
5
9
22
6
16
10
11
6
7
13
26
17
8
11
16
6
16
12
6
25
15
11
3
10
11
21
5
12
11
17
21
13
14
7
13
4
11
10
16
15
10
32
20
10
5
8
12
13
18
12
22
12
24
21
15
16
25
11
11
9
5
11
4
5
11
11
14
9
7
6
30
21
14
7
11
25
10
14
13
5
5
4
7
24
19
8
5
19
13
12
16
17
8
17
13
12
7
11
14
12
14
10
31
13
28
15
12
6
9
15
10
8
7
13
10
10
19
17
15
13
8
18
8
26
12
22
22
17
13
8
8
9
21
6
3
7
13
28
6
23
9
17
10
5
12
6
7
9
14
8
23
25
27
27
33
12
15
4
14
13
20
28
10
6
6
9
15
19
5
13
8
8
25
10
7
3
16
15
24
7
15
5
4
9
9
12
7
17
8
11
18
14
20
14
23
25
15
18
16
7
13
12
23
5
14
18
9
10
9
8
13
15
20
16
6
20
16
21
8
11
14
16
7
8
10
5
23
6
10
11
11
17
14
16
13
15
8
18
4
20
10
25
18
20
9
12
9
15
12
14
12
16
12
21
9
10
5
11
11
17
7
7
13
11
16
35
15
27
16
13
23
13
11
7
7
19
12
7
8
4
34
19
9
25
16
14
9
6
9
22
5
17
10
8
11
26
6
15
11
8
25
9
13
7
12
11
13
9
15
5
5
27
10
18
13
5
23
15
13
27
16
5
15
11
18
13
23
9
15
11
28
9
17
32
7
7
18
16
17
38
13
34
5
25
18
19
19
17
29
7
10
26
16
19
17
5
14
6
25
25
12
12
5
33
7
16
6
8
8
12
10
13
14
9
9
8
9
6
25
8
12
8
3
10
21
5
11
12
23
19
11
10
5
8
21
11
7
12
8
31
6
10
14
10
16
11
5
9
11
10
17
27
19
15
16
5
16
13
19
20
11
3
10
8
26
11
26
14
8
5
20
19
8
17
10
39
9
13
9
16
34
10
27
5
25
13
11
5
20
21
11
15
10
6
11
11
6
4
6
27
8
19
11
18
7
9
11
19
12
24
13
6
6
8
23
5
6
10
11
6
15
15
5
13
8
17
13
8
14
18
3
7
4
7
7
18
10
15
15
14
5
13
7
12
6
10
14
3
11
11
12
4
24
7
10
13
10
13
11
14
9
7
12
9
3
15
7
12
17
33
6
13
24
40
21
14
15
7
10
8
15
9
5
7
16
7
20
4
16
11
8
21
25
18
9
7
5
12
17
6
35
26
9
22
10
10
4
7
4
5
8
12
8
12
7
14
7
10
3
8
12
12
12
7
16
8
7
34
4
13
8
4
10
32
15
7
10
8
20
13
17
13
15
18
6
6
4
6
14
7
13
10
6
6
9
10
7
7
13
7
6
13
14
27
14
13
12
5
15
4
11
8
13
17
25
9
7
6
9
3
6
7
11
10
17
18
27
12
19
8
10
19
10
4
16
17
9
16
8
9
13
9
11
10
14
7
5
14
17
3
10
5
10
6
17
3
3
8
28
10
11
11
3
6
16
15
3
12
20
12
3
3
12
5
23
8
6
5
9
15
7
15
14
6
8
30
16
5
13
29
8
14
11
17
7
11
4
9
24
4
25
6
11
4
3
3
32
14
4
15
17
8
31
27
14
9
30
14
8
28
14
7
9
14
6
15
16
15
43
7
4
15
10
16
6
11
9
3
9
5
7
22
4
14
3
14
12
10
3
11
36
10
9
6
18
7
8
8
10
15
14
28
19
14
4
6
12
8
8
7
30
12
7
12
17
5
9
5
15
14
10
25
4
7
9
17
7
34
21
11
7
13
16
11
4
10
10
19
15
15
14
4
21
3
13
6
7
12
16
11
7
3
3
18
11
24
15
6
6
11
9
8
9
9
11
5
6
19
18
23
11
23
10
8
8
8
24
6
6
10
26
18
24
18
3
10
9
25
17
9
4
3
6
4
12
8
5
11
6
8
8
18
10
6
11
3
5
24
10
12
3
13
8
6
11
8
12
16
6
8
6
3
11
11
10
14
9
14
17
6
12
20
16
5
16
23
6
16
11
10
8
18
7
3
14
7
12
11
4
11
7
9
6
12
13
5
14
10
12
5
10
5
13
8
12
9
20
15
12
23
8
18
35
17
5
11
12
8
14
9
13
6
3
5
25
8
16
25
6
9
9
9
16
12
30
18
7
10
13
9
10
6
7
13
15
10
6
10
13
12
7
10
18
21
8
7
11
26
9
14
13
4
6
6
12
7
28
11
5
5
8
9
14
16
6
14
32
13
28
13
9
9
9
12
16
6
19
12
3
4
11
7
7
24
10
9
6
16
28
11
23
9
8
6
10
7
11
8
13
12
9
32
12
12
17
26
7
17
9
4
8
14
7
13
15
15
17
11
20
8
9
13
13
9
7
14
9
11
15
24
12
16
8
10
13
28
33
9
14
3
11
7
12
6
12
8
10
14
14
16
36
12
26
16
4
26
4
3
11
5
8
10
7
25
18
7
5
18
15
25
10
10
6
6
12
10
11
8
12
10
13
5
12
10
17
13
8
20
19
15
3
10
9
10
5
17
8
4
13
9
23
10
13
9
12
4
6
3
5
21
13
7
4
22
24
4
15
3
9
6
12
25
8
7
17
11
11
18
14
16
10
11
19
11
20
9
9
10
6
9
15
12
11
17
7
3
10
10
6
14
15
19
7
8
6
10
26
12
5
21
7
23
3
21
11
5
7
15
27
5
3
6
16
11
6
7
16
15
10
7
12
16
7
4
13
9
10
3
7
8
11
9
10
3
10
8
9
6
4
11
18
18
4
6
12
10
10
7
12
6
12
10
12
13
6
12
6
15
25
23
7
16
32
5
13
10
8
12
9
6
14
8
5
32
29
19
25
17
7
18
6
4
6
21
12
5
21
33
16
10
8
11
17
14
9
9
13
8
9
6
20
14
5
9
9
12
8
4
5
4
5
10
26
5
8
16
10
5
6
4
11
11
10
19
9
13
27
6
8
13
13
9
27
7
15
15
9
4
3
6
13
9
12
14
6
14
6
9
6
16
7
10
10
7
8
6
7
8
8
3
7
7
4
31
11
4
5
7
6
8
12
14
4
5
7
10
18
17
7
14
25
15
11
16
11
8
11
13
21
7
16
11
20
12
15
8
7
17
3
16
3
16
7
4
3
8
18
26
14
7
18
12
7
7
15
5
5
14
18
5
9
12
10
8
10
12
12
5
4
15
23
12
7
15
14
4
12
12
10
8
13
14
3
3
18
9
5
6
28
1
1
1
